<?xml version="1.0" encoding="utf-8"?>
<COLLADA xmlns="http://www.collada.org/2005/11/COLLADASchema" version="1.4.1">
  <asset><contributor><author>Mixamo</author><authoring_tool>COLLADA Mixamo exporter</authoring_tool><comments></comments></contributor><created>2018-12-17T16:35:32Z</created><modified>2018-12-17T16:35:32Z</modified><revision></revision><title></title><unit meter="0.010000"/><up_axis>Y_UP</up_axis></asset>
  <library_animations>
    <animation id="Hips-anim" name="Hips"><source id="Hips-Matrix-animation-input"><float_array id="Hips-Matrix-animation-input-array" count="37">

0.000000 0.033333 0.066667 0.100000 0.133333 0.166667 0.200000 0.233333 0.266667 0.300000 0.333333 0.366667 0.400000 0.433333 0.466667 0.500000
0.533333 0.566667 0.600000 0.633333 0.666667 0.700000 0.733333 0.766667 0.800000 0.833333 0.866667 0.900000 0.933333 0.966667 1.000000 1.033333
1.066667 1.100000 1.133333 1.166667 1.200000</float_array><technique_common><accessor source="#Hips-Matrix-animation-input-array" count="37"><param name="TIME" type="float"/></accessor></technique_common></source><source id="Hips-Matrix-animation-output-transform"><float_array id="Hips-Matrix-animation-output-transform-array" count="592">

0.940266 0.029545 0.339155 -0.020971 0.032255 0.984014 -0.175144 82.668503 -0.338908 0.175621 0.924283 -0.458426 0.000000 0.000000 0.000000 1.000000
0.903328 0.040451 0.427038 -0.311904 0.040352 0.983115 -0.178483 82.262093 -0.427047 0.178461 0.886444 -1.445756 0.000000 0.000000 0.000000 1.000000
0.857844 0.049437 0.511526 -0.565317 0.047589 0.983444 -0.174854 81.991966 -0.511702 0.174340 0.841289 -2.202598 0.000000 0.000000 0.000000 1.000000
0.801277 0.058549 0.595422 -0.631722 0.041662 0.987324 -0.153151 81.990349 -0.596841 0.147523 0.788681 -2.354076 0.000000 0.000000 0.000000 1.000000
0.737766 0.062415 0.672165 -0.418168 0.029649 0.991760 -0.124634 82.050171 -0.674405 0.111880 0.729836 -2.261709 0.000000 0.000000 0.000000 1.000000
0.676259 0.058642 0.734326 -0.001225 0.018461 0.995164 -0.096474 82.101662 -0.736432 0.078798 0.671907 -1.952170 0.000000 0.000000 0.000000 1.000000
0.619759 0.051240 0.783117 0.534298 0.011298 0.997180 -0.074188 82.113113 -0.784711 0.054826 0.617433 -1.426988 0.000000 0.000000 0.000000 1.000000
0.570986 0.045271 0.819711 1.152848 0.004049 0.998311 -0.057955 82.160393 -0.820950 0.036410 0.569838 -0.803730 0.000000 0.000000 0.000000 1.000000
0.536396 0.039572 0.843038 1.782367 -0.003154 0.998987 -0.044885 82.191292 -0.843960 0.021417 0.535978 -0.084555 0.000000 0.000000 0.000000 1.000000
0.520096 0.036886 0.853311 2.333402 -0.009027 0.999249 -0.037692 82.185577 -0.854060 0.011900 0.520038 0.649996 0.000000 0.000000 0.000000 1.000000
0.527582 0.039353 0.848592 2.719517 -0.013383 0.999187 -0.038016 82.227623 -0.849398 0.008700 0.527680 1.319157 0.000000 0.000000 0.000000 1.000000
0.559296 0.043484 0.827827 2.914101 -0.016137 0.999005 -0.041573 82.335434 -0.828811 0.009893 0.559441 1.859924 0.000000 0.000000 0.000000 1.000000
0.610785 0.046368 0.790438 2.921688 -0.016994 0.998822 -0.045461 82.476479 -0.791614 0.014334 0.610853 2.291648 0.000000 0.000000 0.000000 1.000000
0.686197 0.048298 0.725811 2.826362 -0.019474 0.998655 -0.048043 82.601456 -0.727155 0.018833 0.686215 2.677153 0.000000 0.000000 0.000000 1.000000
0.768232 0.048475 0.638334 2.607652 -0.021783 0.998531 -0.049612 82.735596 -0.639801 0.024209 0.768159 2.928848 0.000000 0.000000 0.000000 1.000000
0.857858 0.038236 0.512462 2.314225 -0.017025 0.998795 -0.046024 82.808311 -0.513604 0.030757 0.857476 3.100603 0.000000 0.000000 0.000000 1.000000
0.941754 0.016519 0.335898 2.108123 -0.004783 0.999350 -0.035734 82.995872 -0.336270 0.032046 0.941220 3.183316 0.000000 0.000000 0.000000 1.000000
0.993255 -0.007148 0.115732 2.057237 0.010135 0.999630 -0.025243 83.112160 -0.115509 0.026245 0.992960 3.209831 0.000000 0.000000 0.000000 1.000000
0.994496 -0.020903 -0.102667 2.078547 0.018441 0.999521 -0.024872 82.832275 0.103138 0.022842 0.994405 3.107124 0.000000 0.000000 0.000000 1.000000
0.963786 -0.023756 -0.265615 1.967321 0.014499 0.999219 -0.036759 82.359772 0.266281 0.031577 0.963378 2.783505 0.000000 0.000000 0.000000 1.000000
0.937917 -0.016859 -0.346451 1.810581 -0.001569 0.998602 -0.052843 81.919952 0.346857 0.050106 0.936579 2.242221 0.000000 0.000000 0.000000 1.000000
0.933918 -0.007665 -0.357404 1.734718 -0.016443 0.997791 -0.064366 81.715668 0.357108 0.065989 0.931729 1.791781 0.000000 0.000000 0.000000 1.000000
0.938401 -0.003329 -0.345534 1.775835 -0.022983 0.997138 -0.072025 81.726135 0.344784 0.075529 0.935638 1.614028 0.000000 0.000000 0.000000 1.000000
0.935462 -0.009222 -0.353307 1.899320 -0.021597 0.996300 -0.083189 81.843246 0.352767 0.085451 0.931801 1.813046 0.000000 0.000000 0.000000 1.000000
0.925627 -0.024706 -0.377630 1.955985 -0.013324 0.995120 -0.097764 82.019669 0.378203 0.095525 0.920781 2.290112 0.000000 0.000000 0.000000 1.000000
0.926786 -0.038306 -0.373631 1.865039 -0.003608 0.993832 -0.110841 82.191116 0.375573 0.104074 0.920931 2.669488 0.000000 0.000000 0.000000 1.000000
0.938902 -0.044666 -0.341273 1.606262 0.002760 0.992489 -0.122306 82.323273 0.344173 0.113891 0.931973 2.910760 0.000000 0.000000 0.000000 1.000000
0.958295 -0.042567 -0.282594 1.249238 0.005595 0.991450 -0.130370 82.463882 0.285727 0.123352 0.950339 3.030880 0.000000 0.000000 0.000000 1.000000
0.977372 -0.035672 -0.208497 0.879717 0.007195 0.990714 -0.135772 82.707245 0.211404 0.131200 0.968553 3.107961 0.000000 0.000000 0.000000 1.000000
0.991195 -0.028219 -0.129369 0.561713 0.009866 0.990050 -0.140372 83.023788 0.132043 0.137860 0.981611 3.177835 0.000000 0.000000 0.000000 1.000000
0.998346 -0.021522 -0.053315 0.335332 0.013609 0.989402 -0.144561 83.319687 0.055861 0.143597 0.988058 3.196326 0.000000 0.000000 0.000000 1.000000
0.999743 -0.013599 0.018118 0.218614 0.016126 0.988919 -0.147581 83.472748 -0.015910 0.147835 0.988884 3.035123 0.000000 0.000000 0.000000 1.000000
0.995819 -0.004338 0.091244 0.174955 0.018099 0.988438 -0.150540 83.468948 -0.089536 0.151562 0.984384 2.580755 0.000000 0.000000 0.000000 1.000000
0.985762 0.006287 0.168031 0.162606 0.020087 0.987742 -0.154798 83.347176 -0.166945 0.155969 0.973552 1.853031 0.000000 0.000000 0.000000 1.000000
0.969316 0.016772 0.245244 0.161114 0.024012 0.986438 -0.162366 83.182190 -0.244641 0.163273 0.955768 0.973602 0.000000 0.000000 0.000000 1.000000
0.953261 0.024549 0.301149 0.089034 0.028227 0.985099 -0.169655 82.958885 -0.300826 0.170226 0.938364 0.202372 0.000000 0.000000 0.000000 1.000000
0.940266 0.029545 0.339155 -0.020969 0.032255 0.984014 -0.175143 82.668503 -0.338908 0.175621 0.924283 -0.458423 0.000000 0.000000 0.000000 1.000000</float_array><technique_common><accessor source="#Hips-Matrix-animation-output-transform-array" count="37" stride="16"><param type="float4x4"/></accessor></technique_common></source><source id="Hips-Interpolations"><Name_array id="Hips-Interpolations-array" count="37">
 LINEAR LINEAR LINEAR LINEAR LINEAR LINEAR LINEAR LINEAR LINEAR LINEAR LINEAR
LINEAR LINEAR LINEAR LINEAR LINEAR LINEAR LINEAR LINEAR LINEAR LINEAR LINEAR LINEAR
LINEAR LINEAR LINEAR LINEAR LINEAR LINEAR LINEAR LINEAR LINEAR LINEAR LINEAR LINEAR
LINEAR LINEAR</Name_array><technique_common><accessor source="#Hips-Interpolations-array" count="37"><param type="name"/></accessor></technique_common></source><sampler id="Hips-Matrix-animation-transform"><input semantic="INPUT" source="#Hips-Matrix-animation-input"/><input semantic="OUTPUT" source="#Hips-Matrix-animation-output-transform"/><input semantic="INTERPOLATION" source="#Hips-Interpolations"/></sampler><channel source="#Hips-Matrix-animation-transform" target="Hips/matrix"/></animation>
    <animation id="Spine-anim" name="Spine"><source id="Spine-Matrix-animation-input"><float_array id="Spine-Matrix-animation-input-array" count="37">

0.000000 0.033333 0.066667 0.100000 0.133333 0.166667 0.200000 0.233333 0.266667 0.300000 0.333333 0.366667 0.400000 0.433333 0.466667 0.500000
0.533333 0.566667 0.600000 0.633333 0.666667 0.700000 0.733333 0.766667 0.800000 0.833333 0.866667 0.900000 0.933333 0.966667 1.000000 1.033333
1.066667 1.100000 1.133333 1.166667 1.200000</float_array><technique_common><accessor source="#Spine-Matrix-animation-input-array" count="37"><param name="TIME" type="float"/></accessor></technique_common></source><source id="Spine-Matrix-animation-output-transform"><float_array id="Spine-Matrix-animation-output-transform-array" count="592">

0.999904 0.007887 -0.011359 0.017300 -0.008305 0.999273 -0.037217 10.574800 0.011057 0.037308 0.999243 -1.117200 0.000000 0.000000 0.000000 1.000000
0.999965 0.000331 -0.008406 0.017300 -0.000669 0.999190 -0.040248 10.574800 0.008386 0.040252 0.999154 -1.117200 0.000000 0.000000 0.000000 1.000000
0.999957 -0.007090 -0.005904 0.017300 0.006841 0.999127 -0.041202 10.574800 0.006191 0.041160 0.999133 -1.117200 0.000000 0.000000 0.000000 1.000000
0.999885 -0.015177 0.000300 0.017300 0.015177 0.999105 -0.039494 10.574800 0.000300 0.039494 0.999220 -1.117200 0.000000 0.000000 0.000000 1.000000
0.999694 -0.023684 0.007156 0.017300 0.023927 0.999065 -0.036008 10.574800 -0.006297 0.036168 0.999326 -1.117200 0.000000 0.000000 0.000000 1.000000
0.999548 -0.027133 0.012952 0.017300 0.027541 0.999092 -0.032494 10.574800 -0.012058 0.032836 0.999388 -1.117200 0.000000 0.000000 0.000000 1.000000
0.999561 -0.023957 0.017450 0.017300 0.024460 0.999273 -0.029240 10.574800 -0.016737 0.029654 0.999420 -1.117200 0.000000 0.000000 0.000000 1.000000
0.999640 -0.016269 0.021327 0.017300 0.016830 0.999510 -0.026383 10.574800 -0.020887 0.026732 0.999424 -1.117200 0.000000 0.000000 0.000000 1.000000
0.999680 -0.005959 0.024602 0.017300 0.006553 0.999687 -0.024126 10.574800 -0.024451 0.024279 0.999406 -1.117200 0.000000 0.000000 0.000000 1.000000
0.999604 0.005127 0.027666 0.017300 -0.004504 0.999737 -0.022506 10.574800 -0.027775 0.022373 0.999364 -1.117200 0.000000 0.000000 0.000000 1.000000
0.999381 0.015915 0.031381 0.017300 -0.015257 0.999661 -0.021089 10.574800 -0.031706 0.020597 0.999285 -1.117200 0.000000 0.000000 0.000000 1.000000
0.999087 0.024445 0.035028 0.017300 -0.023768 0.999525 -0.019618 10.574800 -0.035491 0.018767 0.999194 -1.117200 0.000000 0.000000 0.000000 1.000000
0.998826 0.030893 0.037315 0.017300 -0.030237 0.999380 -0.018020 10.574800 -0.037848 0.016871 0.999141 -1.117200 0.000000 0.000000 0.000000 1.000000
0.998690 0.035224 0.037121 0.017300 -0.034670 0.999279 -0.015479 10.574800 -0.037639 0.014172 0.999191 -1.117200 0.000000 0.000000 0.000000 1.000000
0.998698 0.035814 0.036327 0.017300 -0.035370 0.999293 -0.012774 10.574800 -0.036759 0.011473 0.999258 -1.117200 0.000000 0.000000 0.000000 1.000000
0.998629 0.038398 0.035572 0.017300 -0.038028 0.999216 -0.011009 10.574800 -0.035966 0.009641 0.999306 -1.117200 0.000000 0.000000 0.000000 1.000000
0.998352 0.045742 0.034641 0.017300 -0.045432 0.998920 -0.009687 10.574800 -0.035046 0.008097 0.999353 -1.117200 0.000000 0.000000 0.000000 1.000000
0.997956 0.055100 0.032371 0.017300 -0.054864 0.998461 -0.008144 10.574800 -0.032770 0.006351 0.999443 -1.117200 0.000000 0.000000 0.000000 1.000000
0.997912 0.060095 0.023662 0.017300 -0.059926 0.998172 -0.007803 10.574800 -0.024088 0.006369 0.999690 -1.117200 0.000000 0.000000 0.000000 1.000000
0.998107 0.061295 0.005038 0.017300 -0.061244 0.998077 -0.009577 10.574800 -0.005615 0.009251 0.999941 -1.117200 0.000000 0.000000 0.000000 1.000000
0.998058 0.059124 -0.019633 0.017300 -0.059395 0.998143 -0.013505 10.574800 0.018798 0.014645 0.999716 -1.117200 0.000000 0.000000 0.000000 1.000000
0.997587 0.056475 -0.040378 0.017300 -0.057249 0.998193 -0.018274 10.574800 0.039273 0.020542 0.999017 -1.117200 0.000000 0.000000 0.000000 1.000000
0.997213 0.053369 -0.052140 0.017300 -0.054583 0.998264 -0.022142 10.574800 0.050868 0.024926 0.998394 -1.117200 0.000000 0.000000 0.000000 1.000000
0.997038 0.051084 -0.057499 0.017300 -0.052539 0.998329 -0.024070 10.574800 0.056173 0.027020 0.998055 -1.117200 0.000000 0.000000 0.000000 1.000000
0.996994 0.052395 -0.057085 0.017300 -0.053812 0.998273 -0.023581 10.574800 0.055751 0.026582 0.998091 -1.117200 0.000000 0.000000 0.000000 1.000000
0.997274 0.051608 -0.052729 0.017300 -0.052884 0.998334 -0.023091 10.574800 0.051450 0.025817 0.998342 -1.117200 0.000000 0.000000 0.000000 1.000000
0.997725 0.047863 -0.047479 0.017300 -0.049011 0.998526 -0.023314 10.574800 0.046293 0.025588 0.998600 -1.117200 0.000000 0.000000 0.000000 1.000000
0.998234 0.041305 -0.042689 0.017300 -0.042374 0.998802 -0.024458 10.574800 0.041627 0.026224 0.998789 -1.117200 0.000000 0.000000 0.000000 1.000000
0.998713 0.034085 -0.037568 0.017300 -0.035066 0.999053 -0.025762 10.574800 0.036654 0.027046 0.998962 -1.117200 0.000000 0.000000 0.000000 1.000000
0.999085 0.028568 -0.031814 0.017300 -0.029410 0.999221 -0.026311 10.574800 0.031038 0.027223 0.999147 -1.117200 0.000000 0.000000 0.000000 1.000000
0.999326 0.025760 -0.026166 0.017300 -0.026445 0.999308 -0.026168 10.574800 0.025473 0.026842 0.999315 -1.117200 0.000000 0.000000 0.000000 1.000000
0.999489 0.023261 -0.021922 0.017300 -0.023832 0.999373 -0.026173 10.574800 0.021300 0.026682 0.999417 -1.117200 0.000000 0.000000 0.000000 1.000000
0.999594 0.020312 -0.019964 0.017300 -0.020851 0.999414 -0.027150 10.574800 0.019401 0.027556 0.999432 -1.117200 0.000000 0.000000 0.000000 1.000000
0.999677 0.016194 -0.019610 0.017300 -0.016767 0.999427 -0.029413 10.574800 0.019123 0.029733 0.999375 -1.117200 0.000000 0.000000 0.000000 1.000000
0.999760 0.011669 -0.018546 0.017300 -0.012262 0.999406 -0.032192 10.574800 0.018159 0.032412 0.999310 -1.117200 0.000000 0.000000 0.000000 1.000000
0.999834 0.008914 -0.015862 0.017300 -0.009466 0.999339 -0.035089 10.574800 0.015539 0.035234 0.999258 -1.117200 0.000000 0.000000 0.000000 1.000000
0.999900 0.007206 -0.012181 0.017300 -0.007660 0.999261 -0.037654 10.574800 0.011900 0.037743 0.999217 -1.117200 0.000000 0.000000 0.000000 1.000000</float_array><technique_common><accessor source="#Spine-Matrix-animation-output-transform-array" count="37" stride="16"><param type="float4x4"/></accessor></technique_common></source><source id="Spine-Interpolations"><Name_array id="Spine-Interpolations-array" count="37">
 LINEAR LINEAR LINEAR LINEAR LINEAR LINEAR LINEAR LINEAR LINEAR LINEAR LINEAR
LINEAR LINEAR LINEAR LINEAR LINEAR LINEAR LINEAR LINEAR LINEAR LINEAR LINEAR LINEAR
LINEAR LINEAR LINEAR LINEAR LINEAR LINEAR LINEAR LINEAR LINEAR LINEAR LINEAR LINEAR
LINEAR LINEAR</Name_array><technique_common><accessor source="#Spine-Interpolations-array" count="37"><param type="name"/></accessor></technique_common></source><sampler id="Spine-Matrix-animation-transform"><input semantic="INPUT" source="#Spine-Matrix-animation-input"/><input semantic="OUTPUT" source="#Spine-Matrix-animation-output-transform"/><input semantic="INTERPOLATION" source="#Spine-Interpolations"/></sampler><channel source="#Spine-Matrix-animation-transform" target="Spine/matrix"/></animation>
    <animation id="Spine1-anim" name="Spine1"><source id="Spine1-Matrix-animation-input"><float_array id="Spine1-Matrix-animation-input-array" count="37">

0.000000 0.033333 0.066667 0.100000 0.133333 0.166667 0.200000 0.233333 0.266667 0.300000 0.333333 0.366667 0.400000 0.433333 0.466667 0.500000
0.533333 0.566667 0.600000 0.633333 0.666667 0.700000 0.733333 0.766667 0.800000 0.833333 0.866667 0.900000 0.933333 0.966667 1.000000 1.033333
1.066667 1.100000 1.133333 1.166667 1.200000</float_array><technique_common><accessor source="#Spine1-Matrix-animation-input-array" count="37"><param name="TIME" type="float"/></accessor></technique_common></source><source id="Spine1-Matrix-animation-output-transform"><float_array id="Spine1-Matrix-animation-output-transform-array" count="592">

0.999444 0.001020 -0.033318 0.019000 -0.003304 0.997639 -0.068592 12.337300 0.033169 0.068664 0.997088 -1.303400 0.000000 0.000000 0.000000 1.000000
0.999561 -0.001799 -0.029585 0.019000 -0.000384 0.997289 -0.073587 12.337300 0.029637 0.073566 0.996850 -1.303400 0.000000 0.000000 0.000000 1.000000
0.999729 -0.004457 -0.022863 0.019000 0.002703 0.997090 -0.076184 12.337300 0.023136 0.076101 0.996832 -1.303400 0.000000 0.000000 0.000000 1.000000
0.999940 -0.005593 -0.009378 0.019000 0.004886 0.997269 -0.073696 12.337300 0.009765 0.073646 0.997237 -1.303400 0.000000 0.000000 0.000000 1.000000
0.999950 -0.007481 0.006561 0.019000 0.007914 0.997608 -0.068668 12.337300 -0.006031 0.068716 0.997618 -1.303400 0.000000 0.000000 0.000000 1.000000
0.999761 -0.005568 0.021147 0.019000 0.006913 0.997920 -0.064087 12.337300 -0.020746 0.064218 0.997720 -1.303400 0.000000 0.000000 0.000000 1.000000
0.999450 0.001762 0.033121 0.019000 0.000220 0.998214 -0.059746 12.337300 -0.033168 0.059720 0.997664 -1.303400 0.000000 0.000000 0.000000 1.000000
0.999017 0.011362 0.042846 0.019000 -0.008983 0.998428 -0.055326 12.337300 -0.043407 0.054887 0.997549 -1.303400 0.000000 0.000000 0.000000 1.000000
0.998517 0.020938 0.050247 0.019000 -0.018340 0.998499 -0.051617 12.337300 -0.051253 0.050619 0.997402 -1.303400 0.000000 0.000000 0.000000 1.000000
0.997944 0.031188 0.055991 0.019000 -0.028467 0.998404 -0.048766 12.337300 -0.057423 0.047072 0.997240 -1.303400 0.000000 0.000000 0.000000 1.000000
0.997138 0.042701 0.062397 0.019000 -0.039861 0.998142 -0.046073 12.337300 -0.064249 0.043453 0.996987 -1.303400 0.000000 0.000000 0.000000 1.000000
0.996152 0.053861 0.069138 0.019000 -0.050935 0.997758 -0.043421 12.337300 -0.071322 0.039733 0.996662 -1.303400 0.000000 0.000000 0.000000 1.000000
0.995339 0.062449 0.073483 0.019000 -0.059590 0.997402 -0.040476 12.337300 -0.075820 0.035909 0.996475 -1.303400 0.000000 0.000000 0.000000 1.000000
0.994973 0.068274 0.073262 0.019000 -0.065768 0.997182 -0.036093 12.337300 -0.075520 0.031093 0.996659 -1.303400 0.000000 0.000000 0.000000 1.000000
0.994816 0.072085 0.071731 0.019000 -0.069975 0.997051 -0.031511 12.337300 -0.073791 0.026328 0.996926 -1.303400 0.000000 0.000000 0.000000 1.000000
0.994762 0.074673 0.069799 0.019000 -0.072879 0.996950 -0.027913 12.337300 -0.071670 0.022680 0.997170 -1.303400 0.000000 0.000000 0.000000 1.000000
0.995056 0.074244 0.065971 0.019000 -0.072752 0.997043 -0.024731 12.337300 -0.067612 0.019809 0.997515 -1.303400 0.000000 0.000000 0.000000 1.000000
0.996062 0.068105 0.056773 0.019000 -0.066979 0.997523 -0.021508 12.337300 -0.058097 0.017620 0.998155 -1.303400 0.000000 0.000000 0.000000 1.000000
0.997556 0.059471 0.036687 0.019000 -0.058723 0.998050 -0.021139 12.337300 -0.037872 0.018933 0.999103 -1.303400 0.000000 0.000000 0.000000 1.000000
0.998569 0.053486 0.000261 0.019000 -0.053462 0.998236 -0.025835 12.337300 -0.001642 0.025784 0.999666 -1.303400 0.000000 0.000000 0.000000 1.000000
0.997690 0.049602 -0.046411 0.019000 -0.051236 0.998083 -0.034712 12.337300 0.044600 0.037010 0.998319 -1.303400 0.000000 0.000000 0.000000 1.000000
0.995280 0.044634 -0.086176 0.019000 -0.048624 0.997813 -0.044768 12.337300 0.083990 0.048746 0.995274 -1.303400 0.000000 0.000000 0.000000 1.000000
0.993223 0.037567 -0.109985 0.019000 -0.043599 0.997644 -0.052961 12.337300 0.107736 0.057397 0.992521 -1.303400 0.000000 0.000000 0.000000 1.000000
0.992219 0.030598 -0.120684 0.019000 -0.037734 0.997644 -0.057301 12.337300 0.118647 0.061409 0.991036 -1.303400 0.000000 0.000000 0.000000 1.000000
0.992525 0.026114 -0.119213 0.019000 -0.033143 0.997803 -0.057363 12.337300 0.117453 0.060885 0.991210 -1.303400 0.000000 0.000000 0.000000 1.000000
0.993750 0.022001 -0.109436 0.019000 -0.028322 0.997998 -0.056542 12.337300 0.107973 0.059288 0.992384 -1.303400 0.000000 0.000000 0.000000 1.000000
0.995007 0.018563 -0.098067 0.019000 -0.024150 0.998133 -0.056101 12.337300 0.096842 0.058189 0.993597 -1.303400 0.000000 0.000000 0.000000 1.000000
0.995988 0.014957 -0.088225 0.019000 -0.020016 0.998188 -0.056750 12.337300 0.087216 0.058288 0.994483 -1.303400 0.000000 0.000000 0.000000 1.000000
0.996836 0.010754 -0.078755 0.019000 -0.015311 0.998228 -0.057494 12.337300 0.077997 0.058518 0.995235 -1.303400 0.000000 0.000000 0.000000 1.000000
0.997676 0.006655 -0.067810 0.019000 -0.010538 0.998315 -0.057064 12.337300 0.067316 0.057646 0.996065 -1.303400 0.000000 0.000000 0.000000 1.000000
0.998407 0.003868 -0.056298 0.019000 -0.007011 0.998421 -0.055733 12.337300 0.055993 0.056039 0.996857 -1.303400 0.000000 0.000000 0.000000 1.000000
0.998880 0.002068 -0.047272 0.019000 -0.004664 0.998482 -0.054875 12.337300 0.047087 0.055034 0.997374 -1.303400 0.000000 0.000000 0.000000 1.000000
0.999070 0.000836 -0.043109 0.019000 -0.003232 0.998451 -0.055536 12.337300 0.042996 0.055624 0.997526 -1.303400 0.000000 0.000000 0.000000 1.000000
0.999094 0.000083 -0.042558 0.019000 -0.002542 0.998329 -0.057726 12.337300 0.042482 0.057782 0.997425 -1.303400 0.000000 0.000000 0.000000 1.000000
0.999145 0.000215 -0.041333 0.019000 -0.002729 0.998148 -0.060771 12.337300 0.041243 0.060832 0.997296 -1.303400 0.000000 0.000000 0.000000 1.000000
0.999284 0.001023 -0.037834 0.019000 -0.003456 0.997924 -0.064310 12.337300 0.037690 0.064394 0.997213 -1.303400 0.000000 0.000000 0.000000 1.000000
0.999453 0.001830 -0.033021 0.019000 -0.004073 0.997678 -0.067990 12.337300 0.032820 0.068087 0.997139 -1.303400 0.000000 0.000000 0.000000 1.000000</float_array><technique_common><accessor source="#Spine1-Matrix-animation-output-transform-array" count="37" stride="16"><param type="float4x4"/></accessor></technique_common></source><source id="Spine1-Interpolations"><Name_array id="Spine1-Interpolations-array" count="37">
 LINEAR LINEAR LINEAR LINEAR LINEAR LINEAR LINEAR LINEAR LINEAR LINEAR LINEAR
LINEAR LINEAR LINEAR LINEAR LINEAR LINEAR LINEAR LINEAR LINEAR LINEAR LINEAR LINEAR
LINEAR LINEAR LINEAR LINEAR LINEAR LINEAR LINEAR LINEAR LINEAR LINEAR LINEAR LINEAR
LINEAR LINEAR</Name_array><technique_common><accessor source="#Spine1-Interpolations-array" count="37"><param type="name"/></accessor></technique_common></source><sampler id="Spine1-Matrix-animation-transform"><input semantic="INPUT" source="#Spine1-Matrix-animation-input"/><input semantic="OUTPUT" source="#Spine1-Matrix-animation-output-transform"/><input semantic="INTERPOLATION" source="#Spine1-Interpolations"/></sampler><channel source="#Spine1-Matrix-animation-transform" target="Spine1/matrix"/></animation>
    <animation id="Spine2-anim" name="Spine2"><source id="Spine2-Matrix-animation-input"><float_array id="Spine2-Matrix-animation-input-array" count="37">

0.000000 0.033333 0.066667 0.100000 0.133333 0.166667 0.200000 0.233333 0.266667 0.300000 0.333333 0.366667 0.400000 0.433333 0.466667 0.500000
0.533333 0.566667 0.600000 0.633333 0.666667 0.700000 0.733333 0.766667 0.800000 0.833333 0.866667 0.900000 0.933333 0.966667 1.000000 1.033333
1.066667 1.100000 1.133333 1.166667 1.200000</float_array><technique_common><accessor source="#Spine2-Matrix-animation-input-array" count="37"><param name="TIME" type="float"/></accessor></technique_common></source><source id="Spine2-Matrix-animation-output-transform"><float_array id="Spine2-Matrix-animation-output-transform-array" count="592">

0.999433 0.001290 -0.033650 0.021700 -0.003581 0.997671 -0.068118 14.099800 0.033484 0.068200 0.997110 -1.489600 0.000000 0.000000 0.000000 1.000000
0.999555 -0.001400 -0.029802 0.021700 -0.000789 0.997308 -0.073319 14.099800 0.029825 0.073310 0.996863 -1.489600 0.000000 0.000000 0.000000 1.000000
0.999733 -0.004171 -0.022742 0.021700 0.002427 0.997092 -0.076171 14.099800 0.022994 0.076096 0.996835 -1.489600 0.000000 0.000000 0.000000 1.000000
0.999944 -0.005445 -0.009020 0.021700 0.004765 0.997264 -0.073772 14.099800 0.009397 0.073724 0.997234 -1.489600 0.000000 0.000000 0.000000 1.000000
0.999947 -0.007447 0.007093 0.021700 0.007916 0.997607 -0.068690 14.099800 -0.006564 0.068743 0.997613 -1.489600 0.000000 0.000000 0.000000 1.000000
0.999748 -0.005563 0.021744 0.021700 0.006944 0.997929 -0.063955 14.099800 -0.021343 0.064090 0.997716 -1.489600 0.000000 0.000000 0.000000 1.000000
0.999431 0.001809 0.033673 0.021700 0.000197 0.998229 -0.059483 14.099800 -0.033721 0.059456 0.997661 -1.489600 0.000000 0.000000 0.000000 1.000000
0.998999 0.011469 0.043237 0.021700 -0.009082 0.998445 -0.055000 14.099800 -0.043801 0.054553 0.997550 -1.489600 0.000000 0.000000 0.000000 1.000000
0.998504 0.021091 0.050453 0.021700 -0.018499 0.998512 -0.051294 14.099800 -0.051459 0.050284 0.997408 -1.489600 0.000000 0.000000 0.000000 1.000000
0.997936 0.031364 0.056028 0.021700 -0.028657 0.998413 -0.048481 14.099800 -0.057460 0.046775 0.997251 -1.489600 0.000000 0.000000 0.000000 1.000000
0.997136 0.042889 0.062296 0.021700 -0.040070 0.998146 -0.045816 14.099800 -0.064146 0.043189 0.997006 -1.489600 0.000000 0.000000 0.000000 1.000000
0.996155 0.054065 0.068936 0.021700 -0.051164 0.997756 -0.043177 14.099800 -0.071116 0.039484 0.996686 -1.489600 0.000000 0.000000 0.000000 1.000000
0.995346 0.062656 0.073212 0.021700 -0.059825 0.997397 -0.040243 14.099800 -0.075543 0.035676 0.996504 -1.489600 0.000000 0.000000 0.000000 1.000000
0.994982 0.068507 0.072923 0.021700 -0.066034 0.997175 -0.035809 14.099800 -0.075170 0.030814 0.996694 -1.489600 0.000000 0.000000 0.000000 1.000000
0.994824 0.072338 0.071355 0.021700 -0.070271 0.997044 -0.031072 14.099800 -0.073392 0.025897 0.996967 -1.489600 0.000000 0.000000 0.000000 1.000000
0.994775 0.074857 0.069414 0.021700 -0.073111 0.996948 -0.027365 14.099800 -0.071250 0.022147 0.997213 -1.489600 0.000000 0.000000 0.000000 1.000000
0.995076 0.074309 0.065583 0.021700 -0.072850 0.997045 -0.024369 14.099800 -0.067200 0.019471 0.997550 -1.489600 0.000000 0.000000 0.000000 1.000000
0.996085 0.068105 0.056356 0.021700 -0.066990 0.997523 -0.021456 14.099800 -0.057677 0.017597 0.998180 -1.489600 0.000000 0.000000 0.000000 1.000000
0.997577 0.059418 0.036201 0.021700 -0.058677 0.998052 -0.021191 14.099800 -0.037389 0.019016 0.999120 -1.489600 0.000000 0.000000 0.000000 1.000000
0.998575 0.053364 -0.000307 0.021700 -0.053354 0.998245 -0.025703 14.099800 -0.001065 0.025683 0.999670 -1.489600 0.000000 0.000000 0.000000 1.000000
0.997675 0.049293 -0.047067 0.021700 -0.050931 0.998114 -0.034258 14.099800 0.045290 0.036575 0.998304 -1.489600 0.000000 0.000000 0.000000 1.000000
0.995241 0.044138 -0.086878 0.021700 -0.048107 0.997867 -0.044133 14.099800 0.084744 0.048102 0.995241 -1.489600 0.000000 0.000000 0.000000 1.000000
0.993167 0.036934 -0.110701 0.021700 -0.042923 0.997713 -0.052207 14.099800 0.108519 0.056602 0.992482 -1.489600 0.000000 0.000000 0.000000 1.000000
0.992157 0.029862 -0.121380 0.021700 -0.036938 0.997721 -0.056464 14.099800 0.119418 0.060504 0.990999 -1.489600 0.000000 0.000000 0.000000 1.000000
0.992464 0.025306 -0.119891 0.021700 -0.032270 0.997880 -0.056510 14.099800 0.118207 0.059953 0.991177 -1.489600 0.000000 0.000000 0.000000 1.000000
0.993697 0.021234 -0.110066 0.021700 -0.027499 0.998067 -0.055723 14.099800 0.108670 0.058399 0.992361 -1.489600 0.000000 0.000000 0.000000 1.000000
0.994962 0.017899 -0.098646 0.021700 -0.023444 0.998192 -0.055342 14.099800 0.097477 0.057376 0.993583 -1.489600 0.000000 0.000000 0.000000 1.000000
0.995950 0.014414 -0.088746 0.021700 -0.019444 0.998237 -0.056080 14.099800 0.087781 0.057578 0.994474 -1.489600 0.000000 0.000000 0.000000 1.000000
0.996805 0.010333 -0.079200 0.021700 -0.014871 0.998268 -0.056925 14.099800 0.078475 0.057921 0.995232 -1.489600 0.000000 0.000000 0.000000 1.000000
0.997653 0.006333 -0.068173 0.021700 -0.010204 0.998346 -0.056576 14.099800 0.067702 0.057139 0.996068 -1.489600 0.000000 0.000000 0.000000 1.000000
0.998390 0.003619 -0.056605 0.021700 -0.006755 0.998446 -0.055310 14.099800 0.056317 0.055603 0.996863 -1.489600 0.000000 0.000000 0.000000 1.000000
0.998867 0.001878 -0.047556 0.021700 -0.004473 0.998503 -0.054515 14.099800 0.047382 0.054666 0.997380 -1.489600 0.000000 0.000000 0.000000 1.000000
0.999057 0.000698 -0.043406 0.021700 -0.003096 0.998470 -0.055211 14.099800 0.043301 0.055293 0.997531 -1.489600 0.000000 0.000000 0.000000 1.000000
0.999081 -0.000003 -0.042864 0.021700 -0.002459 0.998349 -0.057386 14.099800 0.042793 0.057438 0.997431 -1.489600 0.000000 0.000000 0.000000 1.000000
0.999134 0.000198 -0.041613 0.021700 -0.002715 0.998169 -0.060428 14.099800 0.041525 0.060489 0.997305 -1.489600 0.000000 0.000000 0.000000 1.000000
0.999274 0.001102 -0.038082 0.021700 -0.003539 0.997945 -0.063978 14.099800 0.037933 0.064066 0.997224 -1.489600 0.000000 0.000000 0.000000 1.000000
0.999446 0.002007 -0.033233 0.021700 -0.004254 0.997698 -0.067680 14.099800 0.033020 0.067784 0.997153 -1.489600 0.000000 0.000000 0.000000 1.000000</float_array><technique_common><accessor source="#Spine2-Matrix-animation-output-transform-array" count="37" stride="16"><param type="float4x4"/></accessor></technique_common></source><source id="Spine2-Interpolations"><Name_array id="Spine2-Interpolations-array" count="37">
 LINEAR LINEAR LINEAR LINEAR LINEAR LINEAR LINEAR LINEAR LINEAR LINEAR LINEAR
LINEAR LINEAR LINEAR LINEAR LINEAR LINEAR LINEAR LINEAR LINEAR LINEAR LINEAR LINEAR
LINEAR LINEAR LINEAR LINEAR LINEAR LINEAR LINEAR LINEAR LINEAR LINEAR LINEAR LINEAR
LINEAR LINEAR</Name_array><technique_common><accessor source="#Spine2-Interpolations-array" count="37"><param type="name"/></accessor></technique_common></source><sampler id="Spine2-Matrix-animation-transform"><input semantic="INPUT" source="#Spine2-Matrix-animation-input"/><input semantic="OUTPUT" source="#Spine2-Matrix-animation-output-transform"/><input semantic="INTERPOLATION" source="#Spine2-Interpolations"/></sampler><channel source="#Spine2-Matrix-animation-transform" target="Spine2/matrix"/></animation>
    <animation id="Neck-anim" name="Neck"><source id="Neck-Matrix-animation-input"><float_array id="Neck-Matrix-animation-input-array" count="37">

0.000000 0.033333 0.066667 0.100000 0.133333 0.166667 0.200000 0.233333 0.266667 0.300000 0.333333 0.366667 0.400000 0.433333 0.466667 0.500000
0.533333 0.566667 0.600000 0.633333 0.666667 0.700000 0.733333 0.766667 0.800000 0.833333 0.866667 0.900000 0.933333 0.966667 1.000000 1.033333
1.066667 1.100000 1.133333 1.166667 1.200000</float_array><technique_common><accessor source="#Neck-Matrix-animation-input-array" count="37"><param name="TIME" type="float"/></accessor></technique_common></source><source id="Neck-Matrix-animation-output-transform"><float_array id="Neck-Matrix-animation-output-transform-array" count="592">

0.991750 -0.121895 -0.039680 0.024400 0.112844 0.977004 -0.180911 15.862300 0.060820 0.174941 0.982699 -1.675800 0.000000 0.000000 0.000000 1.000000
0.991111 -0.123683 -0.048995 0.024400 0.112528 0.975862 -0.187167 15.862300 0.070962 0.179990 0.981106 -1.675800 0.000000 0.000000 0.000000 1.000000
0.989657 -0.132459 -0.055077 0.024400 0.119416 0.973435 -0.195355 15.862300 0.079490 0.186757 0.979185 -1.675800 0.000000 0.000000 0.000000 1.000000
0.988270 -0.140367 -0.060157 0.024400 0.125925 0.971876 -0.198996 15.862300 0.086398 0.189087 0.978152 -1.675800 0.000000 0.000000 0.000000 1.000000
0.987357 -0.144377 -0.065435 0.024400 0.128711 0.971167 -0.200668 15.862300 0.092520 0.189708 0.977472 -1.675800 0.000000 0.000000 0.000000 1.000000
0.986365 -0.148838 -0.070223 0.024400 0.132271 0.970861 -0.199835 15.862300 0.097920 0.187822 0.977310 -1.675800 0.000000 0.000000 0.000000 1.000000
0.985411 -0.153475 -0.073553 0.024400 0.136485 0.970821 -0.197175 15.862300 0.101668 0.184260 0.977605 -1.675800 0.000000 0.000000 0.000000 1.000000
0.984960 -0.155241 -0.075856 0.024400 0.138037 0.971054 -0.194936 15.862300 0.103922 0.181533 0.977878 -1.675800 0.000000 0.000000 0.000000 1.000000
0.985102 -0.154235 -0.076066 0.024400 0.137205 0.971547 -0.193058 15.862300 0.103678 0.179745 0.978234 -1.675800 0.000000 0.000000 0.000000 1.000000
0.985694 -0.150977 -0.074923 0.024400 0.134488 0.972473 -0.190289 15.862300 0.101590 0.177490 0.978865 -1.675800 0.000000 0.000000 0.000000 1.000000
0.986591 -0.146239 -0.072468 0.024400 0.130560 0.973601 -0.187231 15.862300 0.097935 0.175259 0.979639 -1.675800 0.000000 0.000000 0.000000 1.000000
0.987921 -0.139449 -0.067574 0.024400 0.124883 0.974662 -0.185578 15.862300 0.091741 0.174897 0.980303 -1.675800 0.000000 0.000000 0.000000 1.000000
0.989703 -0.130038 -0.059811 0.024400 0.117004 0.975703 -0.185238 15.862300 0.082446 0.176332 0.980872 -1.675800 0.000000 0.000000 0.000000 1.000000
0.991057 -0.123661 -0.050143 0.024400 0.112472 0.976319 -0.184799 15.862300 0.071808 0.177506 0.981496 -1.675800 0.000000 0.000000 0.000000 1.000000
0.991949 -0.119671 -0.041421 0.024400 0.110203 0.976877 -0.183212 15.862300 0.062388 0.177172 0.982200 -1.675800 0.000000 0.000000 0.000000 1.000000
0.992439 -0.118112 -0.033394 0.024400 0.110219 0.977288 -0.180996 15.862300 0.054013 0.175947 0.982917 -1.675800 0.000000 0.000000 0.000000 1.000000
0.992965 -0.115832 -0.024551 0.024400 0.109555 0.977437 -0.180592 15.862300 0.044915 0.176632 0.983252 -1.675800 0.000000 0.000000 0.000000 1.000000
0.993329 -0.114425 -0.014318 0.024400 0.109912 0.977008 -0.182687 15.862300 0.034893 0.179894 0.983067 -1.675800 0.000000 0.000000 0.000000 1.000000
0.992497 -0.122208 -0.003956 0.024400 0.119395 0.975616 -0.184170 15.862300 0.026367 0.182315 0.982887 -1.675800 0.000000 0.000000 0.000000 1.000000
0.989636 -0.143517 0.004870 0.024400 0.141995 0.972956 -0.182192 15.862300 0.021409 0.180996 0.983251 -1.675800 0.000000 0.000000 0.000000 1.000000
0.985517 -0.169313 0.009411 0.024400 0.168260 0.969474 -0.178352 15.862300 0.021074 0.177353 0.983922 -1.675800 0.000000 0.000000 0.000000 1.000000
0.982983 -0.183463 0.009266 0.024400 0.182197 0.967285 -0.176534 15.862300 0.023425 0.175218 0.984251 -1.675800 0.000000 0.000000 0.000000 1.000000
0.983523 -0.180529 0.009549 0.024400 0.179393 0.968073 -0.175077 15.862300 0.022362 0.173906 0.984508 -1.675800 0.000000 0.000000 0.000000 1.000000
0.985065 -0.171723 0.012531 0.024400 0.171352 0.970601 -0.169035 15.862300 0.016865 0.168657 0.985530 -1.675800 0.000000 0.000000 0.000000 1.000000
0.986249 -0.164680 0.013872 0.024400 0.164716 0.972679 -0.163596 15.862300 0.013448 0.163632 0.986430 -1.675800 0.000000 0.000000 0.000000 1.000000
0.987158 -0.159398 0.010583 0.024400 0.158953 0.973476 -0.164552 15.862300 0.015927 0.164121 0.986312 -1.675800 0.000000 0.000000 0.000000 1.000000
0.988031 -0.154166 0.005183 0.024400 0.152820 0.973723 -0.168849 15.862300 0.020984 0.167620 0.985628 -1.675800 0.000000 0.000000 0.000000 1.000000
0.989051 -0.147567 -0.001263 0.024400 0.145110 0.974066 -0.173604 15.862300 0.026848 0.171520 0.984815 -1.675800 0.000000 0.000000 0.000000 1.000000
0.990227 -0.139222 -0.008170 0.024400 0.135575 0.974713 -0.177633 15.862300 0.032694 0.174790 0.984063 -1.675800 0.000000 0.000000 0.000000 1.000000
0.991272 -0.130944 -0.015304 0.024400 0.126017 0.975225 -0.181814 15.862300 0.038732 0.178298 0.983214 -1.675800 0.000000 0.000000 0.000000 1.000000
0.991897 -0.125117 -0.022055 0.024400 0.118891 0.975329 -0.186004 15.862300 0.044783 0.181875 0.982301 -1.675800 0.000000 0.000000 0.000000 1.000000
0.992103 -0.122289 -0.027859 0.024400 0.114890 0.975187 -0.189237 15.862300 0.050309 0.184542 0.981536 -1.675800 0.000000 0.000000 0.000000 1.000000
0.992025 -0.121669 -0.032901 0.024400 0.113310 0.975234 -0.189945 15.862300 0.055197 0.184702 0.981243 -1.675800 0.000000 0.000000 0.000000 1.000000
0.991785 -0.122329 -0.037384 0.024400 0.113334 0.975879 -0.186588 15.862300 0.059308 0.180818 0.981727 -1.675800 0.000000 0.000000 0.000000 1.000000
0.991507 -0.122975 -0.042316 0.024400 0.113273 0.976456 -0.183582 15.862300 0.063896 0.177229 0.982093 -1.675800 0.000000 0.000000 0.000000 1.000000
0.991490 -0.122401 -0.044332 0.024400 0.112422 0.976755 -0.182512 15.862300 0.065641 0.175974 0.982204 -1.675800 0.000000 0.000000 0.000000 1.000000
0.991608 -0.121097 -0.045273 0.024400 0.110895 0.976721 -0.183627 15.862300 0.066456 0.177066 0.981953 -1.675800 0.000000 0.000000 0.000000 1.000000</float_array><technique_common><accessor source="#Neck-Matrix-animation-output-transform-array" count="37" stride="16"><param type="float4x4"/></accessor></technique_common></source><source id="Neck-Interpolations"><Name_array id="Neck-Interpolations-array" count="37">
 LINEAR LINEAR LINEAR LINEAR LINEAR LINEAR LINEAR LINEAR LINEAR LINEAR LINEAR
LINEAR LINEAR LINEAR LINEAR LINEAR LINEAR LINEAR LINEAR LINEAR LINEAR LINEAR LINEAR
LINEAR LINEAR LINEAR LINEAR LINEAR LINEAR LINEAR LINEAR LINEAR LINEAR LINEAR LINEAR
LINEAR LINEAR</Name_array><technique_common><accessor source="#Neck-Interpolations-array" count="37"><param type="name"/></accessor></technique_common></source><sampler id="Neck-Matrix-animation-transform"><input semantic="INPUT" source="#Neck-Matrix-animation-input"/><input semantic="OUTPUT" source="#Neck-Matrix-animation-output-transform"/><input semantic="INTERPOLATION" source="#Neck-Interpolations"/></sampler><channel source="#Neck-Matrix-animation-transform" target="Neck/matrix"/></animation>
    <animation id="Head-anim" name="Head"><source id="Head-Matrix-animation-input"><float_array id="Head-Matrix-animation-input-array" count="37">

0.000000 0.033333 0.066667 0.100000 0.133333 0.166667 0.200000 0.233333 0.266667 0.300000 0.333333 0.366667 0.400000 0.433333 0.466667 0.500000
0.533333 0.566667 0.600000 0.633333 0.666667 0.700000 0.733333 0.766667 0.800000 0.833333 0.866667 0.900000 0.933333 0.966667 1.000000 1.033333
1.066667 1.100000 1.133333 1.166667 1.200000</float_array><technique_common><accessor source="#Head-Matrix-animation-input-array" count="37"><param name="TIME" type="float"/></accessor></technique_common></source><source id="Head-Matrix-animation-output-transform"><float_array id="Head-Matrix-animation-output-transform-array" count="592">

0.990118 0.014030 -0.139534 0.000000 0.000611 0.994541 0.104342 5.564000 0.140237 -0.103397 0.984704 0.988100 0.000000 0.000000 0.000000 1.000000
0.986467 -0.001058 -0.163958 0.000000 0.017460 0.994971 0.098626 5.564000 0.163029 -0.100154 0.981525 0.988100 0.000000 0.000000 0.000000 1.000000
0.981459 -0.021466 -0.190467 -0.000000 0.039578 0.994990 0.091802 5.564000 0.187543 -0.097638 0.977392 0.988100 0.000000 0.000000 0.000000 1.000000
0.972394 -0.063975 -0.224402 -0.000000 0.082728 0.993732 0.075178 5.564000 0.218186 -0.091667 0.971592 0.988100 0.000000 0.000000 0.000000 1.000000
0.959400 -0.107215 -0.260876 -0.000000 0.126110 0.990392 0.056753 5.564000 0.252284 -0.087348 0.963703 0.988100 0.000000 0.000000 0.000000 1.000000
0.947794 -0.139190 -0.286903 0.000000 0.157920 0.986511 0.043093 5.564000 0.277035 -0.086151 0.956990 0.988100 0.000000 0.000000 0.000000 1.000000
0.938940 -0.165601 -0.301609 0.000000 0.185067 0.982032 0.036938 5.564000 0.290072 -0.090500 0.952716 0.988100 0.000000 0.000000 0.000000 1.000000
0.932487 -0.187911 -0.308477 0.000000 0.207902 0.977594 0.032952 5.564000 0.295373 -0.094860 0.950661 0.988100 0.000000 0.000000 0.000000 1.000000
0.928644 -0.204071 -0.309801 0.000000 0.222357 0.974657 0.024503 5.564000 0.296949 -0.091641 0.950486 0.988100 0.000000 0.000000 0.000000 1.000000
0.927227 -0.215633 -0.306189 -0.000000 0.231559 0.972686 0.016213 5.564000 0.294330 -0.085934 0.951833 0.988100 0.000000 0.000000 0.000000 1.000000
0.929825 -0.219215 -0.295585 -0.000000 0.233854 0.972161 0.014652 5.564000 0.284144 -0.082747 0.955204 0.988100 0.000000 0.000000 0.000000 1.000000
0.937968 -0.213400 -0.273271 -0.000000 0.226422 0.973887 0.016644 5.564000 0.262583 -0.077486 0.961793 0.988100 0.000000 0.000000 0.000000 1.000000
0.949457 -0.204669 -0.237995 -0.000000 0.214816 0.976503 0.017223 5.564000 0.228878 -0.067477 0.971114 0.988100 0.000000 0.000000 0.000000 1.000000
0.963704 -0.189490 -0.188065 0.000000 0.196997 0.980160 0.021890 5.564000 0.180186 -0.058143 0.981913 0.988100 0.000000 0.000000 0.000000 1.000000
