<?xml version="1.0" encoding="utf-8"?>
<COLLADA xmlns="http://www.collada.org/2005/11/COLLADASchema" version="1.4.1">
  <asset><contributor><author>Mixamo</author><authoring_tool>COLLADA Mixamo exporter</authoring_tool><comments></comments></contributor><created>2018-12-17T22:27:56Z</created><modified>2018-12-17T22:27:56Z</modified><revision></revision><title></title><unit meter="0.010000"/><up_axis>Y_UP</up_axis></asset>
  <library_animations>
    <animation id="Hips-anim" name="Hips"><source id="Hips-Matrix-animation-input"><float_array id="Hips-Matrix-animation-input-array" count="69">

0.000000 0.033333 0.066667 0.100000 0.133333 0.166667 0.200000 0.233333 0.266667 0.300000 0.333333 0.366667 0.400000 0.433333 0.466667 0.500000
0.533333 0.566667 0.600000 0.633333 0.666667 0.700000 0.733333 0.766667 0.800000 0.833333 0.866667 0.900000 0.933333 0.966667 1.000000 1.033333
1.066667 1.100000 1.133333 1.166667 1.200000 1.233333 1.266667 1.300000 1.333333 1.366667 1.400000 1.433333 1.466667 1.500000 1.533333 1.566667
1.600000 1.633333 1.666667 1.700000 1.733333 1.766667 1.800000 1.833333 1.866667 1.900000 1.933333 1.966667 2.000000 2.033333 2.066667 2.100000
2.133333 2.166667 2.200000 2.233333 2.266667</float_array><technique_common><accessor source="#Hips-Matrix-animation-input-array" count="69"><param name="TIME" type="float"/></accessor></technique_common></source><source id="Hips-Matrix-animation-output-transform"><float_array id="Hips-Matrix-animation-output-transform-array" count="1104">

0.636880 -0.127994 -0.760264 -0.477329 0.041849 0.990408 -0.131683 80.566498 0.769826 0.052050 0.636128 0.527426 0.000000 0.000000 0.000000 1.000000
0.625993 -0.116940 -0.771011 -0.489116 0.048933 0.992635 -0.110824 80.757347 0.778292 0.031647 0.627104 0.711489 0.000000 0.000000 0.000000 1.000000
0.614836 -0.105094 -0.781622 -0.469481 0.055655 0.994392 -0.089923 80.980736 0.786689 0.011787 0.617237 1.091618 0.000000 0.000000 0.000000 1.000000
0.597052 -0.089017 -0.797248 -0.406663 0.063916 0.995943 -0.063337 81.235756 0.799652 -0.013142 0.600320 1.695939 0.000000 0.000000 0.000000 1.000000
0.566293 -0.070554 -0.821179 -0.318950 0.078092 0.996440 -0.031760 81.511856 0.820496 -0.046142 0.569787 2.531561 0.000000 0.000000 0.000000 1.000000
0.527950 -0.052214 -0.847669 -0.222112 0.093863 0.995581 -0.002865 81.796310 0.844072 -0.078052 0.530518 3.600017 0.000000 0.000000 0.000000 1.000000
0.494064 -0.037308 -0.868625 -0.129808 0.108059 0.993967 0.018772 82.083572 0.862684 -0.103137 0.495115 4.831743 0.000000 0.000000 0.000000 1.000000
0.481134 -0.032020 -0.876062 -0.077042 0.122325 0.992008 0.030923 82.362732 0.868070 -0.122042 0.481206 6.116353 0.000000 0.000000 0.000000 1.000000
0.496623 -0.043802 -0.866860 -0.102937 0.139203 0.989817 0.029734 82.638290 0.856731 -0.135436 0.497664 7.374691 0.000000 0.000000 0.000000 1.000000
0.535323 -0.050049 -0.843163 -0.077040 0.154192 0.987259 0.039295 82.928688 0.830454 -0.151045 0.536220 8.528267 0.000000 0.000000 0.000000 1.000000
0.587882 -0.054544 -0.807105 -0.023252 0.162207 0.985409 0.051555 83.244278 0.792517 -0.161227 0.588152 9.631613 0.000000 0.000000 0.000000 1.000000
0.650695 -0.060767 -0.756904 0.053442 0.156482 0.986128 0.055354 83.598480 0.743041 -0.154461 0.651178 10.773861 0.000000 0.000000 0.000000 1.000000
0.718730 -0.067183 -0.692036 0.228576 0.144279 0.988067 0.053922 83.983017 0.680155 -0.138602 0.719846 11.901600 0.000000 0.000000 0.000000 1.000000
0.789389 -0.071994 -0.609658 0.515858 0.127316 0.990707 0.047857 84.415909 0.600547 -0.115397 0.791219 12.962759 0.000000 0.000000 0.000000 1.000000
0.857180 -0.071806 -0.509987 0.960310 0.104062 0.993956 0.034958 84.918770 0.504394 -0.083036 0.859472 13.927273 0.000000 0.000000 0.000000 1.000000
0.915877 -0.068005 -0.395658 1.538999 0.081681 0.996500 0.017798 85.445129 0.393063 -0.048619 0.918225 14.657856 0.000000 0.000000 0.000000 1.000000
0.962143 -0.057625 -0.266382 2.244283 0.057929 0.998298 -0.006725 85.984650 0.266317 -0.008961 0.963844 15.056288 0.000000 0.000000 0.000000 1.000000
0.989935 -0.038932 -0.136066 3.049855 0.032905 0.998387 -0.046264 86.480408 0.137647 0.041321 0.989619 15.062606 0.000000 0.000000 0.000000 1.000000
0.999782 -0.015409 -0.014117 3.872680 0.013967 0.995173 -0.097135 86.799332 0.015545 0.096916 0.995171 14.621005 0.000000 0.000000 0.000000 1.000000
0.995021 0.012211 0.098915 4.607808 0.003430 0.987684 -0.156427 86.761955 -0.099606 0.155987 0.982724 13.800949 0.000000 0.000000 0.000000 1.000000
0.982186 0.042379 0.183068 5.129748 -0.005199 0.979992 -0.198967 86.243881 -0.187837 0.194471 0.962755 12.604626 0.000000 0.000000 0.000000 1.000000
0.967397 0.069732 0.243475 5.372907 -0.018349 0.978120 -0.207229 85.279015 -0.252598 0.196005 0.947511 11.115979 0.000000 0.000000 0.000000 1.000000
0.951138 0.081066 0.297933 5.294571 -0.029709 0.984470 -0.173023 84.108200 -0.307333 0.155717 0.938775 9.508636 0.000000 0.000000 0.000000 1.000000
0.942313 0.060851 0.329155 4.814255 -0.016904 0.990733 -0.134765 83.075500 -0.334306 0.121426 0.934610 8.323979 0.000000 0.000000 0.000000 1.000000
0.956865 0.038784 0.287933 4.015943 -0.002645 0.992171 -0.124856 82.480782 -0.290521 0.118709 0.949476 7.993793 0.000000 0.000000 0.000000 1.000000
0.977536 0.027924 0.208909 2.997529 0.000307 0.990995 -0.133899 82.249435 -0.210766 0.130955 0.968725 8.400985 0.000000 0.000000 0.000000 1.000000
0.984561 0.037136 0.171057 1.941392 -0.006433 0.984252 -0.176655 82.064346 -0.174924 0.172827 0.969295 9.469294 0.000000 0.000000 0.000000 1.000000
0.969009 0.052775 0.241323 1.117555 -0.000911 0.977669 -0.210147 81.659286 -0.247025 0.203414 0.947418 10.464792 0.000000 0.000000 0.000000 1.000000
0.941827 0.066810 0.329391 0.439878 0.014401 0.971122 -0.238148 81.196274 -0.335789 0.229037 0.913667 11.298191 0.000000 0.000000 0.000000 1.000000
0.919204 0.076443 0.386290 0.060576 0.031745 0.963398 -0.266188 80.774857 -0.392499 0.256944 0.883133 11.752258 0.000000 0.000000 0.000000 1.000000
0.897025 0.095333 0.431575 -0.108832 0.040528 0.954605 -0.295105 80.539467 -0.440117 0.282208 0.852441 11.988230 0.000000 0.000000 0.000000 1.000000
0.877073 0.118675 0.465466 -0.211050 0.042984 0.945724 -0.322115 80.437248 -0.478430 0.302526 0.824368 12.161731 0.000000 0.000000 0.000000 1.000000
0.860925 0.141627 0.488621 -0.295808 0.040983 0.938038 -0.344102 80.382805 -0.507079 0.316271 0.801775 12.318370 0.000000 0.000000 0.000000 1.000000
0.850013 0.159446 0.502051 -0.321976 0.036253 0.933122 -0.357728 80.378441 -0.525513 0.322274 0.787385 12.381180 0.000000 0.000000 0.000000 1.000000
0.852887 0.163704 0.495766 -0.254238 0.024720 0.935844 -0.351545 80.510323 -0.521509 0.312084 0.794123 12.201467 0.000000 0.000000 0.000000 1.000000
0.869030 0.159523 0.468337 -0.028753 0.004081 0.944252 -0.329199 80.784042 -0.494743 0.287995 0.819932 11.738499 0.000000 0.000000 0.000000 1.000000
0.888964 0.152131 0.431972 0.337413 -0.016459 0.953220 -0.301830 81.131523 -0.457681 0.261206 0.849882 11.081223 0.000000 0.000000 0.000000 1.000000
0.911991 0.140051 0.385562 0.716110 -0.033727 0.962332 -0.269778 81.522324 -0.408821 0.233031 0.882362 10.336063 0.000000 0.000000 0.000000 1.000000
0.936788 0.126709 0.326150 1.008932 -0.046796 0.969124 -0.242093 81.934364 -0.346755 0.211527 0.913793 9.662338 0.000000 0.000000 0.000000 1.000000
0.959626 0.114286 0.257014 1.159033 -0.057807 0.974362 -0.217432 82.362587 -0.275274 0.193796 0.941630 9.099801 0.000000 0.000000 0.000000 1.000000
0.978586 0.103789 0.177754 1.152189 -0.070285 0.980153 -0.185363 82.787781 -0.193465 0.168900 0.966460 8.549200 0.000000 0.000000 0.000000 1.000000
0.990865 0.091419 0.099146 0.999131 -0.075433 0.985115 -0.154460 83.153778 -0.111790 0.145570 0.983012 7.956870 0.000000 0.000000 0.000000 1.000000
0.996596 0.079528 0.021698 0.756858 -0.075986 0.988295 -0.132287 83.436050 -0.031964 0.130188 0.990974 7.263117 0.000000 0.000000 0.000000 1.000000
0.996045 0.067765 -0.057461 0.452182 -0.073830 0.991074 -0.110999 83.663277 0.049426 0.114802 0.992158 6.387927 0.000000 0.000000 0.000000 1.000000
0.989328 0.052666 -0.135854 0.079637 -0.065778 0.993405 -0.093908 83.850296 0.130012 0.101843 0.986268 5.371819 0.000000 0.000000 0.000000 1.000000
0.976064 0.040764 -0.213628 -0.311149 -0.057634 0.995640 -0.073344 84.007332 0.209706 0.083900 0.974158 4.221768 0.000000 0.000000 0.000000 1.000000
0.956840 0.035914 -0.288388 -0.694468 -0.051394 0.997605 -0.046283 84.136505 0.286035 0.059107 0.956395 2.974603 0.000000 0.000000 0.000000 1.000000
0.933068 0.034475 -0.358045 -1.068112 -0.047349 0.998507 -0.027248 84.208206 0.356571 0.042377 0.933307 1.765341 0.000000 0.000000 0.000000 1.000000
0.905440 0.035754 -0.422966 -1.441030 -0.044661 0.998940 -0.011164 84.254860 0.422118 0.028999 0.906077 0.633042 0.000000 0.000000 0.000000 1.000000
0.872541 0.038907 -0.486989 -1.810106 -0.039027 0.999189 0.009903 84.294449 0.486979 0.010365 0.873352 -0.407573 0.000000 0.000000 0.000000 1.000000
0.840881 0.039805 -0.539755 -2.157422 -0.029319 0.999178 0.028010 84.318558 0.540426 -0.007728 0.841356 -1.277462 0.000000 0.000000 0.000000 1.000000
0.811292 0.036355 -0.583509 -2.456666 -0.017341 0.999122 0.038139 84.309555 0.584383 -0.020823 0.811210 -1.944181 0.000000 0.000000 0.000000 1.000000
0.782649 0.028741 -0.621800 -2.683215 -0.002366 0.999064 0.043201 84.229042 0.622459 -0.032340 0.781984 -2.440978 0.000000 0.000000 0.000000 1.000000
0.756775 0.020894 -0.653341 -2.804585 0.014031 0.998740 0.048192 84.034164 0.653525 -0.045638 0.755528 -2.794820 0.000000 0.000000 0.000000 1.000000
0.733697 0.013493 -0.679343 -2.817149 0.026995 0.998435 0.048986 83.788925 0.678940 -0.054279 0.732184 -2.966964 0.000000 0.000000 0.000000 1.000000
0.709494 0.004569 -0.704696 -2.742563 0.038269 0.998254 0.045001 83.502258 0.703671 -0.058896 0.708081 -2.968257 0.000000 0.000000 0.000000 1.000000
0.687050 -0.008020 -0.726566 -2.606292 0.051404 0.997970 0.037592 83.183533 0.724790 -0.063176 0.686068 -2.842723 0.000000 0.000000 0.000000 1.000000
0.668253 -0.021841 -0.743614 -2.406374 0.062287 0.997702 0.026671 82.842743 0.741322 -0.064140 0.668077 -2.612686 0.000000 0.000000 0.000000 1.000000
0.653205 -0.037202 -0.756267 -2.150218 0.069090 0.997554 0.010604 82.489487 0.754023 -0.059177 0.654177 -2.312151 0.000000 0.000000 0.000000 1.000000
0.647196 -0.054278 -0.760389 -1.840937 0.073544 0.997255 -0.008589 82.133308 0.758768 -0.050363 0.649411 -1.998172 0.000000 0.000000 0.000000 1.000000
0.645422 -0.069025 -0.760701 -1.477540 0.074189 0.996865 -0.027508 81.786072 0.760215 -0.038682 0.648519 -1.711504 0.000000 0.000000 0.000000 1.000000
0.646720 -0.086448 -0.757813 -1.130156 0.075447 0.995934 -0.049225 81.453529 0.758987 -0.025340 0.650612 -1.463521 0.000000 0.000000 0.000000 1.000000
0.648682 -0.096344 -0.754937 -0.786576 0.071646 0.995280 -0.065454 81.152420 0.757680 -0.011630 0.652523 -1.235572 0.000000 0.000000 0.000000 1.000000
0.648294 -0.108850 -0.753569 -0.544333 0.066735 0.994043 -0.086174 80.881470 0.758460 0.005577 0.651696 -0.967638 0.000000 0.000000 0.000000 1.000000
0.646496 -0.118960 -0.753585 -0.392784 0.064481 0.992754 -0.101398 80.658386 0.760187 0.016962 0.649482 -0.683539 0.000000 0.000000 0.000000 1.000000
0.643794 -0.122266 -0.755368 -0.307622 0.058823 0.992139 -0.110455 80.496597 0.762935 0.026677 0.645925 -0.362500 0.000000 0.000000 0.000000 1.000000
0.641189 -0.124845 -0.757159 -0.309741 0.053263 0.991538 -0.118386 80.451111 0.765532 0.035579 0.642413 -0.032495 0.000000 0.000000 0.000000 1.000000
0.638702 -0.126243 -0.759027 -0.371282 0.047540 0.991039 -0.124828 80.509354 0.767984 0.043643 0.638980 0.269536 0.000000 0.000000 0.000000 1.000000
0.636880 -0.127994 -0.760264 -0.477332 0.041849 0.990408 -0.131683 80.566490 0.769826 0.052050 0.636128 0.527424 0.000000 0.000000 0.000000 1.000000</float_array><technique_common><accessor source="#Hips-Matrix-animation-output-transform-array" count="69" stride="16"><param type="float4x4"/></accessor></technique_common></source><source id="Hips-Interpolations"><Name_array id="Hips-Interpolations-array" count="69">
 LINEAR LINEAR LINEAR LINEAR LINEAR LINEAR LINEAR LINEAR LINEAR LINEAR LINEAR
LINEAR LINEAR LINEAR LINEAR LINEAR LINEAR LINEAR LINEAR LINEAR LINEAR LINEAR LINEAR
LINEAR LINEAR LINEAR LINEAR LINEAR LINEAR LINEAR LINEAR LINEAR LINEAR LINEAR LINEAR
LINEAR LINEAR LINEAR LINEAR LINEAR LINEAR LINEAR LINEAR LINEAR LINEAR LINEAR LINEAR
LINEAR LINEAR LINEAR LINEAR LINEAR LINEAR LINEAR LINEAR LINEAR LINEAR LINEAR LINEAR
LINEAR LINEAR LINEAR LINEAR LINEAR LINEAR LINEAR LINEAR LINEAR LINEAR</Name_array><technique_common><accessor source="#Hips-Interpolations-array" count="69"><param type="name"/></accessor></technique_common></source><sampler id="Hips-Matrix-animation-transform"><input semantic="INPUT" source="#Hips-Matrix-animation-input"/><input semantic="OUTPUT" source="#Hips-Matrix-animation-output-transform"/><input semantic="INTERPOLATION" source="#Hips-Interpolations"/></sampler><channel source="#Hips-Matrix-animation-transform" target="Hips/matrix"/></animation>
    <animation id="Spine-anim" name="Spine"><source id="Spine-Matrix-animation-input"><float_array id="Spine-Matrix-animation-input-array" count="69">

0.000000 0.033333 0.066667 0.100000 0.133333 0.166667 0.200000 0.233333 0.266667 0.300000 0.333333 0.366667 0.400000 0.433333 0.466667 0.500000
0.533333 0.566667 0.600000 0.633333 0.666667 0.700000 0.733333 0.766667 0.800000 0.833333 0.866667 0.900000 0.933333 0.966667 1.000000 1.033333
1.066667 1.100000 1.133333 1.166667 1.200000 1.233333 1.266667 1.300000 1.333333 1.366667 1.400000 1.433333 1.466667 1.500000 1.533333 1.566667
1.600000 1.633333 1.666667 1.700000 1.733333 1.766667 1.800000 1.833333 1.866667 1.900000 1.933333 1.966667 2.000000 2.033333 2.066667 2.100000
2.133333 2.166667 2.200000 2.233333 2.266667</float_array><technique_common><accessor source="#Spine-Matrix-animation-input-array" count="69"><param name="TIME" type="float"/></accessor></technique_common></source><source id="Spine-Matrix-animation-output-transform"><float_array id="Spine-Matrix-animation-output-transform-array" count="1104">

0.998104 0.036983 0.049210 0.017300 -0.026987 0.981379 -0.190178 10.574800 -0.055327 0.188489 0.980516 -1.117200 0.000000 0.000000 0.000000 1.000000
0.998625 0.029869 0.043074 0.017300 -0.021247 0.981886 -0.188277 10.574800 -0.047917 0.187103 0.981171 -1.117200 0.000000 0.000000 0.000000 1.000000
0.999320 0.019874 0.031050 0.017300 -0.013774 0.982536 -0.185560 10.574800 -0.034196 0.185006 0.982142 -1.117200 0.000000 0.000000 0.000000 1.000000
0.999876 0.007369 0.013894 0.017300 -0.004692 0.982971 -0.183701 10.574800 -0.015012 0.183613 0.982884 -1.117200 0.000000 0.000000 0.000000 1.000000
0.999955 -0.005843 -0.007495 0.017300 0.004385 0.983356 -0.181635 10.574800 0.008432 0.181594 0.983337 -1.117200 0.000000 0.000000 0.000000 1.000000
0.999338 -0.020427 -0.030091 0.017300 0.014749 0.983906 -0.178078 10.574800 0.033244 0.177516 0.983556 -1.117200 0.000000 0.000000 0.000000 1.000000
0.997944 -0.034908 -0.053759 0.017300 0.025165 0.984728 -0.172273 10.574800 0.058952 0.170566 0.983581 -1.117200 0.000000 0.000000 0.000000 1.000000
0.995742 -0.050032 -0.077422 0.017300 0.036558 0.985349 -0.166587 10.574800 0.084622 0.163047 0.982983 -1.117200 0.000000 0.000000 0.000000 1.000000
0.993433 -0.061252 -0.096634 0.017300 0.045283 0.986151 -0.159550 10.574800 0.105069 0.154126 0.982449 -1.117200 0.000000 0.000000 0.000000 1.000000
0.991628 -0.066837 -0.110484 0.017300 0.049372 0.986857 -0.153868 10.574800 0.119316 0.147125 0.981895 -1.117200 0.000000 0.000000 0.000000 1.000000
0.990710 -0.070460 -0.116311 0.017300 0.052775 0.987477 -0.148673 10.574800 0.125330 0.141154 0.982022 -1.117200 0.000000 0.000000 0.000000 1.000000
0.990375 -0.072968 -0.117616 0.017300 0.055895 0.988226 -0.142428 10.574800 0.126624 0.134483 0.982792 -1.117200 0.000000 0.000000 0.000000 1.000000
0.990633 -0.072892 -0.115471 0.017300 0.056873 0.989018 -0.136413 10.574800 0.124147 0.128568 0.983899 -1.117200 0.000000 0.000000 0.000000 1.000000
0.991423 -0.070027 -0.110347 0.017300 0.055530 0.990040 -0.129373 10.574800 0.118308 0.122135 0.985437 -1.117200 0.000000 0.000000 0.000000 1.000000
0.992188 -0.066454 -0.105581 0.017300 0.053418 0.991113 -0.121824 10.574800 0.112738 0.115232 0.986920 -1.117200 0.000000 0.000000 0.000000 1.000000
0.993215 -0.060890 -0.099075 0.017300 0.049343 0.992128 -0.115096 10.574800 0.105303 0.109426 0.988401 -1.117200 0.000000 0.000000 0.000000 1.000000
0.994710 -0.053822 -0.087495 0.017300 0.044127 0.993041 -0.109193 10.574800 0.092763 0.104755 0.990162 -1.117200 0.000000 0.000000 0.000000 1.000000
0.996487 -0.044889 -0.070702 0.017300 0.037339 0.993803 -0.104698 10.574800 0.074963 0.101690 0.991988 -1.117200 0.000000 0.000000 0.000000 1.000000
0.997919 -0.035591 -0.053767 0.017300 0.029773 0.993986 -0.105382 10.574800 0.057195 0.103562 0.992977 -1.117200 0.000000 0.000000 0.000000 1.000000
0.998969 -0.026374 -0.036941 0.017300 0.022154 0.993652 -0.110299 10.574800 0.039616 0.109367 0.993212 -1.117200 0.000000 0.000000 0.000000 1.000000
0.999717 -0.019383 -0.013810 0.017300 0.017520 0.992104 -0.124192 10.574800 0.016108 0.123915 0.992162 -1.117200 0.000000 0.000000 0.000000 1.000000
0.999799 -0.017913 0.009007 0.017300 0.019051 0.988777 -0.148176 10.574800 -0.006251 0.148318 0.988920 -1.117200 0.000000 0.000000 0.000000 1.000000
0.999453 -0.023818 0.022926 0.017300 0.027527 0.983622 -0.178128 10.574800 -0.018308 0.178662 0.983740 -1.117200 0.000000 0.000000 0.000000 1.000000
0.999585 -0.022345 0.018181 0.017300 0.025541 0.979351 -0.200546 10.574800 -0.013324 0.200927 0.979516 -1.117200 0.000000 0.000000 0.000000 1.000000
0.999748 -0.005513 0.021776 0.017300 0.010059 0.976664 -0.214536 10.574800 -0.020085 0.214701 0.976473 -1.117200 0.000000 0.000000 0.000000 1.000000
0.999099 0.019594 0.037636 0.017300 -0.010376 0.972885 -0.231057 10.574800 -0.041142 0.230458 0.972212 -1.117200 0.000000 0.000000 0.000000 1.000000
0.998235 0.033170 0.049268 0.017300 -0.020230 0.969806 -0.243037 10.574800 -0.055842 0.241612 0.968765 -1.117200 0.000000 0.000000 0.000000 1.000000
0.997671 0.027595 0.062378 0.017300 -0.010824 0.966970 -0.254660 10.574800 -0.067345 0.253392 0.965017 -1.117200 0.000000 0.000000 0.000000 1.000000
0.997175 0.019492 0.072535 0.017300 0.000415 0.964292 -0.264840 10.574800 -0.075107 0.264122 0.961560 -1.117200 0.000000 0.000000 0.000000 1.000000
0.997212 0.017146 0.072620 0.017300 0.003123 0.962799 -0.270202 10.574800 -0.074551 0.269675 0.960061 -1.117200 0.000000 0.000000 0.000000 1.000000
0.997298 0.014551 0.072004 0.017300 0.005892 0.961182 -0.275851 10.574800 -0.073223 0.275530 0.958500 -1.117200 0.000000 0.000000 0.000000 1.000000
0.997412 0.012060 0.070884 0.017300 0.008374 0.959642 -0.281101 10.574800 -0.071413 0.280967 0.957057 -1.117200 0.000000 0.000000 0.000000 1.000000
0.997533 0.010001 0.069477 0.017300 0.010260 0.958393 -0.285266 10.574800 -0.069439 0.285276 0.955927 -1.117200 0.000000 0.000000 0.000000 1.000000
0.997649 0.008722 0.067971 0.017300 0.011226 0.957666 -0.287662 10.574800 -0.067602 0.287749 0.955317 -1.117200 0.000000 0.000000 0.000000 1.000000
0.997802 0.008739 0.065684 0.017300 0.010482 0.957970 -0.286677 10.574800 -0.065429 0.286735 0.955773 -1.117200 0.000000 0.000000 0.000000 1.000000
0.997988 0.008470 0.062832 0.017300 0.009689 0.959019 -0.283176 10.574800 -0.062656 0.283215 0.957007 -1.117200 0.000000 0.000000 0.000000 1.000000
0.998195 0.006419 0.059705 0.017300 0.010401 0.960759 -0.277190 10.574800 -0.059141 0.277311 0.958958 -1.117200 0.000000 0.000000 0.000000 1.000000
0.998429 0.004545 0.055853 0.017300 0.010792 0.962452 -0.271236 10.574800 -0.054989 0.271412 0.960891 -1.117200 0.000000 0.000000 0.000000 1.000000
0.998605 0.005259 0.052546 0.017300 0.008836 0.964358 -0.264453 10.574800 -0.052064 0.264548 0.962966 -1.117200 0.000000 0.000000 0.000000 1.000000
0.998759 0.006746 0.049342 0.017300 0.006155 0.966468 -0.256714 10.574800 -0.049419 0.256699 0.965227 -1.117200 0.000000 0.000000 0.000000 1.000000
0.998901 0.008269 0.046126 0.017300 0.003556 0.968098 -0.250548 10.574800 -0.046726 0.250437 0.967005 -1.117200 0.000000 0.000000 0.000000 1.000000
0.999105 0.009433 0.041246 0.017300 0.000921 0.969752 -0.244089 10.574800 -0.042301 0.243909 0.968875 -1.117200 0.000000 0.000000 0.000000 1.000000
0.999288 0.009911 0.036418 0.017300 -0.001027 0.971690 -0.236259 10.574800 -0.037728 0.236053 0.971007 -1.117200 0.000000 0.000000 0.000000 1.000000
0.999468 0.009881 0.031097 0.017300 -0.002462 0.973172 -0.230067 10.574800 -0.032536 0.229868 0.972678 -1.117200 0.000000 0.000000 0.000000 1.000000
0.999607 0.009806 0.026279 0.017300 -0.003662 0.974504 -0.224339 10.574800 -0.027808 0.224154 0.974157 -1.117200 0.000000 0.000000 0.000000 1.000000
0.999708 0.008840 0.022483 0.017300 -0.003641 0.975153 -0.221504 10.574800 -0.023882 0.221358 0.974900 -1.117200 0.000000 0.000000 0.000000 1.000000
0.999818 0.006293 0.017983 0.017300 -0.002167 0.975310 -0.220827 10.574800 -0.018929 0.220748 0.975147 -1.117200 0.000000 0.000000 0.000000 1.000000
0.999905 0.002699 0.013485 0.017300 0.000334 0.975506 -0.219973 10.574800 -0.013748 0.219956 0.975413 -1.117200 0.000000 0.000000 0.000000 1.000000
0.999960 -0.002098 0.008723 0.017300 0.003954 0.975802 -0.218620 10.574800 -0.008053 0.218646 0.975771 -1.117200 0.000000 0.000000 0.000000 1.000000
0.999978 -0.005506 0.003721 0.017300 0.006183 0.976050 -0.217456 10.574800 -0.002435 0.217475 0.976063 -1.117200 0.000000 0.000000 0.000000 1.000000
0.999966 -0.008108 -0.001616 0.017300 0.007563 0.976051 -0.217412 10.574800 0.003340 0.217392 0.976079 -1.117200 0.000000 0.000000 0.000000 1.000000
0.999923 -0.010725 -0.006314 0.017300 0.009099 0.976125 -0.217019 10.574800 0.008491 0.216944 0.976147 -1.117200 0.000000 0.000000 0.000000 1.000000
0.999813 -0.017063 -0.009046 0.017300 0.014736 0.976789 -0.213697 10.574800 0.012482 0.213523 0.976858 -1.117200 0.000000 0.000000 0.000000 1.000000
0.999768 -0.016031 -0.014402 0.017300 0.012580 0.976763 -0.213953 10.574800 0.017498 0.213722 0.976738 -1.117200 0.000000 0.000000 0.000000 1.000000
0.999722 -0.014501 -0.018576 0.017300 0.010197 0.976832 -0.213764 10.574800 0.021245 0.213516 0.976709 -1.117200 0.000000 0.000000 0.000000 1.000000
0.999729 -0.012593 -0.019554 0.017300 0.008141 0.977024 -0.212973 10.574800 0.021786 0.212756 0.976862 -1.117200 0.000000 0.000000 0.000000 1.000000
0.999802 -0.007499 -0.018455 0.017300 0.003415 0.977238 -0.212119 10.574800 0.019626 0.212014 0.977070 -1.117200 0.000000 0.000000 0.000000 1.000000
0.999882 -0.004426 -0.014723 0.017300 0.001233 0.977670 -0.210141 10.574800 0.015324 0.210098 0.977560 -1.117200 0.000000 0.000000 0.000000 1.000000
0.999948 -0.001463 -0.010121 0.017300 -0.000672 0.978161 -0.207848 10.574800 0.010204 0.207844 0.978109 -1.117200 0.000000 0.000000 0.000000 1.000000
0.999978 0.002129 -0.006271 0.017300 -0.003372 0.978665 -0.205432 10.574800 0.005700 0.205449 0.978651 -1.117200 0.000000 0.000000 0.000000 1.000000
0.999984 0.005602 -0.000776 0.017300 -0.005642 0.978989 -0.203836 10.574800 -0.000382 0.203837 0.979005 -1.117200 0.000000 0.000000 0.000000 1.000000
0.999943 0.009074 0.005688 0.017300 -0.007737 0.979327 -0.202137 10.574800 -0.007404 0.202081 0.979341 -1.117200 0.000000 0.000000 0.000000 1.000000
0.999841 0.011918 0.013283 0.017300 -0.009005 0.979541 -0.201041 10.574800 -0.015407 0.200890 0.979493 -1.117200 0.000000 0.000000 0.000000 1.000000
0.999647 0.015644 0.021477 0.017300 -0.011066 0.979986 -0.198756 10.574800 -0.024156 0.198449 0.979814 -1.117200 0.000000 0.000000 0.000000 1.000000
0.999377 0.020626 0.028631 0.017300 -0.014588 0.980297 -0.196989 10.574800 -0.032130 0.196449 0.979988 -1.117200 0.000000 0.000000 0.000000 1.000000
0.999055 0.024946 0.035586 0.017300 -0.017518 0.980537 -0.195550 10.574800 -0.039771 0.194742 0.980048 -1.117200 0.000000 0.000000 0.000000 1.000000
0.998712 0.029559 0.041241 0.017300 -0.021035 0.980850 -0.193624 10.574800 -0.046174 0.192507 0.980209 -1.117200 0.000000 0.000000 0.000000 1.000000
0.998384 0.033671 0.045772 0.017300 -0.024290 0.981113 -0.191903 10.574800 -0.051369 0.190481 0.980346 -1.117200 0.000000 0.000000 0.000000 1.000000
0.998103 0.036984 0.049210 0.017300 -0.026988 0.981378 -0.190179 10.574800 -0.055327 0.188491 0.980515 -1.117200 0.000000 0.000000 0.000000 1.000000</float_array><technique_common><accessor source="#Spine-Matrix-animation-output-transform-array" count="69" stride="16"><param type="float4x4"/></accessor></technique_common></source><source id="Spine-Interpolations"><Name_array id="Spine-Interpolations-array" count="69">
 LINEAR LINEAR LINEAR LINEAR LINEAR LINEAR LINEAR LINEAR LINEAR LINEAR LINEAR
LINEAR LINEAR LINEAR LINEAR LINEAR LINEAR LINEAR LINEAR LINEAR LINEAR LINEAR LINEAR
LINEAR LINEAR LINEAR LINEAR LINEAR LINEAR LINEAR LINEAR LINEAR LINEAR LINEAR LINEAR
LINEAR LINEAR LINEAR LINEAR LINEAR LINEAR LINEAR LINEAR LINEAR LINEAR LINEAR LINEAR
LINEAR LINEAR LINEAR LINEAR LINEAR LINEAR LINEAR LINEAR LINEAR LINEAR LINEAR LINEAR
LINEAR LINEAR LINEAR LINEAR LINEAR LINEAR LINEAR LINEAR LINEAR LINEAR</Name_array><technique_common><accessor source="#Spine-Interpolations-array" count="69"><param type="name"/></accessor></technique_common></source><sampler id="Spine-Matrix-animation-transform"><input semantic="INPUT" source="#Spine-Matrix-animation-input"/><input semantic="OUTPUT" source="#Spine-Matrix-animation-output-transform"/><input semantic="INTERPOLATION" source="#Spine-Interpolations"/></sampler><channel source="#Spine-Matrix-animation-transform" target="Spine/matrix"/></animation>
    <animation id="Spine1-anim" name="Spine1"><source id="Spine1-Matrix-animation-input"><float_array id="Spine1-Matrix-animation-input-array" count="69">

0.000000 0.033333 0.066667 0.100000 0.133333 0.166667 0.200000 0.233333 0.266667 0.300000 0.333333 0.366667 0.400000 0.433333 0.466667 0.500000
0.533333 0.566667 0.600000 0.633333 0.666667 0.700000 0.733333 0.766667 0.800000 0.833333 0.866667 0.900000 0.933333 0.966667 1.000000 1.033333
1.066667 1.100000 1.133333 1.166667 1.200000 1.233333 1.266667 1.300000 1.333333 1.366667 1.400000 1.433333 1.466667 1.500000 1.533333 1.566667
1.600000 1.633333 1.666667 1.700000 1.733333 1.766667 1.800000 1.833333 1.866667 1.900000 1.933333 1.966667 2.000000 2.033333 2.066667 2.100000
2.133333 2.166667 2.200000 2.233333 2.266667</float_array><technique_common><accessor source="#Spine1-Matrix-animation-input-array" count="69"><param name="TIME" type="float"/></accessor></technique_common></source><source id="Spine1-Matrix-animation-output-transform"><float_array id="Spine1-Matrix-animation-output-transform-array" count="1104">

0.992503 0.074360 0.097001 0.019000 -0.064009 0.992328 -0.105775 12.337300 -0.104123 0.098773 0.989648 -1.303400 0.000000 0.000000 0.000000 1.000000
0.993050 0.072925 0.092375 0.019000 -0.063431 0.992776 -0.101848 12.337300 -0.099135 0.095281 0.990502 -1.303400 0.000000 0.000000 0.000000 1.000000
0.994774 0.066988 0.077060 0.019000 -0.059482 0.993613 -0.095889 12.337300 -0.082991 0.090804 0.992405 -1.303400 0.000000 0.000000 0.000000 1.000000
0.997016 0.056925 0.052142 0.019000 -0.051998 0.994454 -0.091416 12.337300 -0.057057 0.088432 0.994447 -1.303400 0.000000 0.000000 0.000000 1.000000
0.998767 0.045857 0.018992 0.019000 -0.044051 0.995272 -0.086559 12.337300 -0.022872 0.085616 0.996066 -1.303400 0.000000 0.000000 0.000000 1.000000
0.999348 0.032039 -0.016620 0.019000 -0.033252 0.996340 -0.078744 12.337300 0.014036 0.079245 0.996756 -1.303400 0.000000 0.000000 0.000000 1.000000
0.998336 0.017894 -0.054809 0.019000 -0.021536 0.997547 -0.066604 12.337300 0.053483 0.067674 0.996273 -1.303400 0.000000 0.000000 0.000000 1.000000
0.995600 0.001406 -0.093692 0.019000 -0.006582 0.998467 -0.054955 12.337300 0.093471 0.055330 0.994083 -1.303400 0.000000 0.000000 0.000000 1.000000
0.992139 -0.008655 -0.124842 0.019000 0.003586 0.999162 -0.040771 12.337300 0.125090 0.040003 0.991339 -1.303400 0.000000 0.000000 0.000000 1.000000
0.989137 -0.009464 -0.146688 0.019000 0.005216 0.999557 -0.029319 12.337300 0.146901 0.028235 0.988748 -1.303400 0.000000 0.000000 0.000000 1.000000
0.987996 -0.008840 -0.154229 0.019000 0.006041 0.999809 -0.018608 12.337300 0.154364 0.017453 0.987860 -1.303400 0.000000 0.000000 0.000000 1.000000
0.987915 -0.009081 -0.154733 0.019000 0.008292 0.999949 -0.005742 12.337300 0.154778 0.004390 0.987940 -1.303400 0.000000 0.000000 0.000000 1.000000
0.988607 -0.007718 -0.150322 0.019000 0.008806 0.999940 0.006573 12.337300 0.150262 -0.007821 0.988615 -1.303400 0.000000 0.000000 0.000000 1.000000
0.990106 -0.002242 -0.140302 0.019000 0.005230 0.999767 0.020926 12.337300 0.140223 -0.021452 0.989888 -1.303400 0.000000 0.000000 0.000000 1.000000
0.991376 0.004839 -0.130960 0.019000 -0.000088 0.999342 0.036259 12.337300 0.131050 -0.035935 0.990724 -1.303400 0.000000 0.000000 0.000000 1.000000
0.992878 0.016088 -0.118044 0.019000 -0.010244 0.998699 0.049950 12.337300 0.118694 -0.048385 0.991751 -1.303400 0.000000 0.000000 0.000000 1.000000
0.995027 0.030365 -0.094864 0.019000 -0.024536 0.997773 0.062019 12.337300 0.096536 -0.059383 0.993556 -1.303400 0.000000 0.000000 0.000000 1.000000
0.996971 0.048120 -0.061094 0.019000 -0.043745 0.996514 0.071035 12.337300 0.064299 -0.068147 0.995601 -1.303400 0.000000 0.000000 0.000000 1.000000
0.997454 0.065978 -0.027075 0.019000 -0.063974 0.995550 0.069194 12.337300 0.031520 -0.067286 0.997236 -1.303400 0.000000 0.000000 0.000000 1.000000
0.996502 0.083312 0.006556 0.019000 -0.083553 0.994788 0.058442 12.337300 -0.001653 -0.058785 0.998269 -1.303400 0.000000 0.000000 0.000000 1.000000
0.993991 0.096111 0.052394 0.019000 -0.097732 0.994781 0.029321 12.337300 -0.049303 -0.034265 0.998196 -1.303400 0.000000 0.000000 0.000000 1.000000
0.990373 0.098659 0.097099 0.019000 -0.097188 0.995070 -0.019777 12.337300 -0.098571 0.010150 0.995078 -1.303400 0.000000 0.000000 0.000000 1.000000
0.988409 0.087694 0.123921 0.019000 -0.078188 0.993755 -0.079603 12.337300 -0.130128 0.068992 0.989094 -1.303400 0.000000 0.000000 0.000000 1.000000
0.989340 0.091063 0.113641 0.019000 -0.076703 0.989200 -0.124903 12.337300 -0.123788 0.114855 0.985639 -1.303400 0.000000 0.000000 0.000000 1.000000
0.984974 0.125036 0.119134 0.019000 -0.105872 0.982149 -0.155484 12.337300 -0.136449 0.140534 0.980628 -1.303400 0.000000 0.000000 0.000000 1.000000
0.973236 0.176229 0.147498 0.019000 -0.146442 0.970220 -0.192946 12.337300 -0.177108 0.166182 0.970060 -1.303400 0.000000 0.000000 0.000000 1.000000
0.964412 0.204127 0.168054 0.019000 -0.165245 0.961496 -0.219588 12.337300 -0.206407 0.184003 0.961009 -1.303400 0.000000 0.000000 0.000000 1.000000
0.961644 0.194798 0.193116 0.019000 -0.145620 0.959183 -0.242410 12.337300 -0.232454 0.204991 0.950760 -1.303400 0.000000 0.000000 0.000000 1.000000
0.960336 0.180335 0.212683 0.019000 -0.121934 0.957521 -0.261315 12.337300 -0.250772 0.225016 0.941531 -1.303400 0.000000 0.000000 0.000000 1.000000
0.961145 0.176105 0.212572 0.019000 -0.115052 0.955559 -0.271420 12.337300 -0.250923 0.236418 0.938693 -1.303400 0.000000 0.000000 0.000000 1.000000
0.962301 0.171316 0.211253 0.019000 -0.107803 0.953328 -0.282037 12.337300 -0.249711 0.248631 0.935856 -1.303400 0.000000 0.000000 0.000000 1.000000
0.963600 0.166637 0.209062 0.019000 -0.101147 0.951091 -0.291884 12.337300 -0.247476 0.260113 0.933326 -1.303400 0.000000 0.000000 0.000000 1.000000
0.964852 0.162739 0.206342 0.019000 -0.096010 0.949197 -0.299677 12.337300 -0.244629 0.269333 0.931459 -1.303400 0.000000 0.000000 0.000000 1.000000
0.965878 0.160292 0.203438 0.019000 -0.093279 0.948056 -0.304121 12.337300 -0.241618 0.274767 0.930658 -1.303400 0.000000 0.000000 0.000000 1.000000
0.966824 0.160039 0.199093 0.019000 -0.094790 0.948534 -0.302155 12.337300 -0.237203 0.273259 0.932236 -1.303400 0.000000 0.000000 0.000000 1.000000
0.968059 0.158891 0.193949 0.019000 -0.096871 0.950515 -0.295191 12.337300 -0.231254 0.266974 0.935546 -1.303400 0.000000 0.000000 0.000000 1.000000
0.969880 0.153979 0.188741 0.019000 -0.096431 0.954265 -0.282982 12.337300 -0.223682 0.256258 0.940371 -1.303400 0.000000 0.000000 0.000000 1.000000
0.971876 0.149354 0.182072 0.019000 -0.096449 0.957782 -0.270834 12.337300 -0.214836 0.245657 0.945250 -1.303400 0.000000 0.000000 0.000000 1.000000
0.972879 0.149901 0.176173 0.019000 -0.101441 0.960949 -0.257460 12.337300 -0.207887 0.232607 0.950093 -1.303400 0.000000 0.000000 0.000000 1.000000
0.973561 0.152038 0.170482 0.019000 -0.108142 0.964158 -0.242292 12.337300 -0.201209 0.217450 0.955108 -1.303400 0.000000 0.000000 0.000000 1.000000
0.974177 0.154478 0.164666 0.019000 -0.114331 0.966399 -0.230219 12.337300 -0.194697 0.205448 0.959106 -1.303400 0.000000 0.000000 0.000000 1.000000
0.975400 0.156159 0.155593 0.019000 -0.120393 0.968627 -0.217411 12.337300 -0.184662 0.193330 0.963599 -1.303400 0.000000 0.000000 0.000000 1.000000
0.976716 0.156515 0.146731 0.019000 -0.125357 0.971388 -0.201722 12.337300 -0.174105 0.178631 0.968390 -1.303400 0.000000 0.000000 0.000000 1.000000
0.978227 0.156067 0.136801 0.019000 -0.128850 0.973453 -0.189175 12.337300 -0.162694 0.167429 0.972367 -1.303400 0.000000 0.000000 0.000000 1.000000
0.979503 0.155693 0.127805 0.019000 -0.131850 0.975241 -0.177540 12.337300 -0.152283 0.157050 0.975779 -1.303400 0.000000 0.000000 0.000000 1.000000
0.980704 0.153794 0.120693 0.019000 -0.131982 0.976285 -0.171606 12.337300 -0.144223 0.152365 0.977745 -1.303400 0.000000 0.000000 0.000000 1.000000
0.982469 0.148933 0.112134 0.019000 -0.128733 0.977039 -0.169770 12.337300 -0.134843 0.152359 0.979083 -1.303400 0.000000 0.000000 0.000000 1.000000
0.984511 0.141332 0.103748 0.019000 -0.122787 0.978212 -0.167406 12.337300 -0.125147 0.152074 0.980414 -1.303400 0.000000 0.000000 0.000000 1.000000
0.986805 0.131162 0.094937 0.019000 -0.114466 0.979816 -0.163888 12.337300 -0.114517 0.150858 0.981900 -1.303400 0.000000 0.000000 0.000000 1.000000
0.988629 0.123736 0.085453 0.019000 -0.108859 0.980937 -0.160976 12.337300 -0.103743 0.149843 0.983252 -1.303400 0.000000 0.000000 0.000000 1.000000
0.990305 0.117146 0.074654 0.019000 -0.104017 0.981552 -0.160423 12.337300 -0.092069 0.151102 0.984221 -1.303400 0.000000 0.000000 0.000000 1.000000
0.991955 0.109088 0.064233 0.019000 -0.097730 0.982401 -0.159179 12.337300 -0.080467 0.151620 0.985158 -1.303400 0.000000 0.000000 0.000000 1.000000
0.994065 0.092453 0.057335 0.019000 -0.082858 0.984953 -0.151662 12.337300 -0.070494 0.146011 0.986768 -1.303400 0.000000 0.000000 0.000000 1.000000
0.995029 0.089383 0.043907 0.019000 -0.081764 0.984966 -0.152173 12.337300 -0.056849 0.147826 0.987378 -1.303400 0.000000 0.000000 0.000000 1.000000
0.995720 0.086573 0.032350 0.019000 -0.080718 0.985106 -0.151822 12.337300 -0.045012 0.148561 0.987878 -1.303400 0.000000 0.000000 0.000000 1.000000
0.996087 0.084196 0.026854 0.019000 -0.079246 0.985462 -0.150282 12.337300 -0.039117 0.147566 0.988278 -1.303400 0.000000 0.000000 0.000000 1.000000
0.995807 0.087973 0.025063 0.019000 -0.083301 0.985340 -0.148883 12.337300 -0.037793 0.146171 0.988537 -1.303400 0.000000 0.000000 0.000000 1.000000
0.995780 0.087287 0.028345 0.019000 -0.082301 0.985999 -0.145028 12.337300 -0.040607 0.142083 0.989021 -1.303400 0.000000 0.000000 0.000000 1.000000
0.995763 0.085825 0.033023 0.019000 -0.080393 0.986808 -0.140521 12.337300 -0.044648 0.137271 0.989527 -1.303400 0.000000 0.000000 0.000000 1.000000
0.995729 0.085079 0.035856 0.019000 -0.079490 0.987543 -0.135796 12.337300 -0.046963 0.132366 0.990088 -1.303400 0.000000 0.000000 0.000000 1.000000
0.995617 0.083714 0.041697 0.019000 -0.077525 0.988118 -0.132712 12.337300 -0.052311 0.128898 0.990277 -1.303400 0.000000 0.000000 0.000000 1.000000
0.995412 0.082032 0.049255 0.019000 -0.075079 0.988745 -0.129411 12.337300 -0.059317 0.125119 0.990367 -1.303400 0.000000 0.000000 0.000000 1.000000
0.995148 0.078822 0.058891 0.019000 -0.070831 0.989338 -0.127256 12.337300 -0.068294 0.122467 0.990120 -1.303400 0.000000 0.000000 0.000000 1.000000
0.994583 0.077205 0.069605 0.019000 -0.068265 0.990086 -0.122758 12.337300 -0.078392 0.117341 0.989993 -1.303400 0.000000 0.000000 0.000000 1.000000
0.993888 0.077987 0.078135 0.019000 -0.068333 0.990491 -0.119405 12.337300 -0.086704 0.113335 0.989766 -1.303400 0.000000 0.000000 0.000000 1.000000
0.993260 0.077405 0.086273 0.019000 -0.067092 0.990908 -0.116621 12.337300 -0.094516 0.110047 0.989422 -1.303400 0.000000 0.000000 0.000000 1.000000
0.992751 0.077464 0.091895 0.019000 -0.066910 0.991357 -0.112844 12.337300 -0.099842 0.105877 0.989354 -1.303400 0.000000 0.000000 0.000000 1.000000
0.992481 0.076656 0.095419 0.019000 -0.066087 0.991800 -0.109381 12.337300 -0.103021 0.102253 0.989409 -1.303400 0.000000 0.000000 0.000000 1.000000
0.992497 0.074470 0.096974 0.019000 -0.064121 0.992319 -0.105786 12.337300 -0.104107 0.098774 0.989649 -1.303400 0.000000 0.000000 0.000000 1.000000</float_array><technique_common><accessor source="#Spine1-Matrix-animation-output-transform-array" count="69" stride="16"><param type="float4x4"/></accessor></technique_common></source><source id="Spine1-Interpolations"><Name_array id="Spine1-Interpolations-array" count="69">
 LINEAR LINEAR LINEAR LINEAR LINEAR LINEAR LINEAR LINEAR LINEAR LINEAR LINEAR
LINEAR LINEAR LINEAR LINEAR LINEAR LINEAR LINEAR LINEAR LINEAR LINEAR LINEAR LINEAR
LINEAR LINEAR LINEAR LINEAR LINEAR LINEAR LINEAR LINEAR LINEAR LINEAR LINEAR LINEAR
LINEAR LINEAR LINEAR LINEAR LINEAR LINEAR LINEAR LINEAR LINEAR LINEAR LINEAR LINEAR
LINEAR LINEAR LINEAR LINEAR LINEAR LINEAR LINEAR LINEAR LINEAR LINEAR LINEAR LINEAR
LINEAR LINEAR LINEAR LINEAR LINEAR LINEAR LINEAR LINEAR LINEAR LINEAR</Name_array><technique_common><accessor source="#Spine1-Interpolations-array" count="69"><param type="name"/></accessor></technique_common></source><sampler id="Spine1-Matrix-animation-transform"><input semantic="INPUT" source="#Spine1-Matrix-animation-input"/><input semantic="OUTPUT" source="#Spine1-Matrix-animation-output-transform"/><input semantic="INTERPOLATION" source="#Spine1-Interpolations"/></sampler><channel source="#Spine1-Matrix-animation-transform" target="Spine1/matrix"/></animation>
    <animation id="Spine2-anim" name="Spine2"><source id="Spine2-Matrix-animation-input"><float_array id="Spine2-Matrix-animation-input-array" count="69">

0.000000 0.033333 0.066667 0.100000 0.133333 0.166667 0.200000 0.233333 0.266667 0.300000 0.333333 0.366667 0.400000 0.433333 0.466667 0.500000
0.533333 0.566667 0.600000 0.633333 0.666667 0.700000 0.733333 0.766667 0.800000 0.833333 0.866667 0.900000 0.933333 0.966667 1.000000 1.033333
1.066667 1.100000 1.133333 1.166667 1.200000 1.233333 1.266667 1.300000 1.333333 1.366667 1.400000 1.433333 1.466667 1.500000 1.533333 1.566667
1.600000 1.633333 1.666667 1.700000 1.733333 1.766667 1.800000 1.833333 1.866667 1.900000 1.933333 1.966667 2.000000 2.033333 2.066667 2.100000
2.133333 2.166667 2.200000 2.233333 2.266667</float_array><technique_common><accessor source="#Spine2-Matrix-animation-input-array" count="69"><param name="TIME" type="float"/></accessor></technique_common></source><source id="Spine2-Matrix-animation-output-transform"><float_array id="Spine2-Matrix-animation-output-transform-array" count="1104">

0.992503 0.052817 0.110223 0.021700 -0.063968 0.992907 0.100215 14.099800 -0.104148 -0.106514 0.988842 -1.489600 0.000000 0.000000 0.000000 1.000000
0.993085 0.049802 0.106313 0.021700 -0.060785 0.992854 0.102696 14.099800 -0.100439 -0.108448 0.989015 -1.489600 0.000000 0.000000 0.000000 1.000000
0.994850 0.044339 0.091146 0.021700 -0.054058 0.992780 0.107081 14.099800 -0.085740 -0.111456 0.990064 -1.489600 0.000000 0.000000 0.000000 1.000000
0.997162 0.036499 0.065842 0.021700 -0.043605 0.992982 0.109935 14.099800 -0.061367 -0.112494 0.991756 -1.489600 0.000000 0.000000 0.000000 1.000000
