<?xml version="1.0" encoding="utf-8"?>
<COLLADA xmlns="http://www.collada.org/2005/11/COLLADASchema" version="1.4.1">
  <asset><contributor><author>Mixamo</author><authoring_tool>COLLADA Mixamo exporter</authoring_tool><comments></comments></contributor><created>2018-12-18T10:54:36Z</created><modified>2018-12-18T10:54:36Z</modified><revision></revision><title></title><unit meter="0.010000"/><up_axis>Y_UP</up_axis></asset>
  <library_animations>
    <animation id="Hips-anim" name="Hips"><source id="Hips-Matrix-animation-input"><float_array id="Hips-Matrix-animation-input-array" count="31">

0.000000 0.033333 0.066667 0.100000 0.133333 0.166667 0.200000 0.233333 0.266667 0.300000 0.333333 0.366667 0.400000 0.433333 0.466667 0.500000
0.533333 0.566667 0.600000 0.633333 0.666667 0.700000 0.733333 0.766667 0.800000 0.833333 0.866667 0.900000 0.933333 0.966667 1.000000</float_array><technique_common><accessor source="#Hips-Matrix-animation-input-array" count="31"><param name="TIME" type="float"/></accessor></technique_common></source><source id="Hips-Matrix-animation-output-transform"><float_array id="Hips-Matrix-animation-output-transform-array" count="496">

0.983727 -0.002320 -0.179654 -0.282105 0.007143 0.999631 0.026207 88.647881 0.179527 -0.027064 0.983381 0.682738 0.000000 0.000000 0.000000 1.000000
0.992043 0.001980 -0.125887 -0.713054 0.004085 0.998844 0.047905 88.012840 0.125836 -0.048038 0.990887 2.068272 0.000000 0.000000 0.000000 1.000000
0.996202 -0.000489 -0.087076 -0.979679 0.005787 0.998145 0.060605 87.764153 0.086885 -0.060878 0.994356 3.399495 0.000000 0.000000 0.000000 1.000000
0.997154 -0.009143 -0.074836 -1.132522 0.014246 0.997588 0.067939 87.767578 0.074034 -0.068812 0.994879 4.664561 0.000000 0.000000 0.000000 1.000000
0.997341 -0.017241 -0.070803 -1.211455 0.022630 0.996849 0.076024 87.690491 0.069269 -0.077424 0.994589 5.991963 0.000000 0.000000 0.000000 1.000000
0.997786 -0.026750 -0.060887 -1.080791 0.031623 0.996250 0.080531 87.728928 0.058504 -0.082278 0.994891 7.360586 0.000000 0.000000 0.000000 1.000000
0.998051 -0.037078 -0.050185 -0.776684 0.040948 0.996078 0.078438 87.962990 0.047079 -0.080340 0.995655 8.685120 0.000000 0.000000 0.000000 1.000000
0.998173 -0.046965 -0.038019 -0.408411 0.049676 0.996035 0.073803 88.211205 0.034402 -0.075557 0.996548 9.969622 0.000000 0.000000 0.000000 1.000000
0.998220 -0.055939 -0.020700 0.127585 0.057259 0.995909 0.069898 88.349625 0.016706 -0.070959 0.997339 11.327854 0.000000 0.000000 0.000000 1.000000
0.998061 -0.062112 -0.003930 0.859101 0.062236 0.995915 0.065415 88.290619 -0.000149 -0.065532 0.997850 12.795740 0.000000 0.000000 0.000000 1.000000
0.997977 -0.063431 0.004214 1.853815 0.063081 0.996324 0.057952 87.774956 -0.007875 -0.057569 0.998310 14.441702 0.000000 0.000000 0.000000 1.000000
0.998389 -0.056735 -0.001013 3.289137 0.056715 0.997148 0.049792 86.750496 -0.001815 -0.049769 0.998759 16.500340 0.000000 0.000000 0.000000 1.000000
0.998973 -0.042333 -0.016148 4.844435 0.042979 0.998194 0.041978 85.825409 0.014342 -0.042629 0.998988 18.669016 0.000000 0.000000 0.000000 1.000000
0.999189 -0.026622 -0.030225 6.359203 0.027677 0.999003 0.035035 85.220207 0.029262 -0.035843 0.998929 20.599136 0.000000 0.000000 0.000000 1.000000
0.999098 -0.017383 -0.038743 7.933622 0.018802 0.999155 0.036561 84.907249 0.038075 -0.037256 0.998580 22.360575 0.000000 0.000000 0.000000 1.000000
0.998840 -0.012715 -0.046452 9.584221 0.014695 0.998987 0.042537 85.007431 0.045864 -0.043170 0.998014 24.126186 0.000000 0.000000 0.000000 1.000000
0.998420 -0.015754 -0.053937 11.363959 0.018386 0.998647 0.048653 85.319046 0.053097 -0.049568 0.997358 25.945253 0.000000 0.000000 0.000000 1.000000
0.997571 -0.030962 -0.062405 13.388548 0.034421 0.997886 0.055126 85.430702 0.060567 -0.057140 0.996527 27.927809 0.000000 0.000000 0.000000 1.000000
0.995125 -0.042996 -0.088751 15.474209 0.047730 0.997510 0.051925 85.790649 0.086297 -0.055908 0.994700 29.922752 0.000000 0.000000 0.000000 1.000000
0.989981 -0.046135 -0.133449 17.528164 0.051921 0.997842 0.040206 86.337578 0.131306 -0.046732 0.990240 31.723383 0.000000 0.000000 0.000000 1.000000
0.982639 -0.054336 -0.177394 19.354132 0.060423 0.997749 0.029090 87.056160 0.175414 -0.039303 0.983710 33.189079 0.000000 0.000000 0.000000 1.000000
0.976418 -0.059747 -0.207457 20.904133 0.065567 0.997621 0.021283 87.859314 0.205692 -0.034384 0.978013 34.481392 0.000000 0.000000 0.000000 1.000000
0.974442 -0.049233 -0.219180 22.156452 0.054117 0.998401 0.016331 88.532440 0.218025 -0.027774 0.975548 35.682869 0.000000 0.000000 0.000000 1.000000
0.973432 -0.037603 -0.225866 23.034224 0.041296 0.999079 0.011643 89.050575 0.225220 -0.020660 0.974089 36.772900 0.000000 0.000000 0.000000 1.000000
0.971171 -0.031713 -0.236267 23.468573 0.034386 0.999383 0.007204 89.378174 0.235893 -0.015121 0.971661 37.768044 0.000000 0.000000 0.000000 1.000000
0.968729 -0.023928 -0.246965 23.617199 0.025270 0.999678 0.002267 89.632347 0.246831 -0.008437 0.969022 38.832008 0.000000 0.000000 0.000000 1.000000
0.967228 -0.016295 -0.253385 23.533083 0.016673 0.999861 -0.000657 89.733040 0.253361 -0.003589 0.967365 40.000832 0.000000 0.000000 0.000000 1.000000
0.967913 -0.007889 -0.251160 23.206146 0.007804 0.999969 -0.001334 89.572937 0.251163 -0.000669 0.967945 41.290260 0.000000 0.000000 0.000000 1.000000
0.971317 0.002241 -0.237779 22.795671 -0.002136 0.999997 0.000698 89.410797 0.237780 -0.000170 0.971319 42.689632 0.000000 0.000000 0.000000 1.000000
0.976452 -0.000824 -0.215734 22.417271 0.002563 0.999966 0.007782 89.115105 0.215721 -0.008152 0.976421 43.928616 0.000000 0.000000 0.000000 1.000000
0.983727 -0.002320 -0.179654 22.280512 0.007143 0.999631 0.026207 88.647888 0.179527 -0.027064 0.983381 45.122860 0.000000 0.000000 0.000000 1.000000</float_array><technique_common><accessor source="#Hips-Matrix-animation-output-transform-array" count="31" stride="16"><param type="float4x4"/></accessor></technique_common></source><source id="Hips-Interpolations"><Name_array id="Hips-Interpolations-array" count="31">
 LINEAR LINEAR LINEAR LINEAR LINEAR LINEAR LINEAR LINEAR LINEAR LINEAR LINEAR
LINEAR LINEAR LINEAR LINEAR LINEAR LINEAR LINEAR LINEAR LINEAR LINEAR LINEAR LINEAR
LINEAR LINEAR LINEAR LINEAR LINEAR LINEAR LINEAR LINEAR</Name_array><technique_common><accessor source="#Hips-Interpolations-array" count="31"><param type="name"/></accessor></technique_common></source><sampler id="Hips-Matrix-animation-transform"><input semantic="INPUT" source="#Hips-Matrix-animation-input"/><input semantic="OUTPUT" source="#Hips-Matrix-animation-output-transform"/><input semantic="INTERPOLATION" source="#Hips-Interpolations"/></sampler><channel source="#Hips-Matrix-animation-transform" target="Hips/matrix"/></animation>
    <animation id="Spine-anim" name="Spine"><source id="Spine-Matrix-animation-input"><float_array id="Spine-Matrix-animation-input-array" count="31">

0.000000 0.033333 0.066667 0.100000 0.133333 0.166667 0.200000 0.233333 0.266667 0.300000 0.333333 0.366667 0.400000 0.433333 0.466667 0.500000
0.533333 0.566667 0.600000 0.633333 0.666667 0.700000 0.733333 0.766667 0.800000 0.833333 0.866667 0.900000 0.933333 0.966667 1.000000</float_array><technique_common><accessor source="#Spine-Matrix-animation-input-array" count="31"><param name="TIME" type="float"/></accessor></technique_common></source><source id="Spine-Matrix-animation-output-transform"><float_array id="Spine-Matrix-animation-output-transform-array" count="496">

0.999705 -0.018960 0.015198 0.017300 0.020207 0.996040 -0.086582 10.574800 -0.013496 0.086863 0.996129 -1.117200 0.000000 0.000000 0.000000 1.000000
0.999442 -0.031064 0.012313 0.017300 0.032081 0.995113 -0.093390 10.574800 -0.009352 0.093732 0.995553 -1.117200 0.000000 0.000000 0.000000 1.000000
0.999016 -0.042509 0.012624 0.017300 0.043527 0.994424 -0.096052 10.574800 -0.008471 0.096507 0.995296 -1.117200 0.000000 0.000000 0.000000 1.000000
0.998697 -0.047927 0.017520 0.017300 0.049391 0.994169 -0.095861 10.574800 -0.012824 0.096601 0.995241 -1.117200 0.000000 0.000000 0.000000 1.000000
0.998430 -0.050181 0.024868 0.017300 0.052317 0.994159 -0.094399 10.574800 -0.019986 0.095552 0.995224 -1.117200 0.000000 0.000000 0.000000 1.000000
0.998146 -0.051997 0.031624 0.017300 0.054703 0.994275 -0.091784 10.574800 -0.026671 0.093343 0.995277 -1.117200 0.000000 0.000000 0.000000 1.000000
0.997941 -0.052948 0.036207 0.017300 0.055964 0.994538 -0.088104 10.574800 -0.031344 0.089949 0.995453 -1.117200 0.000000 0.000000 0.000000 1.000000
0.997878 -0.052718 0.038223 0.017300 0.055792 0.994868 -0.084404 10.574800 -0.033577 0.086358 0.995698 -1.117200 0.000000 0.000000 0.000000 1.000000
0.997923 -0.051945 0.038107 0.017300 0.054895 0.995204 -0.080960 10.574800 -0.033719 0.082884 0.995989 -1.117200 0.000000 0.000000 0.000000 1.000000
0.997950 -0.051989 0.037313 0.017300 0.054698 0.995630 -0.075691 10.574800 -0.033215 0.077577 0.996433 -1.117200 0.000000 0.000000 0.000000 1.000000
0.997719 -0.056294 0.037257 0.017300 0.058659 0.996110 -0.065762 10.574800 -0.033410 0.067798 0.997140 -1.117200 0.000000 0.000000 0.000000 1.000000
0.997071 -0.066486 0.037806 0.017300 0.068398 0.996315 -0.051757 10.574800 -0.034226 0.054191 0.997944 -1.117200 0.000000 0.000000 0.000000 1.000000
0.996225 -0.077984 0.038144 0.017300 0.079476 0.996062 -0.039290 10.574800 -0.034929 0.042173 0.998500 -1.117200 0.000000 0.000000 0.000000 1.000000
0.995667 -0.084769 0.038220 0.017300 0.086094 0.995691 -0.034460 10.574800 -0.035134 0.037602 0.998675 -1.117200 0.000000 0.000000 0.000000 1.000000
0.995637 -0.084987 0.038526 0.017300 0.086473 0.995503 -0.038678 10.574800 -0.035066 0.041840 0.998509 -1.117200 0.000000 0.000000 0.000000 1.000000
0.996168 -0.078472 0.038620 0.017300 0.080315 0.995576 -0.048754 10.574800 -0.034624 0.051669 0.998064 -1.117200 0.000000 0.000000 0.000000 1.000000
0.997037 -0.066811 0.038123 0.017300 0.069007 0.995838 -0.059535 10.574800 -0.033986 0.061989 0.997498 -1.117200 0.000000 0.000000 0.000000 1.000000
0.997783 -0.054087 0.038768 0.017300 0.056570 0.996208 -0.066109 10.574800 -0.035045 0.068156 0.997059 -1.117200 0.000000 0.000000 0.000000 1.000000
0.998092 -0.044900 0.042377 0.017300 0.047668 0.996631 -0.066745 10.574800 -0.039237 0.068637 0.996870 -1.117200 0.000000 0.000000 0.000000 1.000000
0.998106 -0.038991 0.047587 0.017300 0.042048 0.996998 -0.065022 10.574800 -0.044909 0.066900 0.996748 -1.117200 0.000000 0.000000 0.000000 1.000000
0.998199 -0.033384 0.049850 0.017300 0.036651 0.997137 -0.066143 10.574800 -0.047499 0.067850 0.996564 -1.117200 0.000000 0.000000 0.000000 1.000000
0.998503 -0.029145 0.046290 0.017300 0.032390 0.996951 -0.070987 10.574800 -0.044080 0.072380 0.996403 -1.117200 0.000000 0.000000 0.000000 1.000000
0.998851 -0.028056 0.038863 0.017300 0.030979 0.996567 -0.076773 10.574800 -0.036576 0.077888 0.996291 -1.117200 0.000000 0.000000 0.000000 1.000000
0.999114 -0.027283 0.032058 0.017300 0.029824 0.996215 -0.081650 10.574800 -0.029709 0.082534 0.996145 -1.117200 0.000000 0.000000 0.000000 1.000000
0.999350 -0.022754 0.027978 0.017300 0.025070 0.996031 -0.085403 10.574800 -0.025924 0.086048 0.995954 -1.117200 0.000000 0.000000 0.000000 1.000000
0.999546 -0.016577 0.025156 0.017300 0.018713 0.996015 -0.087204 10.574800 -0.023610 0.087635 0.995873 -1.117200 0.000000 0.000000 0.000000 1.000000
0.999687 -0.011479 0.022228 0.017300 0.013347 0.996225 -0.085773 10.574800 -0.021159 0.086043 0.996067 -1.117200 0.000000 0.000000 0.000000 1.000000
0.999771 -0.008046 0.019836 0.017300 0.009640 0.996620 -0.081582 10.574800 -0.019112 0.081754 0.996469 -1.117200 0.000000 0.000000 0.000000 1.000000
0.999774 -0.009279 0.019151 0.017300 0.010749 0.996882 -0.078172 10.574800 -0.018366 0.078360 0.996756 -1.117200 0.000000 0.000000 0.000000 1.000000
0.999782 -0.010767 0.017913 0.017300 0.012173 0.996693 -0.080337 10.574800 -0.016989 0.080538 0.996607 -1.117200 0.000000 0.000000 0.000000 1.000000
0.999705 -0.018960 0.015198 0.017300 0.020207 0.996040 -0.086582 10.574800 -0.013496 0.086863 0.996129 -1.117200 0.000000 0.000000 0.000000 1.000000</float_array><technique_common><accessor source="#Spine-Matrix-animation-output-transform-array" count="31" stride="16"><param type="float4x4"/></accessor></technique_common></source><source id="Spine-Interpolations"><Name_array id="Spine-Interpolations-array" count="31">
 LINEAR LINEAR LINEAR LINEAR LINEAR LINEAR LINEAR LINEAR LINEAR LINEAR LINEAR
LINEAR LINEAR LINEAR LINEAR LINEAR LINEAR LINEAR LINEAR LINEAR LINEAR LINEAR LINEAR
LINEAR LINEAR LINEAR LINEAR LINEAR LINEAR LINEAR LINEAR</Name_array><technique_common><accessor source="#Spine-Interpolations-array" count="31"><param type="name"/></accessor></technique_common></source><sampler id="Spine-Matrix-animation-transform"><input semantic="INPUT" source="#Spine-Matrix-animation-input"/><input semantic="OUTPUT" source="#Spine-Matrix-animation-output-transform"/><input semantic="INTERPOLATION" source="#Spine-Interpolations"/></sampler><channel source="#Spine-Matrix-animation-transform" target="Spine/matrix"/></animation>
    <animation id="Spine1-anim" name="Spine1"><source id="Spine1-Matrix-animation-input"><float_array id="Spine1-Matrix-animation-input-array" count="31">

0.000000 0.033333 0.066667 0.100000 0.133333 0.166667 0.200000 0.233333 0.266667 0.300000 0.333333 0.366667 0.400000 0.433333 0.466667 0.500000
0.533333 0.566667 0.600000 0.633333 0.666667 0.700000 0.733333 0.766667 0.800000 0.833333 0.866667 0.900000 0.933333 0.966667 1.000000</float_array><technique_common><accessor source="#Spine1-Matrix-animation-input-array" count="31"><param name="TIME" type="float"/></accessor></technique_common></source><source id="Spine1-Matrix-animation-output-transform"><float_array id="Spine1-Matrix-animation-output-transform-array" count="496">

0.999768 -0.014159 0.016248 0.019000 0.015356 0.996984 -0.076077 12.337300 -0.015122 0.076309 0.996970 -1.303400 0.000000 0.000000 0.000000 1.000000
0.999693 -0.020833 0.013432 0.019000 0.021858 0.996450 -0.081301 12.337300 -0.011691 0.081570 0.996599 -1.303400 0.000000 0.000000 0.000000 1.000000
0.999545 -0.026827 0.013789 0.019000 0.027887 0.996118 -0.083490 12.337300 -0.011496 0.083836 0.996413 -1.303400 0.000000 0.000000 0.000000 1.000000
0.999420 -0.028368 0.018861 0.019000 0.029852 0.996043 -0.083707 12.337300 -0.016412 0.084221 0.996312 -1.303400 0.000000 0.000000 0.000000 1.000000
0.999276 -0.027223 0.026583 0.019000 0.029352 0.996093 -0.083292 12.337300 -0.024211 0.084012 0.996171 -1.303400 0.000000 0.000000 0.000000 1.000000
0.999074 -0.026653 0.033782 0.019000 0.029352 0.996192 -0.082097 12.337300 -0.031465 0.083012 0.996052 -1.303400 0.000000 0.000000 0.000000 1.000000
0.998873 -0.027634 0.038601 0.019000 0.030648 0.996339 -0.079806 12.337300 -0.036255 0.080899 0.996063 -1.303400 0.000000 0.000000 0.000000 1.000000
0.998747 -0.029306 0.040557 0.019000 0.032374 0.996491 -0.077179 12.337300 -0.038153 0.078396 0.996192 -1.303400 0.000000 0.000000 0.000000 1.000000
0.998685 -0.031567 0.040384 0.019000 0.034525 0.996602 -0.074785 12.337300 -0.037886 0.076081 0.996382 -1.303400 0.000000 0.000000 0.000000 1.000000
0.998571 -0.035496 0.039942 0.019000 0.038293 0.996698 -0.071600 12.337300 -0.037269 0.073027 0.996633 -1.303400 0.000000 0.000000 0.000000 1.000000
0.998293 -0.041841 0.040752 0.019000 0.044463 0.996846 -0.065731 12.337300 -0.037873 0.067430 0.997005 -1.303400 0.000000 0.000000 0.000000 1.000000
0.997854 -0.049850 0.042455 0.019000 0.052228 0.997013 -0.056895 12.337300 -0.039492 0.058990 0.997477 -1.303400 0.000000 0.000000 0.000000 1.000000
0.997389 -0.057565 0.043596 0.019000 0.059646 0.997064 -0.048024 12.337300 -0.040703 0.050499 0.997894 -1.303400 0.000000 0.000000 0.000000 1.000000
0.997064 -0.062939 0.043614 0.019000 0.064826 0.996957 -0.043289 12.337300 -0.040756 0.045989 0.998110 -1.303400 0.000000 0.000000 0.000000 1.000000
0.996997 -0.064431 0.042964 0.019000 0.066339 0.996801 -0.044583 12.337300 -0.039954 0.047299 0.998081 -1.303400 0.000000 0.000000 0.000000 1.000000
0.997263 -0.061005 0.041763 0.019000 0.063083 0.996734 -0.050417 12.337300 -0.038551 0.052914 0.997855 -1.303400 0.000000 0.000000 0.000000 1.000000
0.997796 -0.052774 0.040224 0.019000 0.055034 0.996839 -0.057306 12.337300 -0.037073 0.059393 0.997546 -1.303400 0.000000 0.000000 0.000000 1.000000
0.998280 -0.042596 0.040274 0.019000 0.045030 0.997085 -0.061593 12.337300 -0.037533 0.063301 0.997288 -1.303400 0.000000 0.000000 0.000000 1.000000
0.998429 -0.034806 0.043900 0.019000 0.037485 0.997387 -0.061753 12.337300 -0.041635 0.063302 0.997126 -1.303400 0.000000 0.000000 0.000000 1.000000
0.998322 -0.030422 0.049279 0.019000 0.033370 0.997632 -0.060148 12.337300 -0.047333 0.061691 0.996972 -1.303400 0.000000 0.000000 0.000000 1.000000
0.998305 -0.027129 0.051492 0.019000 0.030235 0.997708 -0.060531 12.337300 -0.049732 0.061985 0.996837 -1.303400 0.000000 0.000000 0.000000 1.000000
0.998558 -0.024466 0.047788 0.019000 0.027489 0.997593 -0.063657 12.337300 -0.046115 0.064879 0.996827 -1.303400 0.000000 0.000000 0.000000 1.000000
0.998910 -0.023460 0.040356 0.019000 0.026152 0.997375 -0.067526 12.337300 -0.038666 0.068508 0.996901 -1.303400 0.000000 0.000000 0.000000 1.000000
0.999176 -0.022744 0.033609 0.019000 0.025079 0.997176 -0.070790 12.337300 -0.031904 0.071575 0.996925 -1.303400 0.000000 0.000000 0.000000 1.000000
0.999356 -0.020430 0.029498 0.019000 0.022549 0.997049 -0.073386 12.337300 -0.027912 0.074004 0.996867 -1.303400 0.000000 0.000000 0.000000 1.000000
0.999498 -0.017137 0.026635 0.019000 0.019090 0.997008 -0.074910 12.337300 -0.025272 0.075381 0.996835 -1.303400 0.000000 0.000000 0.000000 1.000000
0.999620 -0.014191 0.023636 0.019000 0.015917 0.997094 -0.074494 12.337300 -0.022510 0.074842 0.996941 -1.303400 0.000000 0.000000 0.000000 1.000000
0.999709 -0.011556 0.021163 0.019000 0.013057 0.997306 -0.072176 12.337300 -0.020272 0.072431 0.997167 -1.303400 0.000000 0.000000 0.000000 1.000000
0.999757 -0.009132 0.020047 0.019000 0.010515 0.997491 -0.070005 12.337300 -0.019357 0.070199 0.997345 -1.303400 0.000000 0.000000 0.000000 1.000000
0.999779 -0.009307 0.018841 0.019000 0.010631 0.997389 -0.071424 12.337300 -0.018127 0.071609 0.997268 -1.303400 0.000000 0.000000 0.000000 1.000000
0.999768 -0.014159 0.016248 0.019000 0.015356 0.996984 -0.076077 12.337300 -0.015122 0.076309 0.996970 -1.303400 0.000000 0.000000 0.000000 1.000000</float_array><technique_common><accessor source="#Spine1-Matrix-animation-output-transform-array" count="31" stride="16"><param type="float4x4"/></accessor></technique_common></source><source id="Spine1-Interpolations"><Name_array id="Spine1-Interpolations-array" count="31">
 LINEAR LINEAR LINEAR LINEAR LINEAR LINEAR LINEAR LINEAR LINEAR LINEAR LINEAR
LINEAR LINEAR LINEAR LINEAR LINEAR LINEAR LINEAR LINEAR LINEAR LINEAR LINEAR LINEAR
LINEAR LINEAR LINEAR LINEAR LINEAR LINEAR LINEAR LINEAR</Name_array><technique_common><accessor source="#Spine1-Interpolations-array" count="31"><param type="name"/></accessor></technique_common></source><sampler id="Spine1-Matrix-animation-transform"><input semantic="INPUT" source="#Spine1-Matrix-animation-input"/><input semantic="OUTPUT" source="#Spine1-Matrix-animation-output-transform"/><input semantic="INTERPOLATION" source="#Spine1-Interpolations"/></sampler><channel source="#Spine1-Matrix-animation-transform" target="Spine1/matrix"/></animation>
    <animation id="Spine2-anim" name="Spine2"><source id="Spine2-Matrix-animation-input"><float_array id="Spine2-Matrix-animation-input-array" count="31">

0.000000 0.033333 0.066667 0.100000 0.133333 0.166667 0.200000 0.233333 0.266667 0.300000 0.333333 0.366667 0.400000 0.433333 0.466667 0.500000
0.533333 0.566667 0.600000 0.633333 0.666667 0.700000 0.733333 0.766667 0.800000 0.833333 0.866667 0.900000 0.933333 0.966667 1.000000</float_array><technique_common><accessor source="#Spine2-Matrix-animation-input-array" count="31"><param name="TIME" type="float"/></accessor></technique_common></source><source id="Spine2-Matrix-animation-output-transform"><float_array id="Spine2-Matrix-animation-output-transform-array" count="496">

0.999759 -0.014329 0.016611 0.021700 0.015551 0.996989 -0.075962 14.099800 -0.015473 0.076202 0.996972 -1.489600 0.000000 0.000000 0.000000 1.000000
0.999682 -0.020975 0.014011 0.021700 0.022045 0.996457 -0.081161 14.099800 -0.012259 0.081444 0.996603 -1.489600 0.000000 0.000000 0.000000 1.000000
0.999531 -0.026973 0.014484 0.021700 0.028088 0.996128 -0.083310 14.099800 -0.012181 0.083678 0.996418 -1.489600 0.000000 0.000000 0.000000 1.000000
0.999400 -0.028571 0.019587 0.021700 0.030111 0.996056 -0.083459 14.099800 -0.017125 0.083999 0.996319 -1.489600 0.000000 0.000000 0.000000 1.000000
0.999248 -0.027503 0.027322 0.021700 0.029685 0.996112 -0.082948 14.099800 -0.024935 0.083697 0.996179 -1.489600 0.000000 0.000000 0.000000 1.000000
0.999038 -0.026977 0.034571 0.021700 0.029727 0.996218 -0.081646 14.099800 -0.032238 0.082595 0.996062 -1.489600 0.000000 0.000000 0.000000 1.000000
0.998830 -0.027958 0.039461 0.021700 0.031021 0.996371 -0.079261 14.099800 -0.037102 0.080392 0.996073 -1.489600 0.000000 0.000000 0.000000 1.000000
0.998701 -0.029604 0.041467 0.021700 0.032719 0.996526 -0.076581 14.099800 -0.039056 0.077838 0.996201 -1.489600 0.000000 0.000000 0.000000 1.000000
0.998638 -0.031821 0.041341 0.021700 0.034827 0.996637 -0.074167 14.099800 -0.038842 0.075506 0.996389 -1.489600 0.000000 0.000000 0.000000 1.000000
0.998521 -0.035661 0.041028 0.021700 0.038512 0.996737 -0.070941 14.099800 -0.038364 0.072416 0.996636 -1.489600 0.000000 0.000000 0.000000 1.000000
0.998236 -0.041840 0.042120 0.021700 0.044524 0.996894 -0.064956 14.099800 -0.039271 0.066717 0.996999 -1.489600 0.000000 0.000000 0.000000 1.000000
0.997789 -0.049637 0.044193 0.021700 0.052080 0.997075 -0.055943 14.099800 -0.041287 0.058121 0.997455 -1.489600 0.000000 0.000000 0.000000 1.000000
0.997320 -0.057208 0.045599 0.021700 0.059343 0.997134 -0.046927 14.099800 -0.042783 0.049507 0.997857 -1.489600 0.000000 0.000000 0.000000 1.000000
0.996996 -0.062587 0.045616 0.021700 0.064518 0.997025 -0.042162 14.099800 -0.042842 0.044978 0.998069 -1.489600 0.000000 0.000000 0.000000 1.000000
0.996934 -0.064214 0.044702 0.021700 0.066162 0.996858 -0.043555 14.099800 -0.041765 0.046379 0.998050 -1.489600 0.000000 0.000000 0.000000 1.000000
0.997209 -0.060973 0.043086 0.021700 0.063088 0.996776 -0.049578 14.099800 -0.039924 0.052158 0.997840 -1.489600 0.000000 0.000000 0.000000 1.000000
0.997752 -0.052905 0.041132 0.021700 0.055195 0.996865 -0.056681 14.099800 -0.038005 0.058824 0.997545 -1.489600 0.000000 0.000000 0.000000 1.000000
0.998245 -0.042830 0.040894 0.021700 0.045285 0.997102 -0.061128 14.099800 -0.038158 0.062873 0.997292 -1.489600 0.000000 0.000000 0.000000 1.000000
0.998398 -0.035091 0.044389 0.021700 0.037784 0.997401 -0.061344 14.099800 -0.042121 0.062923 0.997129 -1.489600 0.000000 0.000000 0.000000 1.000000
0.998289 -0.030746 0.049729 0.021700 0.033701 0.997646 -0.059730 14.099800 -0.047775 0.061303 0.996975 -1.489600 0.000000 0.000000 0.000000 1.000000
0.998271 -0.027500 0.051952 0.021700 0.030613 0.997723 -0.060105 14.099800 -0.050181 0.061591 0.996839 -1.489600 0.000000 0.000000 0.000000 1.000000
0.998521 -0.024871 0.048336 0.021700 0.027910 0.997608 -0.063235 14.099800 -0.046648 0.064490 0.996827 -1.489600 0.000000 0.000000 0.000000 1.000000
0.998873 -0.023858 0.041042 0.021700 0.026580 0.997391 -0.067117 14.099800 -0.039333 0.068132 0.996901 -1.489600 0.000000 0.000000 0.000000 1.000000
0.999142 -0.023116 0.034352 0.021700 0.025492 0.997191 -0.070423 14.099800 -0.032628 0.071239 0.996926 -1.489600 0.000000 0.000000 0.000000 1.000000
0.999329 -0.020780 0.030149 0.021700 0.022938 0.997061 -0.073099 14.099800 -0.028541 0.073741 0.996869 -1.489600 0.000000 0.000000 0.000000 1.000000
0.999480 -0.017460 0.027109 0.021700 0.019444 0.997016 -0.074709 14.099800 -0.025723 0.075198 0.996837 -1.489600 0.000000 0.000000 0.000000 1.000000
0.999609 -0.014468 0.023938 0.021700 0.016212 0.997100 -0.074359 14.099800 -0.022792 0.074718 0.996944 -1.489600 0.000000 0.000000 0.000000 1.000000
0.999703 -0.011783 0.021331 0.021700 0.013293 0.997310 -0.072078 14.099800 -0.020425 0.072340 0.997171 -1.489600 0.000000 0.000000 0.000000 1.000000
0.999753 -0.009336 0.020144 0.021700 0.010723 0.997495 -0.069920 14.099800 -0.019441 0.070119 0.997349 -1.489600 0.000000 0.000000 0.000000 1.000000
0.999774 -0.009500 0.019012 0.021700 0.010834 0.997394 -0.071330 14.099800 -0.018284 0.071520 0.997272 -1.489600 0.000000 0.000000 0.000000 1.000000
0.999759 -0.014329 0.016611 0.021700 0.015551 0.996989 -0.075962 14.099800 -0.015473 0.076202 0.996972 -1.489600 0.000000 0.000000 0.000000 1.000000</float_array><technique_common><accessor source="#Spine2-Matrix-animation-output-transform-array" count="31" stride="16"><param type="float4x4"/></accessor></technique_common></source><source id="Spine2-Interpolations"><Name_array id="Spine2-Interpolations-array" count="31">
 LINEAR LINEAR LINEAR LINEAR LINEAR LINEAR LINEAR LINEAR LINEAR LINEAR LINEAR
LINEAR LINEAR LINEAR LINEAR LINEAR LINEAR LINEAR LINEAR LINEAR LINEAR LINEAR LINEAR
LINEAR LINEAR LINEAR LINEAR LINEAR LINEAR LINEAR LINEAR</Name_array><technique_common><accessor source="#Spine2-Interpolations-array" count="31"><param type="name"/></accessor></technique_common></source><sampler id="Spine2-Matrix-animation-transform"><input semantic="INPUT" source="#Spine2-Matrix-animation-input"/><input semantic="OUTPUT" source="#Spine2-Matrix-animation-output-transform"/><input semantic="INTERPOLATION" source="#Spine2-Interpolations"/></sampler><channel source="#Spine2-Matrix-animation-transform" target="Spine2/matrix"/></animation>
    <animation id="Neck-anim" name="Neck"><source id="Neck-Matrix-animation-input"><float_array id="Neck-Matrix-animation-input-array" count="31">

0.000000 0.033333 0.066667 0.100000 0.133333 0.166667 0.200000 0.233333 0.266667 0.300000 0.333333 0.366667 0.400000 0.433333 0.466667 0.500000
0.533333 0.566667 0.600000 0.633333 0.666667 0.700000 0.733333 0.766667 0.800000 0.833333 0.866667 0.900000 0.933333 0.966667 1.000000</float_array><technique_common><accessor source="#Neck-Matrix-animation-input-array" count="31"><param name="TIME" type="float"/></accessor></technique_common></source><source id="Neck-Matrix-animation-output-transform"><float_array id="Neck-Matrix-animation-output-transform-array" count="496">

0.998675 0.045534 0.023985 0.024400 -0.045150 0.998847 -0.016331 15.862300 -0.024701 0.015226 0.999579 -1.675800 0.000000 0.000000 0.000000 1.000000
0.998573 0.048441 0.022471 0.024400 -0.048074 0.998706 -0.016612 15.862300 -0.023246 0.015508 0.999609 -1.675800 0.000000 0.000000 0.000000 1.000000
0.998275 0.054553 0.021702 0.024400 -0.054063 0.998283 -0.022548 15.862300 -0.022895 0.021336 0.999510 -1.675800 0.000000 0.000000 0.000000 1.000000
0.997992 0.059741 0.021052 0.024400 -0.059098 0.997803 -0.029931 15.862300 -0.022794 0.028627 0.999330 -1.675800 0.000000 0.000000 0.000000 1.000000
0.997834 0.062690 0.019910 0.024400 -0.061947 0.997431 -0.035959 15.862300 -0.022114 0.034648 0.999155 -1.675800 0.000000 0.000000 0.000000 1.000000
0.997744 0.064583 0.018347 0.024400 -0.063816 0.997172 -0.039704 15.862300 -0.020860 0.038444 0.999043 -1.675800 0.000000 0.000000 0.000000 1.000000
0.997625 0.066734 0.017055 0.024400 -0.065969 0.996935 -0.042049 15.862300 -0.019809 0.040824 0.998970 -1.675800 0.000000 0.000000 0.000000 1.000000
0.997451 0.069429 0.016472 0.024400 -0.068645 0.996663 -0.044164 15.862300 -0.019483 0.042921 0.998888 -1.675800 0.000000 0.000000 0.000000 1.000000
0.997176 0.073238 0.016626 0.024400 -0.072401 0.996300 -0.046313 15.862300 -0.019956 0.044979 0.998789 -1.675800 0.000000 0.000000 0.000000 1.000000
0.996724 0.078943 0.017576 0.024400 -0.078033 0.995817 -0.047542 15.862300 -0.021255 0.046014 0.998715 -1.675800 0.000000 0.000000 0.000000 1.000000
0.996154 0.085480 0.019231 0.024400 -0.084490 0.995294 -0.047440 15.862300 -0.023195 0.045633 0.998689 -1.675800 0.000000 0.000000 0.000000 1.000000
0.995769 0.089447 0.021048 0.024400 -0.088381 0.994973 -0.047081 15.862300 -0.025153 0.045022 0.998669 -1.675800 0.000000 0.000000 0.000000 1.000000
0.995802 0.088744 0.022434 0.024400 -0.087626 0.995059 -0.046674 15.862300 -0.026466 0.044512 0.998658 -1.675800 0.000000 0.000000 0.000000 1.000000
0.996148 0.084633 0.022961 0.024400 -0.083543 0.995493 -0.044872 15.862300 -0.026655 0.042781 0.998729 -1.675800 0.000000 0.000000 0.000000 1.000000
0.996603 0.079264 0.022371 0.024400 -0.078296 0.996075 -0.041280 15.862300 -0.025555 0.039388 0.998897 -1.675800 0.000000 0.000000 0.000000 1.000000
0.997078 0.073509 0.020761 0.024400 -0.072691 0.996641 -0.037707 15.862300 -0.023463 0.036088 0.999073 -1.675800 0.000000 0.000000 0.000000 1.000000
0.997574 0.067138 0.018390 0.024400 -0.066429 0.997113 -0.036767 15.862300 -0.020806 0.035456 0.999155 -1.675800 0.000000 0.000000 0.000000 1.000000
0.998015 0.060941 0.015896 0.024400 -0.060280 0.997412 -0.039196 15.862300 -0.018243 0.038160 0.999105 -1.675800 0.000000 0.000000 0.000000 1.000000
0.998200 0.058102 0.014872 0.024400 -0.057426 0.997447 -0.042443 15.862300 -0.017300 0.041513 0.998988 -1.675800 0.000000 0.000000 0.000000 1.000000
0.998052 0.060118 0.016702 0.024400 -0.059359 0.997321 -0.042737 15.862300 -0.019227 0.041662 0.998947 -1.675800 0.000000 0.000000 0.000000 1.000000
0.997809 0.062862 0.020624 0.024400 -0.062026 0.997315 -0.038934 15.862300 -0.023016 0.037569 0.999029 -1.675800 0.000000 0.000000 0.000000 1.000000
0.997818 0.061384 0.024309 0.024400 -0.060554 0.997602 -0.033513 15.862300 -0.026308 0.031968 0.999143 -1.675800 0.000000 0.000000 0.000000 1.000000
0.998077 0.056154 0.026238 0.024400 -0.055379 0.998033 -0.029370 15.862300 -0.027836 0.027860 0.999224 -1.675800 0.000000 0.000000 0.000000 1.000000
0.998329 0.051255 0.026674 0.024400 -0.050541 0.998363 -0.026764 15.862300 -0.028002 0.025371 0.999286 -1.675800 0.000000 0.000000 0.000000 1.000000
0.998430 0.049171 0.026812 0.024400 -0.048520 0.998524 -0.024408 15.862300 -0.027972 0.023068 0.999342 -1.675800 0.000000 0.000000 0.000000 1.000000
0.998415 0.049129 0.027442 0.024400 -0.048528 0.998576 -0.022145 15.862300 -0.028491 0.020778 0.999378 -1.675800 0.000000 0.000000 0.000000 1.000000
0.998409 0.048816 0.028232 0.024400 -0.048239 0.998620 -0.020759 15.862300 -0.029207 0.019364 0.999386 -1.675800 0.000000 0.000000 0.000000 1.000000
0.998486 0.047166 0.028313 0.024400 -0.046602 0.998708 -0.020263 15.862300 -0.029232 0.018913 0.999394 -1.675800 0.000000 0.000000 0.000000 1.000000
0.998604 0.045185 0.027351 0.024400 -0.044656 0.998809 -0.019641 15.862300 -0.028206 0.018393 0.999433 -1.675800 0.000000 0.000000 0.000000 1.000000
0.998694 0.044166 0.025672 0.024400 -0.043724 0.998889 -0.017559 15.862300 -0.026419 0.016413 0.999516 -1.675800 0.000000 0.000000 0.000000 1.000000
0.998675 0.045534 0.023985 0.024400 -0.045150 0.998847 -0.016331 15.862300 -0.024701 0.015226 0.999579 -1.675800 0.000000 0.000000 0.000000 1.000000</float_array><technique_common><accessor source="#Neck-Matrix-animation-output-transform-array" count="31" stride="16"><param type="float4x4"/></accessor></technique_common></source><source id="Neck-Interpolations"><Name_array id="Neck-Interpolations-array" count="31">
 LINEAR LINEAR LINEAR LINEAR LINEAR LINEAR LINEAR LINEAR LINEAR LINEAR LINEAR
LINEAR LINEAR LINEAR LINEAR LINEAR LINEAR LINEAR LINEAR LINEAR LINEAR LINEAR LINEAR
LINEAR LINEAR LINEAR LINEAR LINEAR LINEAR LINEAR LINEAR</Name_array><technique_common><accessor source="#Neck-Interpolations-array" count="31"><param type="name"/></accessor></technique_common></source><sampler id="Neck-Matrix-animation-transform"><input semantic="INPUT" source="#Neck-Matrix-animation-input"/><input semantic="OUTPUT" source="#Neck-Matrix-animation-output-transform"/><input semantic="INTERPOLATION" source="#Neck-Interpolations"/></sampler><channel source="#Neck-Matrix-animation-transform" target="Neck/matrix"/></animation>
    <animation id="Head-anim" name="Head"><source id="Head-Matrix-animation-input"><float_array id="Head-Matrix-animation-input-array" count="31">

0.000000 0.033333 0.066667 0.100000 0.133333 0.166667 0.200000 0.233333 0.266667 0.300000 0.333333 0.366667 0.400000 0.433333 0.466667 0.500000
0.533333 0.566667 0.600000 0.633333 0.666667 0.700000 0.733333 0.766667 0.800000 0.833333 0.866667 0.900000 0.933333 0.966667 1.000000</float_array><technique_common><accessor source="#Head-Matrix-animation-input-array" count="31"><param name="TIME" type="float"/></accessor></technique_common></source><source id="Head-Matrix-animation-output-transform"><float_array id="Head-Matrix-animation-output-transform-array" count="496">

0.984133 0.154828 0.086661 0.000000 -0.154035 0.987939 -0.015814 5.564000 -0.088064 0.002214 0.996112 0.988100 0.000000 0.000000 0.000000 1.000000
0.985923 0.150185 0.073491 -0.000000 -0.149005 0.988607 -0.021322 5.564000 -0.075856 0.010071 0.997068 0.988100 0.000000 0.000000 0.000000 1.000000
0.987777 0.143055 0.061905 -0.000000 -0.141147 0.989398 -0.034181 5.564000 -0.066138 0.025025 0.997497 0.988100 0.000000 0.000000 0.000000 1.000000
0.989480 0.135002 0.052005 0.000000 -0.132502 0.989978 -0.048864 5.564000 -0.058080 0.041459 0.997451 0.988100 0.000000 0.000000 0.000000 1.000000
0.991122 0.126436 0.041125 0.000000 -0.123753 0.990355 -0.062307 5.564000 -0.048606 0.056664 0.997209 0.988100 0.000000 0.000000 0.000000 1.000000
0.992594 0.118072 0.028551 0.000000 -0.115754 0.990630 -0.072484 5.564000 -0.036841 0.068642 0.996961 0.988100 0.000000 0.000000 0.000000 1.000000
0.993606 0.111542 0.017488 0.000000 -0.109823 0.990763 -0.079551 5.564000 -0.026199 0.077122 0.996677 0.988100 0.000000 0.000000 0.000000 1.000000
0.994109 0.107856 0.010705 0.000000 -0.106582 0.990729 -0.084240 5.564000 -0.019691 0.082603 0.996388 0.988100 0.000000 0.000000 0.000000 1.000000
0.994409 0.105336 0.007392 0.000000 -0.104300 0.990736 -0.086972 5.564000 -0.016485 0.085715 0.996183 0.988100 0.000000 0.000000 0.000000 1.000000
0.994742 0.102247 0.005859 -0.000000 -0.101328 0.990888 -0.088738 5.564000 -0.014879 0.087677 0.996038 0.988100 0.000000 0.000000 0.000000 1.000000
0.994870 0.100934 0.006838 -0.000000 -0.099901 0.990841 -0.090847 5.564000 -0.015945 0.089698 0.995841 0.988100 0.000000 0.000000 0.000000 1.000000
0.994312 0.105740 0.012716 0.000000 -0.104103 0.990162 -0.093495 5.564000 -0.022478 0.091640 0.995539 0.988100 0.000000 0.000000 0.000000 1.000000
0.992938 0.116420 0.022817 0.000000 -0.113740 0.988874 -0.095867 5.564000 -0.033724 0.092595 0.995133 0.988100 0.000000 0.000000 0.000000 1.000000
0.991356 0.127376 0.031436 -0.000000 -0.123801 0.987531 -0.097240 5.564000 -0.043430 0.092508 0.994764 0.988100 0.000000 0.000000 0.000000 1.000000
0.990418 0.133973 0.033510 0.000000 -0.130164 0.986674 -0.097633 5.564000 -0.046144 0.092336 0.994658 0.988100 0.000000 0.000000 0.000000 1.000000
0.990179 0.136591 0.029798 0.000000 -0.133131 0.986316 -0.097251 5.564000 -0.042674 0.092329 0.994814 0.988100 0.000000 0.000000 0.000000 1.000000
0.990111 0.138164 0.024300 0.000000 -0.135274 0.986197 -0.095478 5.564000 -0.037156 0.091247 0.995135 0.988100 0.000000 0.000000 0.000000 1.000000
0.989780 0.141145 0.020361 0.000000 -0.138691 0.985972 -0.092864 5.564000 -0.033183 0.089091 0.995471 0.988100 0.000000 0.000000 0.000000 1.000000
0.988868 0.147236 0.021502 -0.000000 -0.144695 0.985210 -0.091784 5.564000 -0.034698 0.087651 0.995547 0.988100 0.000000 0.000000 0.000000 1.000000
0.987156 0.156551 0.031860 -0.000000 -0.153127 0.984033 -0.090730 5.564000 -0.045555 0.084686 0.995366 0.988100 0.000000 0.000000 0.000000 1.000000
0.984762 0.165998 0.051859 0.000000 -0.161392 0.983388 -0.083071 5.564000 -0.064787 0.073435 0.995193 0.988100 0.000000 0.000000 0.000000 1.000000
0.982425 0.170922 0.075007 0.000000 -0.166086 0.983859 -0.066607 5.564000 -0.085181 0.052979 0.994956 0.988100 0.000000 0.000000 0.000000 1.000000
0.981188 0.169716 0.092010 0.000000 -0.165783 0.984950 -0.048886 5.564000 -0.098922 0.032713 0.994557 0.988100 0.000000 0.000000 0.000000 1.000000
0.981094 0.166187 0.099177 0.000000 -0.163096 0.985857 -0.038554 5.564000 -0.104181 0.021649 0.994323 0.988100 0.000000 0.000000 0.000000 1.000000
0.980809 0.166566 0.101335 -0.000000 -0.163706 0.985853 -0.035963 5.564000 -0.105892 0.018684 0.994202 0.988100 0.000000 0.000000 0.000000 1.000000
0.979297 0.172879 0.105312 0.000000 -0.170065 0.984804 -0.035211 5.564000 -0.109799 0.016572 0.993816 0.988100 0.000000 0.000000 0.000000 1.000000
0.977403 0.179494 0.111646 -0.000000 -0.177040 0.983696 -0.031601 5.564000 -0.115498 0.011121 0.993245 0.988100 0.000000 0.000000 0.000000 1.000000
0.977219 0.178592 0.114664 0.000000 -0.176882 0.983915 -0.025001 5.564000 -0.117285 0.004149 0.993090 0.988100 0.000000 0.000000 0.000000 1.000000
0.979360 0.169460 0.110165 0.000000 -0.168493 0.985537 -0.018098 5.564000 -0.111639 -0.000838 0.993748 0.988100 0.000000 0.000000 0.000000 1.000000
0.982043 0.160283 0.099500 0.000000 -0.159697 0.987069 -0.013884 5.564000 -0.100439 -0.002256 0.994941 0.988100 0.000000 0.000000 0.000000 1.000000
0.984133 0.154828 0.086661 -0.000000 -0.154035 0.987939 -0.015814 5.564000 -0.088064 0.002214 0.996112 0.988100 0.000000 0.000000 0.000000 1.000000</float_array><technique_common><accessor source="#Head-Matrix-animation-output-transform-array" count="31" stride="16"><param type="float4x4"/></accessor></technique_common></source><source id="Head-Interpolations"><Name_array id="Head-Interpolations-array" count="31">
 LINEAR LINEAR LINEAR LINEAR LINEAR LINEAR LINEAR LINEAR LINEAR LINEAR LINEAR
LINEAR LINEAR LINEAR LINEAR LINEAR LINEAR LINEAR LINEAR LINEAR LINEAR LINEAR LINEAR
LINEAR LINEAR LINEAR LINEAR LINEAR LINEAR LINEAR LINEAR</Name_array><technique_common><accessor source="#Head-Interpolations-array" count="31"><param type="name"/></accessor></technique_common></source><sampler id="Head-Matrix-animation-transform"><input semantic="INPUT" source="#Head-Matrix-animation-input"/><input semantic="OUTPUT" source="#Head-Matrix-animation-output-transform"/><input semantic="INTERPOLATION" source="#Head-Interpolations"/></sampler><channel source="#Head-Matrix-animation-transform" target="Head/matrix"/></animation>
    <animation id="LeftShoulder-anim" name="LeftShoulder"><source id="LeftShoulder-Matrix-animation-input"><float_array id="LeftShoulder-Matrix-animation-input-array" count="31">

0.000000 0.033333 0.066667 0.100000 0.133333 0.166667 0.200000 0.233333 0.266667 0.300000 0.333333 0.366667 0.400000 0.433333 0.466667 0.500000
0.533333 0.566667 0.600000 0.633333 0.666667 0.700000 0.733333 0.766667 0.800000 0.833333 0.866667 0.900000 0.933333 0.966667 1.000000</float_array><technique_common><accessor source="#LeftShoulder-Matrix-animation-input-array" count="31"><param name="TIME" type="float"/></accessor></technique_common></source><source id="LeftShoulder-Matrix-animation-output-transform"><float_array id="LeftShoulder-Matrix-animation-output-transform-array" count="496">

0.963853 0.140766 -0.226215 5.935000 -0.160035 0.984687 -0.069138 13.670200 0.213019 0.102841 0.971621 -1.662600 0.000000 0.000000 0.000000 1.000000
0.962261 0.154039 -0.224332 5.935000 -0.173164 0.982535 -0.068116 13.670200 0.209922 0.104392 0.972129 -1.662600 0.000000 0.000000 0.000000 1.000000
0.962885 0.171425 -0.208483 5.935000 -0.188370 0.979998 -0.064192 13.670200 0.193308 0.101082 0.975917 -1.662600 0.000000 0.000000 0.000000 1.000000
0.965024 0.186991 -0.183747 5.935000 -0.200699 0.977880 -0.058914 13.670200 0.168666 0.093732 0.981206 -1.662600 0.000000 0.000000 0.000000 1.000000
0.967646 0.196297 -0.158523 5.935000 -0.207003 0.976852 -0.053950 13.670200 0.144263 0.085019 0.985880 -1.662600 0.000000 0.000000 0.000000 1.000000
