<?xml version="1.0" encoding="utf-8"?>
<COLLADA xmlns="http://www.collada.org/2005/11/COLLADASchema" version="1.4.1">
  <asset><contributor><author>Mixamo</author><authoring_tool>COLLADA Mixamo exporter</authoring_tool><comments></comments></contributor><created>2018-10-16T10:18:46Z</created><modified>2018-10-16T10:18:46Z</modified><revision></revision><title></title><unit meter="0.010000"/><up_axis>Y_UP</up_axis></asset>
  <library_animations>
    <animation id="mixamorig_Hips-anim" name="mixamorig_Hips"><source id="mixamorig_Hips-Matrix-animation-input"><float_array id="mixamorig_Hips-Matrix-animation-input-array" count="50">

0.000000 0.033333 0.066667 0.100000 0.133333 0.166667 0.200000 0.233333 0.266667 0.300000 0.333333 0.366667 0.400000 0.433333 0.466667 0.500000
0.533333 0.566667 0.600000 0.633333 0.666667 0.700000 0.733333 0.766667 0.800000 0.833333 0.866667 0.900000 0.933333 0.966667 1.000000 1.033333
1.066667 1.100000 1.133333 1.166667 1.200000 1.233333 1.266667 1.300000 1.333333 1.366667 1.400000 1.433333 1.466667 1.500000 1.533333 1.566667
1.600000 1.633333</float_array><technique_common><accessor source="#mixamorig_Hips-Matrix-animation-input-array" count="50"><param name="TIME" type="float"/></accessor></technique_common></source><source id="mixamorig_Hips-Matrix-animation-output-transform"><float_array id="mixamorig_Hips-Matrix-animation-output-transform-array" count="800">

0.691439 0.000585 -0.722434 0.058999 0.067128 0.995621 0.065055 85.218597 0.719309 -0.093478 0.688372 -0.377465 0.000000 0.000000 0.000000 1.000000
0.713569 -0.001860 -0.700583 0.189434 0.078307 0.993942 0.077120 85.355209 0.696195 -0.109891 0.709392 -0.771660 0.000000 0.000000 0.000000 1.000000
0.788001 0.001722 -0.615671 -0.531225 0.082342 0.990717 0.108160 85.428078 0.610142 -0.135926 0.780545 -1.143418 0.000000 0.000000 0.000000 1.000000
0.887581 -0.000925 -0.460651 -2.287267 0.080395 0.984962 0.152927 85.597900 0.453583 -0.172769 0.874308 -0.995390 0.000000 0.000000 0.000000 1.000000
0.954013 -0.031870 -0.298065 -4.271241 0.090865 0.978295 0.186230 85.721359 0.285661 -0.204750 0.936203 -0.239736 0.000000 0.000000 0.000000 1.000000
0.983864 -0.079658 -0.160209 -5.722637 0.111380 0.973446 0.199992 85.668610 0.140024 -0.214609 0.966611 0.720602 0.000000 0.000000 0.000000 1.000000
0.993004 -0.118032 -0.003339 -6.795857 0.116264 0.972413 0.202229 85.399734 -0.020622 -0.201202 0.979333 1.733166 0.000000 0.000000 0.000000 1.000000
0.973410 -0.137730 0.183038 -7.930206 0.102667 0.976619 0.188878 84.857910 -0.204773 -0.165064 0.964791 2.648062 0.000000 0.000000 0.000000 1.000000
0.926028 -0.140450 0.350351 -8.967350 0.090007 0.983584 0.156401 83.944519 -0.366566 -0.113298 0.923468 3.183960 0.000000 0.000000 0.000000 1.000000
0.878363 -0.130763 0.459760 -9.562936 0.086179 0.989414 0.116763 82.683983 -0.470161 -0.062939 0.880334 3.036290 0.000000 0.000000 0.000000 1.000000
0.859285 -0.117683 0.497775 -9.754334 0.085936 0.992555 0.086310 81.274681 -0.504226 -0.031388 0.863001 1.937341 0.000000 0.000000 0.000000 1.000000
0.868437 -0.105285 0.484493 -9.868126 0.080440 0.994166 0.071855 80.151535 -0.489231 -0.023429 0.871839 0.325668 0.000000 0.000000 0.000000 1.000000
0.883483 -0.094357 0.458863 -10.118295 0.071456 0.995187 0.067064 79.305084 -0.462982 -0.026462 0.885973 -1.388578 0.000000 0.000000 0.000000 1.000000
0.898070 -0.086370 0.431290 -10.389256 0.068056 0.996009 0.057748 78.626732 -0.434557 -0.022510 0.900363 -3.305239 0.000000 0.000000 0.000000 1.000000
0.915429 -0.078928 0.394665 -10.574937 0.071970 0.996879 0.032428 78.138069 -0.395993 -0.001282 0.918253 -5.421231 0.000000 0.000000 0.000000 1.000000
0.933605 -0.071288 0.351141 -10.624370 0.077967 0.996944 -0.004899 77.788841 -0.349719 0.031951 0.936310 -7.498060 0.000000 0.000000 0.000000 1.000000
0.951944 -0.064663 0.299369 -10.406885 0.079343 0.996156 -0.037129 77.552544 -0.295817 0.059097 0.953415 -9.453608 0.000000 0.000000 0.000000 1.000000
0.971108 -0.057836 0.231527 -9.786896 0.072610 0.995798 -0.055802 77.411804 -0.227327 0.071001 0.971227 -11.339136 0.000000 0.000000 0.000000 1.000000
0.988972 -0.046786 0.140517 -8.733024 0.057601 0.995600 -0.073911 77.309875 -0.136441 0.081190 0.987316 -13.160484 0.000000 0.000000 0.000000 1.000000
0.999162 -0.033602 0.023377 -7.244315 0.035902 0.993704 -0.106126 77.263672 -0.019664 0.106876 0.994078 -14.817458 0.000000 0.000000 0.000000 1.000000
0.993866 -0.026723 -0.107317 -5.334411 0.010976 0.989410 -0.144729 77.405525 0.110048 0.142663 0.983634 -16.110579 0.000000 0.000000 0.000000 1.000000
0.972323 -0.029525 -0.231769 -3.115826 -0.011456 0.984766 -0.173508 77.799103 0.233361 0.171361 0.957172 -16.908901 0.000000 0.000000 0.000000 1.000000
0.937954 -0.041960 -0.344211 -0.753590 -0.027027 0.980786 -0.193208 78.364731 0.345704 0.190523 0.918798 -17.192369 0.000000 0.000000 0.000000 1.000000
0.892879 -0.063260 -0.445830 1.589517 -0.036093 0.976843 -0.210891 78.991997 0.448847 0.204392 0.869920 -16.983215 0.000000 0.000000 0.000000 1.000000
0.839437 -0.086747 -0.536489 3.772236 -0.042011 0.973866 -0.223202 79.574203 0.541830 0.209903 0.813855 -16.300312 0.000000 0.000000 0.000000 1.000000
0.777887 -0.106154 -0.619374 5.699706 -0.046802 0.973105 -0.225559 80.080589 0.626659 0.204447 0.751997 -15.211892 0.000000 0.000000 0.000000 1.000000
0.708214 -0.123081 -0.695186 7.277419 -0.048982 0.973747 -0.222299 80.496407 0.704296 0.191487 0.683593 -13.860277 0.000000 0.000000 0.000000 1.000000
0.637739 -0.141565 -0.757132 8.460999 -0.044297 0.974598 -0.219537 80.863724 0.768978 0.173546 0.615269 -12.429380 0.000000 0.000000 0.000000 1.000000
0.576666 -0.159277 -0.801304 9.314142 -0.031270 0.975790 -0.216464 81.299728 0.816382 0.149884 0.557724 -11.062474 0.000000 0.000000 0.000000 1.000000
0.529077 -0.171765 -0.831008 9.839527 -0.013088 0.977531 -0.210384 81.791878 0.848473 0.122186 0.514941 -9.875606 0.000000 0.000000 0.000000 1.000000
0.495686 -0.179166 -0.849820 9.978587 0.008400 0.979434 -0.201592 82.272865 0.868461 0.092788 0.486997 -8.960237 0.000000 0.000000 0.000000 1.000000
0.478622 -0.182440 -0.858857 9.725660 0.033501 0.981257 -0.189772 82.722755 0.877381 0.062057 0.475763 -8.326113 0.000000 0.000000 0.000000 1.000000
0.478049 -0.180432 -0.859601 9.141586 0.060425 0.983110 -0.172753 83.150726 0.876253 0.030643 0.480877 -7.914390 0.000000 0.000000 0.000000 1.000000
0.489404 -0.173518 -0.854620 8.306029 0.086801 0.984831 -0.150248 83.571365 0.867727 -0.000650 0.497041 -7.660091 0.000000 0.000000 0.000000 1.000000
0.508284 -0.164653 -0.845302 7.310635 0.111853 0.985860 -0.124774 84.001511 0.853894 -0.031129 0.519514 -7.488666 0.000000 0.000000 0.000000 1.000000
0.532983 -0.155215 -0.831768 6.269904 0.134687 0.986060 -0.097703 84.450996 0.835338 -0.059954 0.546458 -7.307850 0.000000 0.000000 0.000000 1.000000
0.559973 -0.143649 -0.815963 5.240195 0.152704 0.985877 -0.068765 84.870956 0.814317 -0.086094 0.574000 -7.059059 0.000000 0.000000 0.000000 1.000000
0.583397 -0.129378 -0.801816 4.232719 0.162890 0.985811 -0.040549 85.197716 0.795685 -0.106952 0.596193 -6.744703 0.000000 0.000000 0.000000 1.000000
0.601409 -0.113652 -0.790816 3.291730 0.165253 0.986121 -0.016047 85.432037 0.781664 -0.121034 0.611843 -6.376316 0.000000 0.000000 0.000000 1.000000
0.618118 -0.096216 -0.780175 2.460498 0.162149 0.986743 0.006776 85.628189 0.769180 -0.130693 0.625525 -5.953635 0.000000 0.000000 0.000000 1.000000
0.636780 -0.077017 -0.767189 1.736132 0.154644 0.987538 0.029220 85.812683 0.755378 -0.137248 0.640755 -5.471773 0.000000 0.000000 0.000000 1.000000
0.655112 -0.059095 -0.753218 1.106983 0.143090 0.988598 0.046890 85.952789 0.741858 -0.138497 0.656098 -4.916604 0.000000 0.000000 0.000000 1.000000
0.670424 -0.044512 -0.740641 0.599276 0.128972 0.989995 0.057246 86.039291 0.730683 -0.133901 0.669457 -4.277427 0.000000 0.000000 0.000000 1.000000
0.682448 -0.031133 -0.730271 0.249641 0.114080 0.991386 0.064344 86.078629 0.721977 -0.127221 0.680121 -3.572592 0.000000 0.000000 0.000000 1.000000
0.689709 -0.017701 -0.723871 0.050214 0.100379 0.992386 0.071375 86.063690 0.717095 -0.121889 0.686234 -2.865525 0.000000 0.000000 0.000000 1.000000
0.691150 -0.007629 -0.722671 -0.021831 0.090012 0.993067 0.075603 85.982719 0.717084 -0.117303 0.687045 -2.204378 0.000000 0.000000 0.000000 1.000000
0.690243 -0.003445 -0.723570 0.007918 0.083304 0.993718 0.074735 85.854752 0.718767 -0.111861 0.686193 -1.599034 0.000000 0.000000 0.000000 1.000000
0.690661 -0.002482 -0.723175 0.066040 0.078152 0.994394 0.071226 85.681793 0.718944 -0.105710 0.686983 -1.077472 0.000000 0.000000 0.000000 1.000000
0.691465 -0.001273 -0.722409 0.078858 0.072758 0.995036 0.067888 85.451729 0.718737 -0.099503 0.688125 -0.678820 0.000000 0.000000 0.000000 1.000000
0.691439 0.000586 -0.722434 0.059003 0.067128 0.995621 0.065055 85.218597 0.719309 -0.093477 0.688373 -0.377460 0.000000 0.000000 0.000000 1.000000</float_array><technique_common><accessor source="#mixamorig_Hips-Matrix-animation-output-transform-array" count="50" stride="16"><param type="float4x4"/></accessor></technique_common></source><source id="mixamorig_Hips-Interpolations"><Name_array id="mixamorig_Hips-Interpolations-array" count="50">
 LINEAR LINEAR LINEAR LINEAR LINEAR LINEAR LINEAR LINEAR LINEAR LINEAR LINEAR
LINEAR LINEAR LINEAR LINEAR LINEAR LINEAR LINEAR LINEAR LINEAR LINEAR LINEAR LINEAR
LINEAR LINEAR LINEAR LINEAR LINEAR LINEAR LINEAR LINEAR LINEAR LINEAR LINEAR LINEAR
LINEAR LINEAR LINEAR LINEAR LINEAR LINEAR LINEAR LINEAR LINEAR LINEAR LINEAR LINEAR
LINEAR LINEAR LINEAR</Name_array><technique_common><accessor source="#mixamorig_Hips-Interpolations-array" count="50"><param type="name"/></accessor></technique_common></source><sampler id="mixamorig_Hips-Matrix-animation-transform"><input semantic="INPUT" source="#mixamorig_Hips-Matrix-animation-input"/><input semantic="OUTPUT" source="#mixamorig_Hips-Matrix-animation-output-transform"/><input semantic="INTERPOLATION" source="#mixamorig_Hips-Interpolations"/></sampler><channel source="#mixamorig_Hips-Matrix-animation-transform" target="mixamorig_Hips/matrix"/></animation>
    <animation id="mixamorig_Spine-anim" name="mixamorig_Spine"><source id="mixamorig_Spine-Matrix-animation-input"><float_array id="mixamorig_Spine-Matrix-animation-input-array" count="50">

0.000000 0.033333 0.066667 0.100000 0.133333 0.166667 0.200000 0.233333 0.266667 0.300000 0.333333 0.366667 0.400000 0.433333 0.466667 0.500000
0.533333 0.566667 0.600000 0.633333 0.666667 0.700000 0.733333 0.766667 0.800000 0.833333 0.866667 0.900000 0.933333 0.966667 1.000000 1.033333
1.066667 1.100000 1.133333 1.166667 1.200000 1.233333 1.266667 1.300000 1.333333 1.366667 1.400000 1.433333 1.466667 1.500000 1.533333 1.566667
1.600000 1.633333</float_array><technique_common><accessor source="#mixamorig_Spine-Matrix-animation-input-array" count="50"><param name="TIME" type="float"/></accessor></technique_common></source><source id="mixamorig_Spine-Matrix-animation-output-transform"><float_array id="mixamorig_Spine-Matrix-animation-output-transform-array" count="800">

0.991655 0.031372 0.125044 0.000000 -0.010611 0.986511 -0.163353 9.923500 -0.128482 0.160663 0.978611 -1.227300 0.000000 0.000000 0.000000 1.000000
0.996335 0.037996 0.076634 0.000000 -0.025133 0.986418 -0.162320 9.923500 -0.081761 0.159799 0.983758 -1.227300 0.000000 0.000000 0.000000 1.000000
0.999186 0.039742 0.006895 0.000000 -0.038344 0.988922 -0.143395 9.923500 -0.012517 0.143014 0.989642 -1.227300 0.000000 0.000000 0.000000 1.000000
0.998643 0.047484 -0.021389 0.000000 -0.049305 0.994284 -0.094697 9.923500 0.016770 0.095623 0.995276 -1.227300 0.000000 0.000000 0.000000 1.000000
0.995793 0.071993 0.056688 0.000000 -0.070699 0.997196 -0.024524 9.923500 -0.058294 0.020413 0.998091 -1.227300 0.000000 0.000000 0.000000 1.000000
0.965172 0.111288 0.236766 0.000000 -0.121274 0.992224 0.027992 9.923500 -0.231810 -0.055731 0.971163 -1.227300 0.000000 0.000000 0.000000 1.000000
0.893286 0.153210 0.422571 0.000000 -0.184587 0.982225 0.034082 9.923500 -0.409838 -0.108446 0.905689 -1.227300 0.000000 0.000000 0.000000 1.000000
0.830192 0.190416 0.523950 -0.000000 -0.235572 0.971648 0.020141 9.923500 -0.505259 -0.140149 0.851511 -1.227300 0.000000 0.000000 0.000000 1.000000
0.813039 0.219622 0.539198 0.000000 -0.273330 0.961703 0.020431 9.923500 -0.514061 -0.163990 0.841931 -1.227300 0.000000 0.000000 0.000000 1.000000
0.819722 0.234144 0.522716 -0.000000 -0.291530 0.956125 0.028893 9.923500 -0.493016 -0.176072 0.852017 -1.227300 0.000000 0.000000 0.000000 1.000000
0.820642 0.231781 0.522326 -0.000000 -0.281125 0.959539 0.015891 9.923500 -0.497509 -0.159880 0.852598 -1.227300 0.000000 0.000000 0.000000 1.000000
0.810513 0.220272 0.542724 0.000000 -0.244467 0.969245 -0.028290 9.923500 -0.532264 -0.109749 0.839434 -1.227300 0.000000 0.000000 0.000000 1.000000
0.799154 0.209801 0.563327 0.000000 -0.194936 0.976924 -0.087295 9.923500 -0.568642 -0.040050 0.821610 -1.227300 0.000000 0.000000 0.000000 1.000000
0.795627 0.203564 0.570561 -0.000000 -0.149420 0.978695 -0.140816 9.923500 -0.587070 0.026784 0.809093 -1.227300 0.000000 0.000000 0.000000 1.000000
0.803268 0.199777 0.561115 0.000000 -0.117518 0.976712 -0.179509 9.923500 -0.583910 0.078253 0.808038 -1.227300 0.000000 0.000000 0.000000 1.000000
0.823064 0.197637 0.532452 0.000000 -0.098271 0.972917 -0.209224 9.923500 -0.559382 0.119880 0.820195 -1.227300 0.000000 0.000000 0.000000 1.000000
0.852605 0.197571 0.483766 0.000000 -0.085236 0.965953 -0.244275 9.923500 -0.515557 0.167035 0.840417 -1.227300 0.000000 0.000000 0.000000 1.000000
0.884981 0.199647 0.420655 -0.000000 -0.076595 0.953527 -0.291410 9.923500 -0.459285 0.225672 0.859145 -1.227300 0.000000 0.000000 0.000000 1.000000
0.913270 0.203737 0.352745 0.000000 -0.077687 0.937159 -0.340145 9.923500 -0.399878 0.283240 0.871707 -1.227300 0.000000 0.000000 0.000000 1.000000
0.934776 0.210594 0.286083 0.000000 -0.093207 0.922515 -0.374538 9.923500 -0.342791 0.323445 0.881974 -1.227300 0.000000 0.000000 0.000000 1.000000
0.950098 0.220803 0.220365 -0.000000 -0.121719 0.912806 -0.389833 9.923500 -0.287226 0.343556 0.894131 -1.227300 0.000000 0.000000 0.000000 1.000000
0.960163 0.233373 0.153703 -0.000000 -0.157475 0.906263 -0.392287 9.923500 -0.230845 0.352455 0.906910 -1.227300 0.000000 0.000000 0.000000 1.000000
0.965559 0.245036 0.087486 0.000000 -0.193135 0.900307 -0.390058 9.923500 -0.174343 0.359727 0.916625 -1.227300 0.000000 0.000000 0.000000 1.000000
0.967402 0.251911 0.025953 0.000000 -0.222487 0.894385 -0.388039 9.923500 -0.120963 0.369616 0.921277 -1.227300 0.000000 0.000000 0.000000 1.000000
0.966818 0.254215 -0.025249 -0.000000 -0.244120 0.890227 -0.384580 9.923500 -0.075288 0.377983 0.922746 -1.227300 0.000000 0.000000 0.000000 1.000000
0.964562 0.256428 -0.062173 0.000000 -0.260746 0.890268 -0.373409 9.923500 -0.040401 0.376388 0.925581 -1.227300 0.000000 0.000000 0.000000 1.000000
0.961943 0.258956 -0.087222 0.000000 -0.272900 0.894301 -0.354615 9.923500 -0.013826 0.364922 0.930935 -1.227300 0.000000 0.000000 0.000000 1.000000
0.960996 0.255266 -0.106428 0.000000 -0.276408 0.899421 -0.338587 9.923500 0.009294 0.354799 0.934897 -1.227300 0.000000 0.000000 0.000000 1.000000
0.963047 0.240764 -0.120719 0.000000 -0.267804 0.903707 -0.334059 9.923500 0.028665 0.354044 0.934789 -1.227300 0.000000 0.000000 0.000000 1.000000
0.967736 0.218345 -0.125745 0.000000 -0.248739 0.907479 -0.338544 9.923500 0.040192 0.358899 0.932511 -1.227300 0.000000 0.000000 0.000000 1.000000
0.973815 0.193121 -0.119949 0.000000 -0.223263 0.911879 -0.344428 9.923500 0.042862 0.362190 0.931118 -1.227300 0.000000 0.000000 0.000000 1.000000
0.980033 0.167386 -0.107321 0.000000 -0.194768 0.916773 -0.348701 9.923500 0.040022 0.362641 0.931069 -1.227300 0.000000 0.000000 0.000000 1.000000
0.985663 0.141415 -0.092032 -0.000000 -0.165078 0.921063 -0.352693 9.923500 0.034891 0.362829 0.931202 -1.227300 0.000000 0.000000 0.000000 1.000000
0.990446 0.115633 -0.075135 -0.000000 -0.134966 0.924635 -0.356139 9.923500 0.028291 0.362877 0.931407 -1.227300 0.000000 0.000000 0.000000 1.000000
0.994212 0.091149 -0.056869 0.000000 -0.105491 0.928476 -0.356095 9.923500 0.020343 0.360033 0.932718 -1.227300 0.000000 0.000000 0.000000 1.000000
0.996885 0.069171 -0.037901 -0.000000 -0.078086 0.933280 -0.350559 9.923500 0.011123 0.352426 0.935773 -1.227300 0.000000 0.000000 0.000000 1.000000
0.998566 0.050449 -0.017895 0.000000 -0.053528 0.938937 -0.339899 9.923500 -0.000346 0.340370 0.940292 -1.227300 0.000000 0.000000 0.000000 1.000000
0.999375 0.035171 0.003547 0.000000 -0.032100 0.944948 -0.325642 9.923500 -0.014805 0.325324 0.945487 -1.227300 0.000000 0.000000 0.000000 1.000000
0.999440 0.023112 0.024206 0.000000 -0.014472 0.950594 -0.310099 9.923500 -0.030178 0.309575 0.950396 -1.227300 0.000000 0.000000 0.000000 1.000000
0.999078 0.013768 0.040668 0.000000 -0.001138 0.955353 -0.295465 9.923500 -0.042920 0.295146 0.954488 -1.227300 0.000000 0.000000 0.000000 1.000000
0.998617 0.006503 0.052165 0.000000 0.008444 0.959589 -0.281278 9.923500 -0.051886 0.281330 0.958207 -1.227300 0.000000 0.000000 0.000000 1.000000
0.998169 0.000822 0.060484 0.000000 0.015264 0.964126 -0.265005 9.923500 -0.058532 0.265442 0.962348 -1.227300 0.000000 0.000000 0.000000 1.000000
0.997734 -0.003209 0.067206 0.000000 0.019724 0.968930 -0.246547 9.923500 -0.064327 0.247314 0.966798 -1.227300 0.000000 0.000000 0.000000 1.000000
0.997292 -0.004544 0.073405 0.000000 0.021316 0.973106 -0.229370 9.923500 -0.070389 0.230314 0.970567 -1.227300 0.000000 0.000000 0.000000 1.000000
0.996759 -0.001755 0.080427 0.000000 0.019137 0.976234 -0.215874 9.923500 -0.078136 0.216714 0.973103 -1.227300 0.000000 0.000000 0.000000 1.000000
0.996029 0.005042 0.088882 0.000000 0.013300 0.978761 -0.204571 9.923500 -0.088026 0.204941 0.974808 -1.227300 0.000000 0.000000 0.000000 1.000000
0.995088 0.013537 0.098066 0.000000 0.005681 0.981164 -0.193094 9.923500 -0.098833 0.192702 0.976267 -1.227300 0.000000 0.000000 0.000000 1.000000
0.994007 0.021141 0.107253 0.000000 -0.001335 0.983396 -0.181470 9.923500 -0.109308 0.180240 0.977530 -1.227300 0.000000 0.000000 0.000000 1.000000
0.992847 0.026955 0.116313 0.000000 -0.006687 0.985207 -0.171236 9.923500 -0.119208 0.169233 0.978340 -1.227300 0.000000 0.000000 0.000000 1.000000
0.991655 0.031372 0.125044 0.000000 -0.010611 0.986511 -0.163353 9.923500 -0.128482 0.160663 0.978611 -1.227300 0.000000 0.000000 0.000000 1.000000</float_array><technique_common><accessor source="#mixamorig_Spine-Matrix-animation-output-transform-array" count="50" stride="16"><param type="float4x4"/></accessor></technique_common></source><source id="mixamorig_Spine-Interpolations"><Name_array id="mixamorig_Spine-Interpolations-array" count="50">
 LINEAR LINEAR LINEAR LINEAR LINEAR LINEAR LINEAR LINEAR LINEAR LINEAR LINEAR
LINEAR LINEAR LINEAR LINEAR LINEAR LINEAR LINEAR LINEAR LINEAR LINEAR LINEAR LINEAR
LINEAR LINEAR LINEAR LINEAR LINEAR LINEAR LINEAR LINEAR LINEAR LINEAR LINEAR LINEAR
LINEAR LINEAR LINEAR LINEAR LINEAR LINEAR LINEAR LINEAR LINEAR LINEAR LINEAR LINEAR
LINEAR LINEAR LINEAR</Name_array><technique_common><accessor source="#mixamorig_Spine-Interpolations-array" count="50"><param type="name"/></accessor></technique_common></source><sampler id="mixamorig_Spine-Matrix-animation-transform"><input semantic="INPUT" source="#mixamorig_Spine-Matrix-animation-input"/><input semantic="OUTPUT" source="#mixamorig_Spine-Matrix-animation-output-transform"/><input semantic="INTERPOLATION" source="#mixamorig_Spine-Interpolations"/></sampler><channel source="#mixamorig_Spine-Matrix-animation-transform" target="mixamorig_Spine/matrix"/></animation>
    <animation id="mixamorig_Spine1-anim" name="mixamorig_Spine1"><source id="mixamorig_Spine1-Matrix-animation-input"><float_array id="mixamorig_Spine1-Matrix-animation-input-array" count="50">

0.000000 0.033333 0.066667 0.100000 0.133333 0.166667 0.200000 0.233333 0.266667 0.300000 0.333333 0.366667 0.400000 0.433333 0.466667 0.500000
0.533333 0.566667 0.600000 0.633333 0.666667 0.700000 0.733333 0.766667 0.800000 0.833333 0.866667 0.900000 0.933333 0.966667 1.000000 1.033333
1.066667 1.100000 1.133333 1.166667 1.200000 1.233333 1.266667 1.300000 1.333333 1.366667 1.400000 1.433333 1.466667 1.500000 1.533333 1.566667
1.600000 1.633333</float_array><technique_common><accessor source="#mixamorig_Spine1-Matrix-animation-input-array" count="50"><param name="TIME" type="float"/></accessor></technique_common></source><source id="mixamorig_Spine1-Matrix-animation-output-transform"><float_array id="mixamorig_Spine1-Matrix-animation-output-transform-array" count="800">

0.999723 0.015978 0.017276 -0.000100 -0.015309 0.999154 -0.038168 11.645400 -0.017871 0.037893 0.999122 -1.422300 0.000000 0.000000 0.000000 1.000000
0.999591 0.028605 0.000276 -0.000100 -0.028538 0.997827 -0.059382 11.645400 -0.001974 0.059350 0.998235 -1.422300 0.000000 0.000000 0.000000 1.000000
0.998892 0.039065 -0.026250 -0.000100 -0.040944 0.996320 -0.075298 11.645400 0.023212 0.076289 0.996816 -1.422300 0.000000 0.000000 0.000000 1.000000
0.998032 0.053295 -0.033040 -0.000100 -0.055797 0.995223 -0.080107 11.645400 0.028613 0.081793 0.996239 -1.422300 0.000000 0.000000 0.000000 1.000000
0.996791 0.079486 0.009478 -0.000100 -0.078517 0.993888 -0.077601 11.645400 -0.015588 0.076607 0.996939 -1.422300 0.000000 0.000000 0.000000 1.000000
0.987957 0.119141 0.098720 -0.000100 -0.111095 0.990308 -0.083353 11.645400 -0.107694 0.071382 0.991618 -1.422300 0.000000 0.000000 0.000000 1.000000
0.967673 0.164283 0.191362 -0.000100 -0.145981 0.983571 -0.106198 11.645400 -0.205664 0.074830 0.975757 -1.422300 0.000000 0.000000 0.000000 1.000000
0.948099 0.205612 0.242555 -0.000100 -0.177253 0.975043 -0.133688 11.645400 -0.263989 0.083755 0.960882 -1.422300 0.000000 0.000000 0.000000 1.000000
0.939267 0.237761 0.247483 -0.000100 -0.205114 0.967078 -0.150625 11.645400 -0.275148 0.090715 0.957113 -1.422300 0.000000 0.000000 0.000000 1.000000
0.937080 0.257122 0.236154 -0.000100 -0.223333 0.961424 -0.160583 11.645400 -0.268334 0.097738 0.958355 -1.422300 0.000000 0.000000 0.000000 1.000000
0.935840 0.261292 0.236494 -0.000100 -0.222353 0.958393 -0.179003 11.645400 -0.273427 0.114933 0.955002 -1.422300 0.000000 0.000000 0.000000 1.000000
0.934563 0.252066 0.251108 -0.000100 -0.201096 0.956433 -0.211654 11.645400 -0.293519 0.147307 0.944535 -1.422300 0.000000 0.000000 0.000000 1.000000
0.934273 0.236051 0.267234 -0.000100 -0.169370 0.953329 -0.249954 11.645400 -0.313764 0.188264 0.930650 -1.422300 0.000000 0.000000 0.000000 1.000000
0.935696 0.220323 0.275554 -0.000100 -0.140231 0.948944 -0.282560 11.645400 -0.323740 0.225749 0.918820 -1.422300 0.000000 0.000000 0.000000 1.000000
0.939087 0.207988 0.273599 -0.000100 -0.120577 0.944874 -0.304423 11.645400 -0.321833 0.252890 0.912398 -1.422300 0.000000 0.000000 0.000000 1.000000
0.944857 0.198345 0.260586 -0.000100 -0.109665 0.941414 -0.318926 11.645400 -0.308577 0.272762 0.911253 -1.422300 0.000000 0.000000 0.000000 1.000000
0.952750 0.189866 0.237103 -0.000100 -0.103717 0.937004 -0.333565 11.645400 -0.285499 0.293213 0.912424 -1.422300 0.000000 0.000000 0.000000 1.000000
0.961198 0.182401 0.206950 -0.000100 -0.100998 0.930801 -0.351295 11.645400 -0.256706 0.316763 0.913106 -1.422300 0.000000 0.000000 0.000000 1.000000
0.968448 0.177344 0.175095 -0.000100 -0.102976 0.924555 -0.366872 11.645400 -0.226948 0.337265 0.913645 -1.422300 0.000000 0.000000 0.000000 1.000000
0.973820 0.175849 0.144057 -0.000100 -0.111038 0.920934 -0.373564 11.645400 -0.198358 0.347788 0.916350 -1.422300 0.000000 0.000000 0.000000 1.000000
0.977637 0.177117 0.113379 -0.000100 -0.123766 0.920462 -0.370717 11.645400 -0.170021 0.348394 0.921800 -1.422300 0.000000 0.000000 0.000000 1.000000
0.980393 0.179065 0.082251 -0.000100 -0.137888 0.921604 -0.362813 11.645400 -0.140770 0.344358 0.928225 -1.422300 0.000000 0.000000 0.000000 1.000000
0.982347 0.179850 0.051458 -0.000100 -0.150351 0.922754 -0.354851 11.645400 -0.111303 0.340850 0.933506 -1.422300 0.000000 0.000000 0.000000 1.000000
0.983655 0.178589 0.022975 -0.000100 -0.159430 0.923137 -0.349858 11.645400 -0.083690 0.340477 0.936521 -1.422300 0.000000 0.000000 0.000000 1.000000
0.984344 0.176257 -0.000904 -0.000100 -0.165612 0.923115 -0.347031 11.645400 -0.060332 0.341747 0.937853 -1.422300 0.000000 0.000000 0.000000 1.000000
0.984411 0.174886 -0.018717 -0.000100 -0.170644 0.923865 -0.342571 11.645400 -0.042619 0.340425 0.939305 -1.422300 0.000000 0.000000 0.000000 1.000000
0.984255 0.173957 -0.031320 -0.000100 -0.174303 0.925834 -0.335335 11.645400 -0.029337 0.335514 0.941578 -1.422300 0.000000 0.000000 0.000000 1.000000
0.984595 0.170047 -0.040714 -0.000100 -0.173906 0.928140 -0.329109 11.645400 -0.018176 0.331119 0.943414 -1.422300 0.000000 0.000000 0.000000 1.000000
0.985765 0.161462 -0.046881 -0.000100 -0.167874 0.929827 -0.327475 11.645400 -0.009283 0.330683 0.943696 -1.422300 0.000000 0.000000 0.000000 1.000000
0.987506 0.150101 -0.047983 -0.000100 -0.157510 0.930860 -0.329683 11.645400 -0.004820 0.333122 0.942871 -1.422300 0.000000 0.000000 0.000000 1.000000
0.989420 0.138307 -0.043811 -0.000100 -0.144988 0.931882 -0.332528 11.645400 -0.005164 0.335362 0.942075 -1.422300 0.000000 0.000000 0.000000 1.000000
0.991269 0.126651 -0.036687 -0.000100 -0.131614 0.933453 -0.333681 11.645400 -0.008015 0.335596 0.941972 -1.422300 0.000000 0.000000 0.000000 1.000000
0.992962 0.114868 -0.028855 -0.000100 -0.117909 0.935760 -0.332341 11.645400 -0.011174 0.333404 0.942718 -1.422300 0.000000 0.000000 0.000000 1.000000
0.994447 0.103121 -0.020998 -0.000100 -0.104286 0.938861 -0.328122 11.645400 -0.014122 0.328489 0.944402 -1.422300 0.000000 0.000000 0.000000 1.000000
0.995673 0.091964 -0.013315 -0.000100 -0.091369 0.942812 -0.320558 11.645400 -0.016926 0.320387 0.947135 -1.422300 0.000000 0.000000 0.000000 1.000000
0.996633 0.081767 -0.006085 -0.000100 -0.079630 0.947545 -0.309544 11.645400 -0.019545 0.308986 0.950866 -1.422300 0.000000 0.000000 0.000000 1.000000
0.997369 0.072480 0.000970 -0.000100 -0.068961 0.952896 -0.295354 11.645400 -0.022332 0.294510 0.955388 -1.422300 0.000000 0.000000 0.000000 1.000000
0.997924 0.063889 0.008163 -0.000100 -0.059096 0.958633 -0.278442 11.645400 -0.025615 0.277382 0.960418 -1.422300 0.000000 0.000000 0.000000 1.000000
0.998328 0.055953 0.014521 -0.000100 -0.050269 0.964345 -0.259830 11.645400 -0.028541 0.258665 0.965545 -1.422300 0.000000 0.000000 0.000000 1.000000
0.998637 0.048811 0.018466 -0.000100 -0.042941 0.969625 -0.240797 11.645400 -0.029658 0.239676 0.970400 -1.422300 0.000000 0.000000 0.000000 1.000000
0.998902 0.042504 0.019713 -0.000100 -0.037096 0.974484 -0.221370 11.645400 -0.028619 0.220396 0.974991 -1.422300 0.000000 0.000000 0.000000 1.000000
0.999138 0.036770 0.019246 -0.000100 -0.032178 0.979208 -0.200289 11.645400 -0.026211 0.199497 0.979548 -1.422300 0.000000 0.000000 0.000000 1.000000
0.999347 0.031352 0.017936 -0.000100 -0.027679 0.983758 -0.177354 11.645400 -0.023205 0.176742 0.983984 -1.422300 0.000000 0.000000 0.000000 1.000000
0.999513 0.026597 0.016349 -0.000100 -0.023759 0.987729 -0.154360 11.645400 -0.020254 0.153896 0.987879 -1.422300 0.000000 0.000000 0.000000 1.000000
0.999612 0.023364 0.015190 -0.000100 -0.021142 0.990915 -0.132820 11.645400 -0.018155 0.132447 0.991024 -1.422300 0.000000 0.000000 0.000000 1.000000
0.999649 0.021933 0.014848 -0.000100 -0.020129 0.993468 -0.112320 11.645400 -0.017215 0.111982 0.993561 -1.422300 0.000000 0.000000 0.000000 1.000000
0.999658 0.021367 0.015088 -0.000100 -0.019891 0.995560 -0.091999 11.645400 -0.016986 0.091668 0.995645 -1.422300 0.000000 0.000000 0.000000 1.000000
0.999671 0.020365 0.015621 -0.000100 -0.019186 0.997201 -0.072270 11.645400 -0.017049 0.071946 0.997263 -1.422300 0.000000 0.000000 0.000000 1.000000
0.999695 0.018456 0.016393 -0.000100 -0.017543 0.998378 -0.054164 11.645400 -0.017366 0.053860 0.998397 -1.422300 0.000000 0.000000 0.000000 1.000000
0.999723 0.015978 0.017276 -0.000100 -0.015309 0.999154 -0.038168 11.645400 -0.017871 0.037893 0.999122 -1.422300 0.000000 0.000000 0.000000 1.000000</float_array><technique_common><accessor source="#mixamorig_Spine1-Matrix-animation-output-transform-array" count="50" stride="16"><param type="float4x4"/></accessor></technique_common></source><source id="mixamorig_Spine1-Interpolations"><Name_array id="mixamorig_Spine1-Interpolations-array" count="50">
 LINEAR LINEAR LINEAR LINEAR LINEAR LINEAR LINEAR LINEAR LINEAR LINEAR LINEAR
LINEAR LINEAR LINEAR LINEAR LINEAR LINEAR LINEAR LINEAR LINEAR LINEAR LINEAR LINEAR
LINEAR LINEAR LINEAR LINEAR LINEAR LINEAR LINEAR LINEAR LINEAR LINEAR LINEAR LINEAR
LINEAR LINEAR LINEAR LINEAR LINEAR LINEAR LINEAR LINEAR LINEAR LINEAR LINEAR LINEAR
LINEAR LINEAR LINEAR</Name_array><technique_common><accessor source="#mixamorig_Spine1-Interpolations-array" count="50"><param type="name"/></accessor></technique_common></source><sampler id="mixamorig_Spine1-Matrix-animation-transform"><input semantic="INPUT" source="#mixamorig_Spine1-Matrix-animation-input"/><input semantic="OUTPUT" source="#mixamorig_Spine1-Matrix-animation-output-transform"/><input semantic="INTERPOLATION" source="#mixamorig_Spine1-Interpolations"/></sampler><channel source="#mixamorig_Spine1-Matrix-animation-transform" target="mixamorig_Spine1/matrix"/></animation>
    <animation id="mixamorig_Spine2-anim" name="mixamorig_Spine2"><source id="mixamorig_Spine2-Matrix-animation-input"><float_array id="mixamorig_Spine2-Matrix-animation-input-array" count="50">

0.000000 0.033333 0.066667 0.100000 0.133333 0.166667 0.200000 0.233333 0.266667 0.300000 0.333333 0.366667 0.400000 0.433333 0.466667 0.500000
0.533333 0.566667 0.600000 0.633333 0.666667 0.700000 0.733333 0.766667 0.800000 0.833333 0.866667 0.900000 0.933333 0.966667 1.000000 1.033333
1.066667 1.100000 1.133333 1.166667 1.200000 1.233333 1.266667 1.300000 1.333333 1.366667 1.400000 1.433333 1.466667 1.500000 1.533333 1.566667
1.600000 1.633333</float_array><technique_common><accessor source="#mixamorig_Spine2-Matrix-animation-input-array" count="50"><param name="TIME" type="float"/></accessor></technique_common></source><source id="mixamorig_Spine2-Matrix-animation-output-transform"><float_array id="mixamorig_Spine2-Matrix-animation-output-transform-array" count="800">

0.999731 0.015603 0.017152 0.000100 -0.014935 0.999150 -0.038432 13.360200 -0.017737 0.038165 0.999114 -1.626500 0.000000 0.000000 0.000000 1.000000
0.999600 0.028280 0.000076 0.000100 -0.028225 0.997819 -0.059678 13.360200 -0.001764 0.059652 0.998218 -1.626500 0.000000 0.000000 0.000000 1.000000
0.998890 0.038907 -0.026557 0.000100 -0.040810 0.996322 -0.075351 13.360200 0.023528 0.076351 0.996803 -1.626500 0.000000 0.000000 0.000000 1.000000
0.998026 0.053234 -0.033324 0.000100 -0.055754 0.995242 -0.079904 13.360200 0.028911 0.081604 0.996245 -1.626500 0.000000 0.000000 0.000000 1.000000
0.996823 0.079092 0.009445 0.000100 -0.078122 0.993894 -0.077925 13.360200 -0.015550 0.076940 0.996914 -1.626500 0.000000 0.000000 0.000000 1.000000
0.988074 0.117764 0.099200 0.000100 -0.109582 0.990401 -0.084249 13.360200 -0.108169 0.072374 0.991495 -1.626500 0.000000 0.000000 0.000000 1.000000
0.967886 0.161489 0.192661 0.000100 -0.143007 0.983991 -0.106350 13.360200 -0.206751 0.075383 0.975485 -1.626500 0.000000 0.000000 0.000000 1.000000
0.948374 0.201772 0.244695 0.000100 -0.173286 0.975842 -0.133055 13.360200 -0.265630 0.083783 0.960427 -1.626500 0.000000 0.000000 0.000000 1.000000
0.939595 0.233763 0.250033 0.000100 -0.200736 0.967991 -0.150659 13.360200 -0.277248 0.091368 0.956444 -1.626500 0.000000 0.000000 0.000000 1.000000
0.937482 0.253228 0.238754 0.000100 -0.218723 0.962281 -0.161788 13.360200 -0.270718 0.099453 0.957508 -1.626500 0.000000 0.000000 0.000000 1.000000
0.936330 0.256968 0.239275 0.000100 -0.217207 0.959331 -0.180294 13.360200 -0.275874 0.116843 0.954066 -1.626500 0.000000 0.000000 0.000000 1.000000
0.935072 0.246709 0.254510 0.000100 -0.195160 0.957728 -0.211353 13.360200 -0.295894 0.147960 0.943692 -1.626500 0.000000 0.000000 0.000000 1.000000
0.934623 0.229601 0.271595 0.000100 -0.162840 0.955200 -0.247135 13.360200 -0.316170 0.186752 0.930140 -1.626500 0.000000 0.000000 0.000000 1.000000
0.935755 0.213256 0.280866 0.000100 -0.133489 0.951373 -0.277617 13.360200 -0.326411 0.222289 0.918718 -1.626500 0.000000 0.000000 0.000000 1.000000
0.938887 0.200929 0.279497 0.000100 -0.113923 0.947580 -0.298519 13.360200 -0.324827 0.248435 0.912561 -1.626500 0.000000 0.000000 0.000000 1.000000
0.944537 0.191828 0.266557 0.000100 -0.103328 0.944038 -0.313235 13.360200 -0.311727 0.268319 0.911499 -1.626500 0.000000 0.000000 0.000000 1.000000
0.952435 0.184298 0.242698 0.000100 -0.097952 0.939283 -0.328867 13.360200 -0.288572 0.289451 0.912658 -1.626500 0.000000 0.000000 0.000000 1.000000
0.960958 0.178044 0.211802 0.000100 -0.096107 0.932589 -0.347909 13.360200 -0.259467 0.313970 0.913290 -1.626500 0.000000 0.000000 0.000000 1.000000
0.968313 0.174271 0.178883 0.000100 -0.099232 0.925794 -0.364771 13.360200 -0.229178 0.335462 0.913752 -1.626500 0.000000 0.000000 0.000000 1.000000
0.973779 0.173953 0.146609 0.000100 -0.108559 0.921659 -0.372505 13.360200 -0.199922 0.346822 0.916376 -1.626500 0.000000 0.000000 0.000000 1.000000
0.977639 0.176193 0.114796 0.000100 -0.122463 0.920792 -0.370332 13.360200 -0.170954 0.347993 0.921779 -1.626500 0.000000 0.000000 0.000000 1.000000
0.980377 0.178875 0.082856 0.000100 -0.137511 0.921693 -0.362730 13.360200 -0.141251 0.344218 0.928204 -1.626500 0.000000 0.000000 0.000000 1.000000
0.982286 0.180141 0.051614 0.000100 -0.150576 0.922730 -0.354817 13.360200 -0.111543 0.340760 0.933510 -1.626500 0.000000 0.000000 0.000000 1.000000
0.983561 0.179110 0.022958 0.000100 -0.159931 0.923077 -0.349787 13.360200 -0.083843 0.340365 0.936548 -1.626500 0.000000 0.000000 0.000000 1.000000
0.984243 0.176819 -0.000924 0.000100 -0.166152 0.923057 -0.346928 13.360200 -0.060491 0.341615 0.937891 -1.626500 0.000000 0.000000 0.000000 1.000000
0.984317 0.175422 -0.018635 0.000100 -0.171124 0.923817 -0.342459 13.360200 -0.042859 0.340277 0.939348 -1.626500 0.000000 0.000000 0.000000 1.000000
0.984169 0.174489 -0.031063 0.000100 -0.174720 0.925794 -0.335230 13.360200 -0.029736 0.335350 0.941624 -1.626500 0.000000 0.000000 0.000000 1.000000
0.984516 0.170610 -0.040256 0.000100 -0.174286 0.928102 -0.329016 13.360200 -0.018772 0.330938 0.943466 -1.626500 0.000000 0.000000 0.000000 1.000000
0.985695 0.162066 -0.046252 0.000100 -0.168236 0.929792 -0.327390 13.360200 -0.010054 0.330488 0.943757 -1.626500 0.000000 0.000000 0.000000 1.000000
0.987444 0.150740 -0.047235 0.000100 -0.157864 0.930828 -0.329603 13.360200 -0.005717 0.332921 0.942937 -1.626500 0.000000 0.000000 0.000000 1.000000
0.989363 0.138970 -0.042990 0.000100 -0.145338 0.931856 -0.332446 13.360200 -0.006139 0.335158 0.942142 -1.626500 0.000000 0.000000 0.000000 1.000000
0.991214 0.127315 -0.035846 0.000100 -0.131957 0.933439 -0.333585 13.360200 -0.009011 0.335385 0.942038 -1.626500 0.000000 0.000000 0.000000 1.000000
0.992911 0.115501 -0.028067 0.000100 -0.118244 0.935756 -0.332234 13.360200 -0.012110 0.333197 0.942779 -1.626500 0.000000 0.000000 0.000000 1.000000
0.994402 0.103687 -0.020346 0.000100 -0.104608 0.938863 -0.328015 13.360200 -0.014909 0.328307 0.944453 -1.626500 0.000000 0.000000 0.000000 1.000000
0.995636 0.092430 -0.012863 0.000100 -0.091666 0.942813 -0.320469 13.360200 -0.017493 0.320250 0.947172 -1.626500 0.000000 0.000000 0.000000 1.000000
0.996606 0.082105 -0.005859 0.000100 -0.079882 0.947542 -0.309488 13.360200 -0.019859 0.308906 0.950885 -1.626500 0.000000 0.000000 0.000000 1.000000
0.997355 0.072683 0.000999 0.000100 -0.069147 0.952888 -0.295337 13.360200 -0.022418 0.294487 0.955393 -1.626500 0.000000 0.000000 0.000000 1.000000
0.997919 0.063972 0.008058 0.000100 -0.059204 0.958621 -0.278461 13.360200 -0.025539 0.277404 0.960414 -1.626500 0.000000 0.000000 0.000000 1.000000
0.998332 0.055934 0.014336 0.000100 -0.050297 0.964331 -0.259877 13.360200 -0.028361 0.258722 0.965535 -1.626500 0.000000 0.000000 0.000000 1.000000
0.998648 0.048697 0.018211 0.000100 -0.042888 0.969608 -0.240874 13.360200 -0.029387 0.239767 0.970385 -1.626500 0.000000 0.000000 0.000000 1.000000
0.998917 0.042292 0.019377 0.000100 -0.036961 0.974463 -0.221485 13.360200 -0.028249 0.220529 0.974971 -1.626500 0.000000 0.000000 0.000000 1.000000
0.999157 0.036476 0.018838 0.000100 -0.031968 0.979184 -0.200442 13.360200 -0.025757 0.199671 0.979524 -1.626500 0.000000 0.000000 0.000000 1.000000
0.999366 0.031009 0.017494 0.000100 -0.027416 0.983732 -0.177538 13.360200 -0.022714 0.176946 0.983958 -1.626500 0.000000 0.000000 0.000000 1.000000
0.999529 0.026238 0.015920 0.000100 -0.023466 0.987704 -0.154562 13.360200 -0.019780 0.154116 0.987855 -1.626500 0.000000 0.000000 0.000000 1.000000
0.999626 0.023004 0.014802 0.000100 -0.020833 0.990892 -0.133035 13.360200 -0.017728 0.132677 0.991001 -1.626500 0.000000 0.000000 0.000000 1.000000
0.999662 0.021573 0.014511 0.000100 -0.019805 0.993449 -0.112550 13.360200 -0.016844 0.112224 0.993540 -1.626500 0.000000 0.000000 0.000000 1.000000
0.999670 0.021006 0.014798 0.000100 -0.019554 0.995544 -0.092247 13.360200 -0.016670 0.091927 0.995626 -1.626500 0.000000 0.000000 0.000000 1.000000
0.999682 0.020003 0.015383 0.000100 -0.018837 0.997188 -0.072531 13.360200 -0.016790 0.072218 0.997248 -1.626500 0.000000 0.000000 0.000000 1.000000
0.999705 0.018089 0.016213 0.000100 -0.017182 0.998370 -0.054429 13.360200 -0.017171 0.054135 0.998386 -1.626500 0.000000 0.000000 0.000000 1.000000
0.999731 0.015603 0.017152 0.000100 -0.014935 0.999150 -0.038432 13.360200 -0.017737 0.038165 0.999114 -1.626500 0.000000 0.000000 0.000000 1.000000</float_array><technique_common><accessor source="#mixamorig_Spine2-Matrix-animation-output-transform-array" count="50" stride="16"><param type="float4x4"/></accessor></technique_common></source><source id="mixamorig_Spine2-Interpolations"><Name_array id="mixamorig_Spine2-Interpolations-array" count="50">
 LINEAR LINEAR LINEAR LINEAR LINEAR LINEAR LINEAR LINEAR LINEAR LINEAR LINEAR
LINEAR LINEAR LINEAR LINEAR LINEAR LINEAR LINEAR LINEAR LINEAR LINEAR LINEAR LINEAR
LINEAR LINEAR LINEAR LINEAR LINEAR LINEAR LINEAR LINEAR LINEAR LINEAR LINEAR LINEAR
LINEAR LINEAR LINEAR LINEAR LINEAR LINEAR LINEAR LINEAR LINEAR LINEAR LINEAR LINEAR
LINEAR LINEAR LINEAR</Name_array><technique_common><accessor source="#mixamorig_Spine2-Interpolations-array" count="50"><param type="name"/></accessor></technique_common></source><sampler id="mixamorig_Spine2-Matrix-animation-transform"><input semantic="INPUT" source="#mixamorig_Spine2-Matrix-animation-input"/><input semantic="OUTPUT" source="#mixamorig_Spine2-Matrix-animation-output-transform"/><input semantic="INTERPOLATION" source="#mixamorig_Spine2-Interpolations"/></sampler><channel source="#mixamorig_Spine2-Matrix-animation-transform" target="mixamorig_Spine2/matrix"/></animation>
    <animation id="mixamorig_Neck-anim" name="mixamorig_Neck"><source id="mixamorig_Neck-Matrix-animation-input"><float_array id="mixamorig_Neck-Matrix-animation-input-array" count="50">

0.000000 0.033333 0.066667 0.100000 0.133333 0.166667 0.200000 0.233333 0.266667 0.300000 0.333333 0.366667 0.400000 0.433333 0.466667 0.500000
0.533333 0.566667 0.600000 0.633333 0.666667 0.700000 0.733333 0.766667 0.800000 0.833333 0.866667 0.900000 0.933333 0.966667 1.000000 1.033333
1.066667 1.100000 1.133333 1.166667 1.200000 1.233333 1.266667 1.300000 1.333333 1.366667 1.400000 1.433333 1.466667 1.500000 1.533333 1.566667
