<?xml version="1.0" encoding="utf-8"?>
<COLLADA xmlns="http://www.collada.org/2005/11/COLLADASchema" version="1.4.1">
  <asset><contributor><author>Mixamo</author><authoring_tool>COLLADA Mixamo exporter</authoring_tool><comments></comments></contributor><created>2018-10-16T10:18:55Z</created><modified>2018-10-16T10:18:55Z</modified><revision></revision><title></title><unit meter="0.010000"/><up_axis>Y_UP</up_axis></asset>
  <library_animations>
    <animation id="mixamorig_Hips-anim" name="mixamorig_Hips"><source id="mixamorig_Hips-Matrix-animation-input"><float_array id="mixamorig_Hips-Matrix-animation-input-array" count="36">

0.000000 0.033333 0.066667 0.100000 0.133333 0.166667 0.200000 0.233333 0.266667 0.300000 0.333333 0.366667 0.400000 0.433333 0.466667 0.500000
0.533333 0.566667 0.600000 0.633333 0.666667 0.700000 0.733333 0.766667 0.800000 0.833333 0.866667 0.900000 0.933333 0.966667 1.000000 1.033333
1.066667 1.100000 1.133333 1.166667</float_array><technique_common><accessor source="#mixamorig_Hips-Matrix-animation-input-array" count="36"><param name="TIME" type="float"/></accessor></technique_common></source><source id="mixamorig_Hips-Matrix-animation-output-transform"><float_array id="mixamorig_Hips-Matrix-animation-output-transform-array" count="576">

0.691439 0.000585 -0.722434 0.059000 0.067128 0.995621 0.065055 85.218597 0.719309 -0.093477 0.688372 -0.377465 0.000000 0.000000 0.000000 1.000000
0.691210 0.003042 -0.722647 -0.537213 0.088806 0.992054 0.089118 85.537781 0.717176 -0.125774 0.685448 -0.498120 0.000000 0.000000 0.000000 1.000000
0.702194 0.010722 -0.711905 -1.649786 0.119658 0.983887 0.132844 86.106102 0.701859 -0.178468 0.689597 -0.154772 0.000000 0.000000 0.000000 1.000000
0.691550 0.018161 -0.722100 -3.163358 0.161257 0.970572 0.178845 87.192078 0.704099 -0.240124 0.668270 0.854294 0.000000 0.000000 0.000000 1.000000
0.625934 0.021235 -0.779587 -4.455992 0.211124 0.957689 0.195598 88.800446 0.750755 -0.287021 0.594967 2.190505 0.000000 0.000000 0.000000 1.000000
0.504020 0.020916 -0.863439 -4.852061 0.252051 0.952628 0.170208 90.492546 0.826096 -0.303419 0.474871 3.130948 0.000000 0.000000 0.000000 1.000000
0.367828 0.018770 -0.929705 -4.335780 0.269712 0.954664 0.125982 91.755722 0.889920 -0.297092 0.346089 3.352648 0.000000 0.000000 0.000000 1.000000
0.257342 0.012231 -0.966243 -3.448474 0.274865 0.957689 0.085328 92.401306 0.926404 -0.287545 0.243091 3.166592 0.000000 0.000000 0.000000 1.000000
0.173123 -0.001337 -0.984899 -2.649150 0.280692 0.958595 0.048038 92.545395 0.944055 -0.284770 0.166330 2.958912 0.000000 0.000000 0.000000 1.000000
0.103423 -0.017946 -0.994476 -2.026560 0.285147 0.958404 0.012359 92.372520 0.952888 -0.284850 0.104238 2.759710 0.000000 0.000000 0.000000 1.000000
0.052525 -0.028404 -0.998216 -1.459073 0.282453 0.959200 -0.012431 91.964020 0.957842 -0.281296 0.058405 2.395122 0.000000 0.000000 0.000000 1.000000
0.030555 -0.027961 -0.999142 -0.834340 0.273948 0.961566 -0.018532 91.510979 0.961259 -0.273147 0.037040 1.783847 0.000000 0.000000 0.000000 1.000000
0.037337 -0.020993 -0.999082 -0.124908 0.263276 0.964664 -0.010431 91.088524 0.963998 -0.262645 0.041545 0.999175 0.000000 0.000000 0.000000 1.000000
0.064277 -0.014651 -0.997825 0.631040 0.251426 0.967875 0.001985 90.705360 0.965740 -0.251006 0.065895 0.166110 0.000000 0.000000 0.000000 1.000000
0.102683 -0.011206 -0.994651 1.368469 0.237687 0.971247 0.013595 90.331001 0.965899 -0.237812 0.102395 -0.627372 0.000000 0.000000 0.000000 1.000000
0.146644 -0.008350 -0.989154 2.026736 0.220904 0.974987 0.024519 89.930405 0.964208 -0.222103 0.144820 -1.344364 0.000000 0.000000 0.000000 1.000000
0.192449 -0.004072 -0.981298 2.577105 0.199995 0.979166 0.035159 89.508499 0.960711 -0.203021 0.189254 -1.965946 0.000000 0.000000 0.000000 1.000000
0.237996 0.001257 -0.971265 3.028501 0.175195 0.983541 0.044202 89.128159 0.955335 -0.180681 0.233859 -2.467707 0.000000 0.000000 0.000000 1.000000
0.281697 0.006509 -0.959481 3.392252 0.149090 0.987535 0.050471 88.857903 0.947850 -0.157266 0.277215 -2.831805 0.000000 0.000000 0.000000 1.000000
0.321353 0.011482 -0.946890 3.645072 0.125427 0.990600 0.054580 88.703232 0.938616 -0.136305 0.316893 -3.048252 0.000000 0.000000 0.000000 1.000000
0.354712 0.016674 -0.934827 3.741106 0.106661 0.992592 0.058176 88.593422 0.928872 -0.120346 0.350306 -3.092703 0.000000 0.000000 0.000000 1.000000
0.380864 0.022101 -0.924367 3.662903 0.093096 0.993718 0.062117 88.454262 0.919933 -0.109713 0.376414 -2.935998 0.000000 0.000000 0.000000 1.000000
0.400607 0.026932 -0.915854 3.451191 0.083962 0.994283 0.065965 88.276337 0.912395 -0.103322 0.396055 -2.595070 0.000000 0.000000 0.000000 1.000000
0.416536 0.030098 -0.908621 3.176240 0.078634 0.994513 0.068991 88.101776 0.905712 -0.100186 0.411884 -2.141559 0.000000 0.000000 0.000000 1.000000
0.433499 0.030908 -0.900624 2.872947 0.076756 0.994513 0.071075 87.963982 0.897879 -0.099939 0.428748 -1.640592 0.000000 0.000000 0.000000 1.000000
0.456318 0.029396 -0.889331 2.511652 0.077524 0.994340 0.072644 87.861084 0.886433 -0.102093 0.451457 -1.125877 0.000000 0.000000 0.000000 1.000000
0.485167 0.026426 -0.874022 2.051095 0.079345 0.994089 0.074100 87.773788 0.870814 -0.105300 0.480202 -0.660316 0.000000 0.000000 0.000000 1.000000
0.516021 0.023092 -0.856265 1.510039 0.080694 0.993880 0.075433 87.678200 0.852766 -0.108021 0.511000 -0.346308 0.000000 0.000000 0.000000 1.000000
0.545784 0.019913 -0.837689 0.970998 0.081055 0.993775 0.076433 87.544090 0.833996 -0.109615 0.540772 -0.237721 0.000000 0.000000 0.000000 1.000000
0.574016 0.016868 -0.818670 0.530043 0.080647 0.993762 0.077022 87.337677 0.814863 -0.110235 0.569075 -0.283338 0.000000 0.000000 0.000000 1.000000
0.601094 0.013875 -0.799058 0.249606 0.079713 0.993822 0.077222 87.039825 0.795193 -0.110112 0.596275 -0.371332 0.000000 0.000000 0.000000 1.000000
0.626581 0.010950 -0.779279 0.123208 0.078261 0.993963 0.076893 86.669479 0.775417 -0.109166 0.621941 -0.422454 0.000000 0.000000 0.000000 1.000000
0.648952 0.008123 -0.760786 0.084716 0.076161 0.994227 0.075581 86.273979 0.757007 -0.106991 0.644587 -0.428953 0.000000 0.000000 0.000000 1.000000
0.666742 0.005420 -0.745269 0.071831 0.073384 0.994637 0.072886 85.893089 0.741667 -0.103287 0.662768 -0.415436 0.000000 0.000000 0.000000 1.000000
0.680307 0.002890 -0.732922 0.062568 0.070217 0.995136 0.069100 85.541328 0.729556 -0.098473 0.676794 -0.397387 0.000000 0.000000 0.000000 1.000000
0.691439 0.000586 -0.722434 0.059002 0.067128 0.995621 0.065055 85.218597 0.719309 -0.093477 0.688373 -0.377461 0.000000 0.000000 0.000000 1.000000</float_array><technique_common><accessor source="#mixamorig_Hips-Matrix-animation-output-transform-array" count="36" stride="16"><param type="float4x4"/></accessor></technique_common></source><source id="mixamorig_Hips-Interpolations"><Name_array id="mixamorig_Hips-Interpolations-array" count="36">
 LINEAR LINEAR LINEAR LINEAR LINEAR LINEAR LINEAR LINEAR LINEAR LINEAR LINEAR
LINEAR LINEAR LINEAR LINEAR LINEAR LINEAR LINEAR LINEAR LINEAR LINEAR LINEAR LINEAR
LINEAR LINEAR LINEAR LINEAR LINEAR LINEAR LINEAR LINEAR LINEAR LINEAR LINEAR LINEAR
LINEAR</Name_array><technique_common><accessor source="#mixamorig_Hips-Interpolations-array" count="36"><param type="name"/></accessor></technique_common></source><sampler id="mixamorig_Hips-Matrix-animation-transform"><input semantic="INPUT" source="#mixamorig_Hips-Matrix-animation-input"/><input semantic="OUTPUT" source="#mixamorig_Hips-Matrix-animation-output-transform"/><input semantic="INTERPOLATION" source="#mixamorig_Hips-Interpolations"/></sampler><channel source="#mixamorig_Hips-Matrix-animation-transform" target="mixamorig_Hips/matrix"/></animation>
    <animation id="mixamorig_Spine-anim" name="mixamorig_Spine"><source id="mixamorig_Spine-Matrix-animation-input"><float_array id="mixamorig_Spine-Matrix-animation-input-array" count="36">

0.000000 0.033333 0.066667 0.100000 0.133333 0.166667 0.200000 0.233333 0.266667 0.300000 0.333333 0.366667 0.400000 0.433333 0.466667 0.500000
0.533333 0.566667 0.600000 0.633333 0.666667 0.700000 0.733333 0.766667 0.800000 0.833333 0.866667 0.900000 0.933333 0.966667 1.000000 1.033333
1.066667 1.100000 1.133333 1.166667</float_array><technique_common><accessor source="#mixamorig_Spine-Matrix-animation-input-array" count="36"><param name="TIME" type="float"/></accessor></technique_common></source><source id="mixamorig_Spine-Matrix-animation-output-transform"><float_array id="mixamorig_Spine-Matrix-animation-output-transform-array" count="576">

0.991655 0.031372 0.125044 0.000000 -0.010611 0.986511 -0.163353 9.923500 -0.128482 0.160663 0.978611 -1.227300 0.000000 0.000000 0.000000 1.000000
0.990872 0.039315 0.128944 0.000000 -0.019765 0.988560 -0.149526 9.923500 -0.133348 0.145612 0.980314 -1.227300 0.000000 0.000000 0.000000 1.000000
0.989908 0.036559 0.136912 -0.000000 -0.020193 0.992680 -0.119074 9.923500 -0.140263 0.115108 0.983400 -1.227300 0.000000 0.000000 0.000000 1.000000
0.990483 0.012616 0.137058 -0.000000 -0.002268 0.997151 -0.075398 9.923500 -0.137618 0.074369 0.987689 -1.227300 0.000000 0.000000 0.000000 1.000000
0.992751 -0.031047 0.116113 -0.000000 0.035833 0.998582 -0.039363 9.923500 -0.114727 0.043238 0.992456 -1.227300 0.000000 0.000000 0.000000 1.000000
0.994318 -0.078137 0.072289 0.000000 0.080905 0.996065 -0.036178 9.923500 -0.069177 0.041821 0.996727 -1.227300 0.000000 0.000000 0.000000 1.000000
0.993539 -0.111897 0.018976 0.000000 0.112954 0.991189 -0.069184 9.923500 -0.011068 0.070880 0.997423 -1.227300 0.000000 0.000000 0.000000 1.000000
0.991358 -0.128601 -0.025923 0.000000 0.124787 0.985364 -0.116127 9.923500 0.040477 0.111888 0.992896 -1.227300 0.000000 0.000000 0.000000 1.000000
0.989438 -0.134988 -0.052817 0.000000 0.125568 0.980227 -0.152932 9.923500 0.072417 0.144685 0.986824 -1.227300 0.000000 0.000000 0.000000 1.000000
0.988506 -0.137289 -0.063303 -0.000000 0.124552 0.976892 -0.173694 9.923500 0.085686 0.163813 0.982763 -1.227300 0.000000 0.000000 0.000000 1.000000
0.988360 -0.137323 -0.065479 -0.000000 0.123034 0.974642 -0.186913 9.923500 0.089486 0.176681 0.980192 -1.227300 0.000000 0.000000 0.000000 1.000000
0.988561 -0.135230 -0.066785 0.000000 0.119452 0.972342 -0.200705 9.923500 0.092079 0.190432 0.977373 -1.227300 0.000000 0.000000 0.000000 1.000000
0.988861 -0.131845 -0.069071 0.000000 0.114259 0.969813 -0.215423 9.923500 0.095388 0.205132 0.974075 -1.227300 0.000000 0.000000 0.000000 1.000000
0.989265 -0.128182 -0.070169 0.000000 0.109236 0.967618 -0.227560 9.923500 0.097066 0.217453 0.971232 -1.227300 0.000000 0.000000 0.000000 1.000000
0.989814 -0.124283 -0.069434 -0.000000 0.104773 0.966146 -0.235765 9.923500 0.096385 0.226089 0.969326 -1.227300 0.000000 0.000000 0.000000 1.000000
0.990419 -0.119268 -0.069615 -0.000000 0.099286 0.965350 -0.241334 9.923500 0.095986 0.232110 0.967942 -1.227300 0.000000 0.000000 0.000000 1.000000
0.990939 -0.112392 -0.073533 -0.000000 0.091255 0.965123 -0.245379 9.923500 0.098547 0.236445 0.966634 -1.227300 0.000000 0.000000 0.000000 1.000000
0.991324 -0.103480 -0.081042 -0.000000 0.080534 0.965488 -0.247684 9.923500 0.103876 0.239009 0.965445 -1.227300 0.000000 0.000000 0.000000 1.000000
0.991752 -0.091877 -0.089364 0.000000 0.067248 0.966567 -0.247439 9.923500 0.109111 0.239389 0.964773 -1.227300 0.000000 0.000000 0.000000 1.000000
0.992601 -0.076022 -0.094674 0.000000 0.050936 0.968519 -0.243672 9.923500 0.110218 0.237047 0.965226 -1.227300 0.000000 0.000000 0.000000 1.000000
0.994097 -0.055222 -0.093391 -0.000000 0.031846 0.971379 -0.235392 9.923500 0.103716 0.231028 0.967403 -1.227300 0.000000 0.000000 0.000000 1.000000
0.995996 -0.031494 -0.083667 0.000000 0.012141 0.974873 -0.222431 9.923500 0.088569 0.220525 0.971352 -1.227300 0.000000 0.000000 0.000000 1.000000
0.997772 -0.008629 -0.066149 0.000000 -0.005216 0.978472 -0.206314 9.923500 0.066506 0.206200 0.976247 -1.227300 0.000000 0.000000 0.000000 1.000000
0.999029 0.010778 -0.042725 0.000000 -0.018703 0.981665 -0.189696 9.923500 0.039897 0.190311 0.980913 -1.227300 0.000000 0.000000 0.000000 1.000000
0.999533 0.026438 -0.015327 0.000000 -0.028712 0.984192 -0.174763 9.923500 0.010464 0.175122 0.984491 -1.227300 0.000000 0.000000 0.000000 1.000000
0.999185 0.038324 0.012667 0.000000 -0.035756 0.986019 -0.162754 9.923500 -0.018727 0.162168 0.986585 -1.227300 0.000000 0.000000 0.000000 1.000000
0.998318 0.045419 0.036032 -0.000000 -0.039334 0.987195 -0.154592 9.923500 -0.042592 0.152915 0.987321 -1.227300 0.000000 0.000000 0.000000 1.000000
0.997503 0.047657 0.052115 0.000000 -0.039339 0.987845 -0.150381 9.923500 -0.058648 0.147955 0.987254 -1.227300 0.000000 0.000000 0.000000 1.000000
0.996915 0.046794 0.063011 -0.000000 -0.036967 0.988151 -0.148968 9.923500 -0.069235 0.146179 0.986832 -1.227300 0.000000 0.000000 0.000000 1.000000
0.996418 0.044571 0.071866 -0.000000 -0.033456 0.988263 -0.149054 9.923500 -0.077666 0.146116 0.986214 -1.227300 0.000000 0.000000 0.000000 1.000000
0.995907 0.041733 0.080176 -0.000000 -0.029340 0.988258 -0.149949 9.923500 -0.085492 0.146983 0.985438 -1.227300 0.000000 0.000000 0.000000 1.000000
0.995324 0.038693 0.088503 0.000000 -0.024951 0.988157 -0.151403 9.923500 -0.093313 0.148487 0.984502 -1.227300 0.000000 0.000000 0.000000 1.000000
0.994596 0.036014 0.097376 0.000000 -0.020749 0.987938 -0.153452 9.923500 -0.101728 0.150602 0.983347 -1.227300 0.000000 0.000000 0.000000 1.000000
0.993691 0.034049 0.106859 0.000000 -0.017034 0.987567 -0.156276 9.923500 -0.110851 0.153470 0.981916 -1.227300 0.000000 0.000000 0.000000 1.000000
0.992676 0.032625 0.116322 -0.000000 -0.013721 0.987063 -0.159748 9.923500 -0.120029 0.156981 0.980281 -1.227300 0.000000 0.000000 0.000000 1.000000
0.991655 0.031372 0.125044 0.000000 -0.010611 0.986511 -0.163353 9.923500 -0.128482 0.160663 0.978611 -1.227300 0.000000 0.000000 0.000000 1.000000</float_array><technique_common><accessor source="#mixamorig_Spine-Matrix-animation-output-transform-array" count="36" stride="16"><param type="float4x4"/></accessor></technique_common></source><source id="mixamorig_Spine-Interpolations"><Name_array id="mixamorig_Spine-Interpolations-array" count="36">
 LINEAR LINEAR LINEAR LINEAR LINEAR LINEAR LINEAR LINEAR LINEAR LINEAR LINEAR
LINEAR LINEAR LINEAR LINEAR LINEAR LINEAR LINEAR LINEAR LINEAR LINEAR LINEAR LINEAR
LINEAR LINEAR LINEAR LINEAR LINEAR LINEAR LINEAR LINEAR LINEAR LINEAR LINEAR LINEAR
LINEAR</Name_array><technique_common><accessor source="#mixamorig_Spine-Interpolations-array" count="36"><param type="name"/></accessor></technique_common></source><sampler id="mixamorig_Spine-Matrix-animation-transform"><input semantic="INPUT" source="#mixamorig_Spine-Matrix-animation-input"/><input semantic="OUTPUT" source="#mixamorig_Spine-Matrix-animation-output-transform"/><input semantic="INTERPOLATION" source="#mixamorig_Spine-Interpolations"/></sampler><channel source="#mixamorig_Spine-Matrix-animation-transform" target="mixamorig_Spine/matrix"/></animation>
    <animation id="mixamorig_Spine1-anim" name="mixamorig_Spine1"><source id="mixamorig_Spine1-Matrix-animation-input"><float_array id="mixamorig_Spine1-Matrix-animation-input-array" count="36">

0.000000 0.033333 0.066667 0.100000 0.133333 0.166667 0.200000 0.233333 0.266667 0.300000 0.333333 0.366667 0.400000 0.433333 0.466667 0.500000
0.533333 0.566667 0.600000 0.633333 0.666667 0.700000 0.733333 0.766667 0.800000 0.833333 0.866667 0.900000 0.933333 0.966667 1.000000 1.033333
1.066667 1.100000 1.133333 1.166667</float_array><technique_common><accessor source="#mixamorig_Spine1-Matrix-animation-input-array" count="36"><param name="TIME" type="float"/></accessor></technique_common></source><source id="mixamorig_Spine1-Matrix-animation-output-transform"><float_array id="mixamorig_Spine1-Matrix-animation-output-transform-array" count="576">

0.999723 0.015978 0.017276 -0.000100 -0.015309 0.999154 -0.038168 11.645400 -0.017871 0.037893 0.999122 -1.422300 0.000000 0.000000 0.000000 1.000000
0.999082 0.029790 0.030790 -0.000100 -0.027896 0.997796 -0.060208 11.645400 -0.032516 0.059294 0.997711 -1.422300 0.000000 0.000000 0.000000 1.000000
0.998038 0.040378 0.047859 -0.000100 -0.036680 0.996451 -0.075766 11.645400 -0.050748 0.073862 0.995976 -1.422300 0.000000 0.000000 0.000000 1.000000
0.997462 0.037017 0.060818 -0.000100 -0.031869 0.995994 -0.083549 11.645400 -0.063668 0.081399 0.994646 -1.422300 0.000000 0.000000 0.000000 1.000000
0.998020 0.015048 0.061065 -0.000100 -0.009319 0.995619 -0.093042 11.645400 -0.062197 0.092288 0.993788 -1.422300 0.000000 0.000000 0.000000 1.000000
0.998743 -0.016966 0.047175 -0.000100 0.022485 0.992635 -0.119035 11.645400 -0.044808 0.119946 0.991769 -1.422300 0.000000 0.000000 0.000000 1.000000
0.998640 -0.044832 0.026618 -0.000100 0.048608 0.985215 -0.164284 11.645400 -0.018859 0.165355 0.986054 -1.422300 0.000000 0.000000 0.000000 1.000000
0.998071 -0.061474 0.008647 -0.000100 0.061900 0.974917 -0.213786 11.645400 0.004712 0.213909 0.976842 -1.422300 0.000000 0.000000 0.000000 1.000000
0.997623 -0.068873 -0.002098 -0.000100 0.066167 0.966029 -0.249820 11.645400 0.019233 0.249087 0.968290 -1.422300 0.000000 0.000000 0.000000 1.000000
0.997446 -0.071154 -0.006172 -0.000100 0.066891 0.960963 -0.268468 11.645400 0.025034 0.267369 0.963269 -1.422300 0.000000 0.000000 0.000000 1.000000
0.997481 -0.070603 -0.006911 -0.000100 0.065887 0.958130 -0.278650 11.645400 0.026295 0.277493 0.960368 -1.422300 0.000000 0.000000 0.000000 1.000000
0.997623 -0.068490 -0.007558 -0.000100 0.063389 0.955209 -0.289064 11.645400 0.027018 0.287898 0.957280 -1.422300 0.000000 0.000000 0.000000 1.000000
0.997802 -0.065661 -0.008933 -0.000100 0.059949 0.951890 -0.300520 11.645400 0.028235 0.299324 0.953734 -1.422300 0.000000 0.000000 0.000000 1.000000
0.998022 -0.062077 -0.009946 -0.000100 0.055957 0.949221 -0.309594 11.645400 0.028660 0.308425 0.950817 -1.422300 0.000000 0.000000 0.000000 1.000000
0.998310 -0.057164 -0.010411 -0.000100 0.050990 0.947801 -0.314760 11.645400 0.027861 0.313698 0.949114 -1.422300 0.000000 0.000000 0.000000 1.000000
0.998641 -0.050717 -0.011992 -0.000100 0.044300 0.947306 -0.317251 11.645400 0.027450 0.316289 0.948266 -1.422300 0.000000 0.000000 0.000000 1.000000
0.998932 -0.043259 -0.016204 -0.000100 0.035855 0.947257 -0.318464 11.645400 0.029126 0.317543 0.947796 -1.422300 0.000000 0.000000 0.000000 1.000000
0.999116 -0.035370 -0.022705 -0.000100 0.026300 0.947492 -0.318697 11.645400 0.032785 0.317818 0.947585 -1.422300 0.000000 0.000000 0.000000 1.000000
0.999210 -0.026492 -0.029636 -0.000100 0.015713 0.948066 -0.317686 11.645400 0.036513 0.316969 0.947733 -1.422300 0.000000 0.000000 0.000000 1.000000
0.999289 -0.014839 -0.034649 -0.000100 0.003178 0.949138 -0.314843 11.645400 0.037559 0.314510 0.948511 -1.422300 0.000000 0.000000 0.000000 1.000000
0.999362 0.000648 -0.035698 -0.000100 -0.011654 0.950996 -0.308983 11.645400 0.033748 0.309202 0.950397 -1.422300 0.000000 0.000000 0.000000 1.000000
0.999324 0.018392 -0.031843 -0.000100 -0.027083 0.953877 -0.298974 11.645400 0.024875 0.299634 0.953730 -1.422300 0.000000 0.000000 0.000000 1.000000
0.999104 0.035210 -0.023499 -0.000100 -0.040454 0.957639 -0.285117 11.645400 0.012465 0.285812 0.958205 -1.422300 0.000000 0.000000 0.000000 1.000000
0.998717 0.049277 -0.011690 -0.000100 -0.050604 0.961797 -0.269045 11.645400 -0.002014 0.269292 0.963057 -1.422300 0.000000 0.000000 0.000000 1.000000
0.998148 0.060797 0.002249 -0.000100 -0.058273 0.966027 -0.251785 11.645400 -0.017480 0.251187 0.967781 -1.422300 0.000000 0.000000 0.000000 1.000000
0.997459 0.069497 0.015704 -0.000100 -0.063938 0.970352 -0.233085 11.645400 -0.031437 0.231489 0.972329 -1.422300 0.000000 0.000000 0.000000 1.000000
0.996977 0.073535 0.025102 -0.000100 -0.066531 0.974767 -0.213077 11.645400 -0.040137 0.210763 0.976713 -1.422300 0.000000 0.000000 0.000000 1.000000
0.996976 0.072104 0.028974 -0.000100 -0.065214 0.979102 -0.192629 11.645400 -0.042258 0.190157 0.980844 -1.422300 0.000000 0.000000 0.000000 1.000000
0.997345 0.066808 0.028966 -0.000100 -0.060861 0.983192 -0.172132 11.645400 -0.039979 0.169912 0.984648 -1.422300 0.000000 0.000000 0.000000 1.000000
0.997844 0.059711 0.027231 -0.000100 -0.054925 0.986937 -0.151457 11.645400 -0.035919 0.149635 0.988089 -1.422300 0.000000 0.000000 0.000000 1.000000
0.998344 0.051906 0.024812 -0.000100 -0.048242 0.990266 -0.130558 11.645400 -0.031347 0.129145 0.991130 -1.422300 0.000000 0.000000 0.000000 1.000000
0.998789 0.043891 0.022244 -0.000100 -0.041198 0.993111 -0.109694 11.645400 -0.026905 0.108644 0.993717 -1.422300 0.000000 0.000000 0.000000 1.000000
0.999145 0.036104 0.020136 -0.000100 -0.034166 0.995405 -0.089447 11.645400 -0.023273 0.088682 0.995788 -1.422300 0.000000 0.000000 0.000000 1.000000
0.999407 0.028849 0.018805 -0.000100 -0.027455 0.997127 -0.070591 11.645400 -0.020787 0.070033 0.997328 -1.422300 0.000000 0.000000 0.000000 1.000000
0.999592 0.022160 0.017995 -0.000100 -0.021169 0.998342 -0.053532 11.645400 -0.019151 0.053129 0.998404 -1.422300 0.000000 0.000000 0.000000 1.000000
0.999723 0.015978 0.017276 -0.000100 -0.015309 0.999154 -0.038168 11.645400 -0.017871 0.037893 0.999122 -1.422300 0.000000 0.000000 0.000000 1.000000</float_array><technique_common><accessor source="#mixamorig_Spine1-Matrix-animation-output-transform-array" count="36" stride="16"><param type="float4x4"/></accessor></technique_common></source><source id="mixamorig_Spine1-Interpolations"><Name_array id="mixamorig_Spine1-Interpolations-array" count="36">
 LINEAR LINEAR LINEAR LINEAR LINEAR LINEAR LINEAR LINEAR LINEAR LINEAR LINEAR
LINEAR LINEAR LINEAR LINEAR LINEAR LINEAR LINEAR LINEAR LINEAR LINEAR LINEAR LINEAR
LINEAR LINEAR LINEAR LINEAR LINEAR LINEAR LINEAR LINEAR LINEAR LINEAR LINEAR LINEAR
LINEAR</Name_array><technique_common><accessor source="#mixamorig_Spine1-Interpolations-array" count="36"><param type="name"/></accessor></technique_common></source><sampler id="mixamorig_Spine1-Matrix-animation-transform"><input semantic="INPUT" source="#mixamorig_Spine1-Matrix-animation-input"/><input semantic="OUTPUT" source="#mixamorig_Spine1-Matrix-animation-output-transform"/><input semantic="INTERPOLATION" source="#mixamorig_Spine1-Interpolations"/></sampler><channel source="#mixamorig_Spine1-Matrix-animation-transform" target="mixamorig_Spine1/matrix"/></animation>
    <animation id="mixamorig_Spine2-anim" name="mixamorig_Spine2"><source id="mixamorig_Spine2-Matrix-animation-input"><float_array id="mixamorig_Spine2-Matrix-animation-input-array" count="36">

0.000000 0.033333 0.066667 0.100000 0.133333 0.166667 0.200000 0.233333 0.266667 0.300000 0.333333 0.366667 0.400000 0.433333 0.466667 0.500000
0.533333 0.566667 0.600000 0.633333 0.666667 0.700000 0.733333 0.766667 0.800000 0.833333 0.866667 0.900000 0.933333 0.966667 1.000000 1.033333
1.066667 1.100000 1.133333 1.166667</float_array><technique_common><accessor source="#mixamorig_Spine2-Matrix-animation-input-array" count="36"><param name="TIME" type="float"/></accessor></technique_common></source><source id="mixamorig_Spine2-Matrix-animation-output-transform"><float_array id="mixamorig_Spine2-Matrix-animation-output-transform-array" count="576">

0.999731 0.015603 0.017152 0.000100 -0.014935 0.999150 -0.038432 13.360200 -0.017737 0.038165 0.999114 -1.626500 0.000000 0.000000 0.000000 1.000000
0.999100 0.029408 0.030566 0.000100 -0.027522 0.997795 -0.060399 13.360200 -0.032275 0.059503 0.997706 -1.626500 0.000000 0.000000 0.000000 1.000000
0.998076 0.039838 0.047516 0.000100 -0.036161 0.996462 -0.075869 13.360200 -0.050371 0.074005 0.995985 -1.626500 0.000000 0.000000 0.000000 1.000000
0.997525 0.036246 0.060255 0.000100 -0.031136 0.996006 -0.083678 13.360200 -0.063047 0.081595 0.994669 -1.626500 0.000000 0.000000 0.000000 1.000000
0.998091 0.014123 0.060129 0.000100 -0.008462 0.995595 -0.093376 13.360200 -0.061183 0.092689 0.993814 -1.626500 0.000000 0.000000 0.000000 1.000000
0.998792 -0.017875 0.045780 0.000100 0.023246 0.992546 -0.119629 13.360200 -0.043300 0.120549 0.991763 -1.626500 0.000000 0.000000 0.000000 1.000000
0.998651 -0.045611 0.024835 0.000100 0.049094 0.985073 -0.164989 13.360200 -0.016939 0.165986 0.985983 -1.626500 0.000000 0.000000 0.000000 1.000000
0.998046 -0.062121 0.006707 0.000100 0.062113 0.974768 -0.214405 13.360200 0.006781 0.214403 0.976722 -1.626500 0.000000 0.000000 0.000000 1.000000
0.997580 -0.069422 -0.003919 0.000100 0.066234 0.965901 -0.250297 13.360200 0.021161 0.249432 0.968161 -1.626500 0.000000 0.000000 0.000000 1.000000
0.997403 -0.071617 -0.007672 0.000100 0.066924 0.960848 -0.268874 13.360200 0.026627 0.267662 0.963145 -1.626500 0.000000 0.000000 0.000000 1.000000
0.997445 -0.070981 -0.008034 0.000100 0.065927 0.958011 -0.279050 13.360200 0.027504 0.277808 0.960243 -1.626500 0.000000 0.000000 0.000000 1.000000
0.997595 -0.068804 -0.008362 0.000100 0.063446 0.955085 -0.289459 13.360200 0.027902 0.288232 0.957154 -1.626500 0.000000 0.000000 0.000000 1.000000
0.997778 -0.065939 -0.009513 0.000100 0.060030 0.951769 -0.300887 13.360200 0.028895 0.299647 0.953612 -1.626500 0.000000 0.000000 0.000000 1.000000
0.998001 -0.062345 -0.010383 0.000100 0.056066 0.949105 -0.309929 13.360200 0.029177 0.308727 0.950703 -1.626500 0.000000 0.000000 0.000000 1.000000
0.998291 -0.057437 -0.010759 0.000100 0.051130 0.947689 -0.315074 13.360200 0.028294 0.313986 0.949006 -1.626500 0.000000 0.000000 0.000000 1.000000
0.998623 -0.051001 -0.012279 0.000100 0.044470 0.947198 -0.317551 13.360200 0.027826 0.316568 0.948162 -1.626500 0.000000 0.000000 0.000000 1.000000
0.998916 -0.043550 -0.016410 0.000100 0.036057 0.947151 -0.318754 13.360200 0.029425 0.317817 0.947695 -1.626500 0.000000 0.000000 0.000000 1.000000
0.999104 -0.035657 -0.022781 0.000100 0.026538 0.947388 -0.318986 13.360200 0.032956 0.318095 0.947486 -1.626500 0.000000 0.000000 0.000000 1.000000
0.999205 -0.026756 -0.029543 0.000100 0.015981 0.947959 -0.317991 13.360200 0.036514 0.317266 0.947633 -1.626500 0.000000 0.000000 0.000000 1.000000
0.999296 -0.015047 -0.034381 0.000100 0.003446 0.949026 -0.315180 13.360200 0.037371 0.314839 0.948409 -1.626500 0.000000 0.000000 0.000000 1.000000
0.999377 0.000548 -0.035288 0.000100 -0.011444 0.950879 -0.309352 13.360200 0.033385 0.309563 0.950293 -1.626500 0.000000 0.000000 0.000000 1.000000
0.999338 0.018428 -0.031384 0.000100 -0.026989 0.953760 -0.299356 13.360200 0.024416 0.300005 0.953625 -1.626500 0.000000 0.000000 0.000000 1.000000
0.999107 0.035361 -0.023113 0.000100 -0.040494 0.957529 -0.285481 13.360200 0.012036 0.286162 0.958106 -1.626500 0.000000 0.000000 0.000000 1.000000
0.998709 0.049488 -0.011450 0.000100 -0.050742 0.961704 -0.269353 13.360200 -0.002318 0.269586 0.962973 -1.626500 0.000000 0.000000 0.000000 1.000000
0.998134 0.061020 0.002378 0.000100 -0.058453 0.965960 -0.252000 13.360200 -0.017674 0.251391 0.967724 -1.626500 0.000000 0.000000 0.000000 1.000000
0.997443 0.069703 0.015803 0.000100 -0.064112 0.970315 -0.233191 13.360200 -0.031588 0.231582 0.972303 -1.626500 0.000000 0.000000 0.000000 1.000000
0.996962 0.073696 0.025211 0.000100 -0.066666 0.974754 -0.213095 13.360200 -0.040279 0.210767 0.976706 -1.626500 0.000000 0.000000 0.000000 1.000000
0.996968 0.072181 0.029079 0.000100 -0.065270 0.979103 -0.192606 13.360200 -0.042374 0.190124 0.980845 -1.626500 0.000000 0.000000 0.000000 1.000000
0.997347 0.066753 0.029048 0.000100 -0.060794 0.983200 -0.172112 13.360200 -0.040049 0.169889 0.984649 -1.626500 0.000000 0.000000 0.000000 1.000000
0.997854 0.059522 0.027283 0.000100 -0.054730 0.986947 -0.151462 13.360200 -0.035942 0.149644 0.988086 -1.626500 0.000000 0.000000 0.000000 1.000000
0.998356 0.051666 0.024819 0.000100 -0.048001 0.990272 -0.130603 13.360200 -0.031326 0.129197 0.991124 -1.626500 0.000000 0.000000 0.000000 1.000000
0.998799 0.043686 0.022191 0.000100 -0.040998 0.993109 -0.109787 13.360200 -0.026834 0.108745 0.993707 -1.626500 0.000000 0.000000 0.000000 1.000000
0.999154 0.035911 0.020036 0.000100 -0.033979 0.995399 -0.089587 13.360200 -0.023161 0.088830 0.995777 -1.626500 0.000000 0.000000 0.000000 1.000000
0.999416 0.028592 0.018687 0.000100 -0.027203 0.997121 -0.070775 13.360200 -0.020657 0.070225 0.997317 -1.626500 0.000000 0.000000 0.000000 1.000000
0.999602 0.021826 0.017875 0.000100 -0.020837 0.998337 -0.053755 13.360200 -0.019018 0.053361 0.998394 -1.626500 0.000000 0.000000 0.000000 1.000000
0.999731 0.015603 0.017152 0.000100 -0.014935 0.999150 -0.038432 13.360200 -0.017737 0.038165 0.999114 -1.626500 0.000000 0.000000 0.000000 1.000000</float_array><technique_common><accessor source="#mixamorig_Spine2-Matrix-animation-output-transform-array" count="36" stride="16"><param type="float4x4"/></accessor></technique_common></source><source id="mixamorig_Spine2-Interpolations"><Name_array id="mixamorig_Spine2-Interpolations-array" count="36">
 LINEAR LINEAR LINEAR LINEAR LINEAR LINEAR LINEAR LINEAR LINEAR LINEAR LINEAR
LINEAR LINEAR LINEAR LINEAR LINEAR LINEAR LINEAR LINEAR LINEAR LINEAR LINEAR LINEAR
LINEAR LINEAR LINEAR LINEAR LINEAR LINEAR LINEAR LINEAR LINEAR LINEAR LINEAR LINEAR
LINEAR</Name_array><technique_common><accessor source="#mixamorig_Spine2-Interpolations-array" count="36"><param type="name"/></accessor></technique_common></source><sampler id="mixamorig_Spine2-Matrix-animation-transform"><input semantic="INPUT" source="#mixamorig_Spine2-Matrix-animation-input"/><input semantic="OUTPUT" source="#mixamorig_Spine2-Matrix-animation-output-transform"/><input semantic="INTERPOLATION" source="#mixamorig_Spine2-Interpolations"/></sampler><channel source="#mixamorig_Spine2-Matrix-animation-transform" target="mixamorig_Spine2/matrix"/></animation>
    <animation id="mixamorig_Neck-anim" name="mixamorig_Neck"><source id="mixamorig_Neck-Matrix-animation-input"><float_array id="mixamorig_Neck-Matrix-animation-input-array" count="36">

0.000000 0.033333 0.066667 0.100000 0.133333 0.166667 0.200000 0.233333 0.266667 0.300000 0.333333 0.366667 0.400000 0.433333 0.466667 0.500000
0.533333 0.566667 0.600000 0.633333 0.666667 0.700000 0.733333 0.766667 0.800000 0.833333 0.866667 0.900000 0.933333 0.966667 1.000000 1.033333
1.066667 1.100000 1.133333 1.166667</float_array><technique_common><accessor source="#mixamorig_Neck-Matrix-animation-input-array" count="36"><param name="TIME" type="float"/></accessor></technique_common></source><source id="mixamorig_Neck-Matrix-animation-output-transform"><float_array id="mixamorig_Neck-Matrix-animation-output-transform-array" count="576">

0.970444 -0.077035 0.228700 0.000000 0.079469 0.996836 -0.001438 15.032500 -0.227866 0.019570 0.973496 0.792900 0.000000 0.000000 0.000000 1.000000
0.979623 -0.055052 0.193155 -0.000000 0.063022 0.997386 -0.035359 15.032500 -0.190704 0.046812 0.980531 0.792900 0.000000 0.000000 0.000000 1.000000
0.989765 -0.022762 0.140882 0.000000 0.032242 0.997340 -0.065376 15.032500 -0.139019 0.069249 0.987866 0.792900 0.000000 0.000000 0.000000 1.000000
0.997531 -0.002680 0.070179 0.000000 0.007221 0.997889 -0.064533 15.032500 -0.069858 0.064881 0.995445 0.792900 0.000000 0.000000 0.000000 1.000000
0.999697 -0.024068 -0.005131 0.000000 0.023954 0.999488 -0.021211 15.032500 0.005639 0.021082 0.999762 0.792900 0.000000 0.000000 0.000000 1.000000
0.994021 -0.089931 -0.061925 0.000000 0.092536 0.994883 0.040565 15.032500 0.057960 -0.046053 0.997256 0.792900 0.000000 0.000000 0.000000 1.000000
0.982367 -0.164162 -0.089473 -0.000000 0.171717 0.981514 0.084516 15.032500 0.073945 -0.098390 0.992397 0.792900 0.000000 0.000000 0.000000 1.000000
0.973844 -0.205605 -0.096715 0.000000 0.214738 0.971941 0.096007 15.032500 0.074262 -0.114264 0.990671 0.792900 0.000000 0.000000 0.000000 1.000000
0.973892 -0.204261 -0.099055 0.000000 0.212468 0.973819 0.080837 15.032500 0.079950 -0.099773 0.991793 0.792900 0.000000 0.000000 0.000000 1.000000
0.978310 -0.178730 -0.104714 0.000000 0.184374 0.981737 0.046886 15.032500 0.094421 -0.065176 0.993397 0.792900 0.000000 0.000000 0.000000 1.000000
0.982177 -0.150032 -0.113216 0.000000 0.151022 0.988530 0.000164 15.032500 0.111893 -0.017260 0.993570 0.792900 0.000000 0.000000 0.000000 1.000000
0.984685 -0.126096 -0.120399 0.000000 0.120862 0.991416 -0.049857 15.032500 0.125652 0.034542 0.991473 0.792900 0.000000 0.000000 0.000000 1.000000
0.986788 -0.105852 -0.122656 0.000000 0.094818 0.991182 -0.092567 15.032500 0.131373 0.079714 0.988123 0.792900 0.000000 0.000000 0.000000 1.000000
0.989086 -0.087462 -0.118568 0.000000 0.072851 0.989802 -0.122411 15.032500 0.128065 0.112437 0.985372 0.792900 0.000000 0.000000 0.000000 1.000000
0.991621 -0.070100 -0.108506 0.000000 0.054611 0.988692 -0.139661 15.032500 0.117069 0.132565 0.984236 0.792900 0.000000 0.000000 0.000000 1.000000
0.994186 -0.052939 -0.093763 0.000000 0.038735 0.988334 -0.147297 15.032500 0.100467 0.142809 0.984638 0.792900 0.000000 0.000000 0.000000 1.000000
0.996448 -0.035922 -0.076171 0.000000 0.024317 0.988666 -0.148147 15.032500 0.080629 0.145769 0.986028 0.792900 0.000000 0.000000 0.000000 1.000000
0.998105 -0.020966 -0.057852 -0.000000 0.012462 0.989555 -0.143617 15.032500 0.060259 0.142624 0.987941 0.792900 0.000000 0.000000 0.000000 1.000000
0.999097 -0.011416 -0.040931 0.000000 0.005813 0.990899 -0.134483 15.032500 0.042094 0.134123 0.990070 0.792900 0.000000 0.000000 0.000000 1.000000
0.999580 -0.009945 -0.027203 0.000000 0.006536 0.992431 -0.122626 15.032500 0.028217 0.122397 0.992080 0.792900 0.000000 0.000000 0.000000 1.000000
0.999718 -0.016060 -0.017497 0.000000 0.014014 0.993683 -0.111344 15.032500 0.019175 0.111067 0.993628 0.792900 0.000000 0.000000 0.000000 1.000000
0.999622 -0.025152 -0.011088 -0.000000 0.023867 0.994312 -0.103799 15.032500 0.013636 0.103495 0.994536 0.792900 0.000000 0.000000 0.000000 1.000000
0.999497 -0.031130 -0.006060 -0.000000 0.030359 0.994411 -0.101115 15.032500 0.009174 0.100880 0.994856 0.792900 0.000000 0.000000 0.000000 1.000000
0.999516 -0.031114 -0.000090 -0.000000 0.030945 0.994363 -0.101413 15.032500 0.003245 0.101361 0.994844 0.792900 0.000000 0.000000 0.000000 1.000000
0.999584 -0.027298 0.009310 -0.000000 0.028098 0.994510 -0.100802 15.032500 -0.006507 0.101022 0.994863 0.792900 0.000000 0.000000 0.000000 1.000000
0.999422 -0.024068 0.024010 -0.000000 0.026274 0.995009 -0.096260 15.032500 -0.021573 0.096835 0.995067 0.792900 0.000000 0.000000 0.000000 1.000000
0.998761 -0.024030 0.043584 0.000000 0.027790 0.995749 -0.087819 15.032500 -0.041289 0.088921 0.995183 0.792900 0.000000 0.000000 0.000000 1.000000
0.997474 -0.026929 0.065730 -0.000000 0.032007 0.996481 -0.077466 15.032500 -0.063412 0.079374 0.994826 0.792900 0.000000 0.000000 0.000000 1.000000
0.995567 -0.031418 0.088650 0.000000 0.037399 0.997076 -0.066641 15.032500 -0.086297 0.069661 0.993831 0.792900 0.000000 0.000000 0.000000 1.000000
0.993048 -0.036721 0.111835 -0.000000 0.043149 0.997520 -0.055608 15.032500 -0.109516 0.060047 0.992170 0.792900 0.000000 0.000000 0.000000 1.000000
0.989904 -0.042659 0.135169 0.000000 0.049056 0.997811 -0.044347 15.032500 -0.132981 0.050530 0.989830 0.792900 0.000000 0.000000 0.000000 1.000000
0.986196 -0.049124 0.158128 0.000000 0.055037 0.997931 -0.033232 15.032500 -0.156169 0.041476 0.986859 0.792900 0.000000 0.000000 0.000000 1.000000
0.982143 -0.055977 0.179613 0.000000 0.061089 0.997866 -0.023050 15.032500 -0.177939 0.033611 0.983467 0.792900 0.000000 0.000000 0.000000 1.000000
0.978070 -0.063098 0.198491 -0.000000 0.067301 0.997627 -0.014495 15.032500 -0.197105 0.027536 0.979996 0.792900 0.000000 0.000000 0.000000 1.000000
0.974171 -0.070242 0.214609 0.000000 0.073560 0.997263 -0.007503 15.032500 -0.213494 0.023096 0.976671 0.792900 0.000000 0.000000 0.000000 1.000000
0.970444 -0.077035 0.228700 0.000000 0.079469 0.996836 -0.001438 15.032500 -0.227866 0.019570 0.973496 0.792900 0.000000 0.000000 0.000000 1.000000</float_array><technique_common><accessor source="#mixamorig_Neck-Matrix-animation-output-transform-array" count="36" stride="16"><param type="float4x4"/></accessor></technique_common></source><source id="mixamorig_Neck-Interpolations"><Name_array id="mixamorig_Neck-Interpolations-array" count="36">
 LINEAR LINEAR LINEAR LINEAR LINEAR LINEAR LINEAR LINEAR LINEAR LINEAR LINEAR
LINEAR LINEAR LINEAR LINEAR LINEAR LINEAR LINEAR LINEAR LINEAR LINEAR LINEAR LINEAR
LINEAR LINEAR LINEAR LINEAR LINEAR LINEAR LINEAR LINEAR LINEAR LINEAR LINEAR LINEAR
LINEAR</Name_array><technique_common><accessor source="#mixamorig_Neck-Interpolations-array" count="36"><param type="name"/></accessor></technique_common></source><sampler id="mixamorig_Neck-Matrix-animation-transform"><input semantic="INPUT" source="#mixamorig_Neck-Matrix-animation-input"/><input semantic="OUTPUT" source="#mixamorig_Neck-Matrix-animation-output-transform"/><input semantic="INTERPOLATION" source="#mixamorig_Neck-Interpolations"/></sampler><channel source="#mixamorig_Neck-Matrix-animation-transform" target="mixamorig_Neck/matrix"/></animation>
    <animation id="mixamorig_Head-anim" name="mixamorig_Head"><source id="mixamorig_Head-Matrix-animation-input"><float_array id="mixamorig_Head-Matrix-animation-input-array" count="36">

0.000000 0.033333 0.066667 0.100000 0.133333 0.166667 0.200000 0.233333 0.266667 0.300000 0.333333 0.366667 0.400000 0.433333 0.466667 0.500000
0.533333 0.566667 0.600000 0.633333 0.666667 0.700000 0.733333 0.766667 0.800000 0.833333 0.866667 0.900000 0.933333 0.966667 1.000000 1.033333
1.066667 1.100000 1.133333 1.166667</float_array><technique_common><accessor source="#mixamorig_Head-Matrix-animation-input-array" count="36"><param name="TIME" type="float"/></accessor></technique_common></source><source id="mixamorig_Head-Matrix-animation-output-transform"><float_array id="mixamorig_Head-Matrix-animation-output-transform-array" count="576">

0.936427 0.067621 0.344285 0.000000 -0.017903 0.989183 -0.145591 10.321800 -0.350406 0.130172 0.927508 3.142400 0.000000 0.000000 0.000000 1.000000
0.948077 0.046510 0.314623 -0.000000 0.009929 0.984439 -0.175446 10.321800 -0.317887 0.169460 0.932862 3.142400 0.000000 0.000000 0.000000 1.000000
0.971648 0.079170 0.222784 -0.000000 -0.019407 0.965797 -0.258573 10.321800 -0.235636 0.246918 0.939951 3.142400 0.000000 0.000000 0.000000 1.000000
0.988325 0.128116 0.082460 0.000000 -0.106663 0.968275 -0.225977 10.321800 -0.108795 0.214544 0.970636 3.142400 0.000000 0.000000 0.000000 1.000000
0.990410 0.130973 -0.043981 0.000000 -0.128049 0.989715 0.063776 10.321800 0.051882 -0.057533 0.996995 3.142400 0.000000 0.000000 0.000000 1.000000
0.991178 0.061160 -0.117579 0.000000 0.006009 0.865508 0.500859 10.321800 0.132398 -0.497147 0.857506 3.142400 0.000000 0.000000 0.000000 1.000000
0.989592 -0.031221 -0.140473 -0.000000 0.130968 0.599863 0.789311 10.321800 0.059622 -0.799493 0.597709 3.142400 0.000000 0.000000 0.000000 1.000000
0.987752 -0.091233 -0.126579 0.000000 0.154379 0.453709 0.877676 10.321800 -0.022643 -0.886467 0.462237 3.142400 0.000000 0.000000 0.000000 1.000000
0.989265 -0.097047 -0.109256 0.000000 0.142552 0.476351 0.867622 10.321800 -0.032156 -0.873883 0.485072 3.142400 0.000000 0.000000 0.000000 1.000000
0.991566 -0.055281 -0.117226 0.000000 0.127912 0.563168 0.816383 10.321800 0.020887 -0.824491 0.565489 3.142400 0.000000 0.000000 0.000000 1.000000
0.989209 0.002173 -0.146495 0.000000 0.109253 0.655272 0.747450 10.321800 0.097619 -0.755390 0.647964 3.142400 0.000000 0.000000 0.000000 1.000000
0.983646 0.049562 -0.173162 0.000000 0.078929 0.745559 0.661749 10.321800 0.161900 -0.664594 0.729454 3.142400 0.000000 0.000000 0.000000 1.000000
0.980677 0.077901 -0.179456 0.000000 0.036592 0.828071 0.559428 10.321800 0.192182 -0.555185 0.809219 3.142400 0.000000 0.000000 0.000000 1.000000
0.983399 0.087371 -0.159038 -0.000000 -0.006230 0.892188 0.451621 10.321800 0.181350 -0.443133 0.877921 3.142400 0.000000 0.000000 0.000000 1.000000
