<?xml version="1.0" encoding="utf-8"?>
<COLLADA xmlns="http://www.collada.org/2005/11/COLLADASchema" version="1.4.1">
  <asset><contributor><author>Mixamo</author><authoring_tool>COLLADA Mixamo exporter</authoring_tool><comments></comments></contributor><created>2018-10-16T10:22:42Z</created><modified>2018-10-16T10:22:42Z</modified><revision></revision><title></title><unit meter="0.010000"/><up_axis>Y_UP</up_axis></asset>
  <library_animations>
    <animation id="mixamorig_Hips-anim" name="mixamorig_Hips"><source id="mixamorig_Hips-Matrix-animation-input"><float_array id="mixamorig_Hips-Matrix-animation-input-array" count="67">

0.000000 0.033333 0.066667 0.100000 0.133333 0.166667 0.200000 0.233333 0.266667 0.300000 0.333333 0.366667 0.400000 0.433333 0.466667 0.500000
0.533333 0.566667 0.600000 0.633333 0.666667 0.700000 0.733333 0.766667 0.800000 0.833333 0.866667 0.900000 0.933333 0.966667 1.000000 1.033333
1.066667 1.100000 1.133333 1.166667 1.200000 1.233333 1.266667 1.300000 1.333333 1.366667 1.400000 1.433333 1.466667 1.500000 1.533333 1.566667
1.600000 1.633333 1.666667 1.700000 1.733333 1.766667 1.800000 1.833333 1.866667 1.900000 1.933333 1.966667 2.000000 2.033333 2.066667 2.100000
2.133333 2.166667 2.200000</float_array><technique_common><accessor source="#mixamorig_Hips-Matrix-animation-input-array" count="67"><param name="TIME" type="float"/></accessor></technique_common></source><source id="mixamorig_Hips-Matrix-animation-output-transform"><float_array id="mixamorig_Hips-Matrix-animation-output-transform-array" count="1072">

0.691439 0.000585 -0.722434 0.058999 0.067128 0.995621 0.065055 85.218597 0.719309 -0.093478 0.688372 -0.377466 0.000000 0.000000 0.000000 1.000000
0.693428 0.000811 -0.720526 -0.154529 0.063561 0.996032 0.062292 85.840691 0.717717 -0.088992 0.690625 -0.689649 0.000000 0.000000 0.000000 1.000000
0.696760 0.002210 -0.717301 -0.546272 0.055080 0.996878 0.056575 87.007919 0.715186 -0.078928 0.694463 -1.392126 0.000000 0.000000 0.000000 1.000000
0.705833 0.005710 -0.708355 -1.160321 0.041670 0.997901 0.049565 88.582771 0.707152 -0.064502 0.704114 -2.580812 0.000000 0.000000 0.000000 1.000000
0.724256 0.010495 -0.689452 -1.972378 0.025810 0.998771 0.042315 90.225243 0.689048 -0.048442 0.723095 -4.240263 0.000000 0.000000 0.000000 1.000000
0.751133 0.013337 -0.660016 -2.882980 0.012572 0.999326 0.034501 91.539459 0.660031 -0.034212 0.750459 -6.230759 0.000000 0.000000 0.000000 1.000000
0.781554 0.011064 -0.623739 -3.788673 0.006575 0.999641 0.025971 92.253189 0.623803 -0.024399 0.781201 -8.369249 0.000000 0.000000 0.000000 1.000000
0.809858 0.003786 -0.586614 -4.623619 0.008902 0.999785 0.018743 92.257568 0.586558 -0.020401 0.809650 -10.473139 0.000000 0.000000 0.000000 1.000000
0.832111 -0.003972 -0.554595 -5.329877 0.015664 0.999744 0.016342 91.572350 0.554388 -0.022286 0.831960 -12.379120 0.000000 0.000000 0.000000 1.000000
0.847406 -0.007295 -0.530895 -5.841866 0.021817 0.999539 0.021090 90.384964 0.530497 -0.029455 0.847175 -13.993763 0.000000 0.000000 0.000000 1.000000
0.857608 -0.004602 -0.514283 -6.128098 0.024505 0.999190 0.031924 89.094521 0.513719 -0.039981 0.857026 -15.271492 0.000000 0.000000 0.000000 1.000000
0.865080 0.000408 -0.501634 -6.237630 0.025366 0.998685 0.044555 88.086891 0.500993 -0.051268 0.863932 -16.185223 0.000000 0.000000 0.000000 1.000000
0.870376 0.002251 -0.492382 -6.279571 0.028006 0.998144 0.054069 87.623009 0.491591 -0.060851 0.868698 -16.705709 0.000000 0.000000 0.000000 1.000000
0.871989 -0.001372 -0.489524 -6.303678 0.033890 0.997766 0.057571 87.809898 0.488351 -0.066791 0.870087 -16.777105 0.000000 0.000000 0.000000 1.000000
0.868175 -0.009263 -0.496172 -6.266562 0.041789 0.997639 0.054496 88.604279 0.494496 -0.068047 0.866512 -16.372110 0.000000 0.000000 0.000000 1.000000
0.858445 -0.018049 -0.512588 -6.071201 0.048129 0.997806 0.045470 89.756599 0.510642 -0.063704 0.857430 -15.494986 0.000000 0.000000 0.000000 1.000000
0.843123 -0.024822 -0.537147 -5.674404 0.049717 0.998254 0.031907 90.894196 0.535417 -0.053607 0.842885 -14.222300 0.000000 0.000000 0.000000 1.000000
0.822111 -0.027843 -0.568646 -5.113300 0.045324 0.998834 0.016620 91.666092 0.567520 -0.039437 0.822414 -12.690041 0.000000 0.000000 0.000000 1.000000
0.795600 -0.026408 -0.605246 -4.455153 0.036325 0.999331 0.004147 91.842438 0.604732 -0.025285 0.796028 -11.048499 0.000000 0.000000 0.000000 1.000000
0.767121 -0.020739 -0.641167 -3.754742 0.026400 0.999651 -0.000748 91.365776 0.640959 -0.016353 0.767401 -9.444816 0.000000 0.000000 0.000000 1.000000
0.744434 -0.012592 -0.667578 -3.061649 0.020329 0.999786 0.003810 90.375557 0.667387 -0.016408 0.744530 -8.026659 0.000000 0.000000 0.000000 1.000000
0.733877 -0.004665 -0.679267 -2.434830 0.020320 0.999680 0.015088 89.185730 0.678979 -0.024875 0.733737 -6.892935 0.000000 0.000000 0.000000 1.000000
0.733423 0.000772 -0.679772 -1.941934 0.024203 0.999336 0.027249 88.198853 0.679341 -0.036438 0.732917 -6.054872 0.000000 0.000000 0.000000 1.000000
0.734730 0.002716 -0.678355 -1.649482 0.028079 0.999013 0.034412 87.761887 0.677779 -0.044331 0.733928 -5.484015 0.000000 0.000000 0.000000 1.000000
0.732732 0.002018 -0.680515 -1.593148 0.028480 0.999029 0.033627 87.989059 0.679921 -0.044021 0.731963 -5.200007 0.000000 0.000000 0.000000 1.000000
0.730776 0.000056 -0.682617 -1.790630 0.024431 0.999357 0.026237 88.740814 0.682180 -0.035851 0.730305 -5.295209 0.000000 0.000000 0.000000 1.000000
0.735912 -0.002009 -0.677074 -2.237925 0.017582 0.999715 0.016143 89.708076 0.676849 -0.023784 0.735738 -5.837463 0.000000 0.000000 0.000000 1.000000
0.750759 -0.004003 -0.660564 -2.896518 0.011373 0.999912 0.006866 90.538887 0.660478 -0.012667 0.750738 -6.778514 0.000000 0.000000 0.000000 1.000000
0.771674 -0.006817 -0.635982 -3.677239 0.009245 0.999957 0.000500 90.924667 0.635952 -0.006265 0.771704 -7.958295 0.000000 0.000000 0.000000 1.000000
0.793186 -0.011139 -0.608878 -4.449578 0.012967 0.999915 -0.001400 90.699615 0.608842 -0.006785 0.793263 -9.163737 0.000000 0.000000 0.000000 1.000000
0.811411 -0.016347 -0.584247 -5.087126 0.022123 0.999751 0.002752 89.911484 0.584057 -0.015158 0.811571 -10.204629 0.000000 0.000000 0.000000 1.000000
0.824195 -0.020112 -0.565949 -5.515181 0.033639 0.999343 0.013475 88.793510 0.565306 -0.030144 0.824330 -10.946724 0.000000 0.000000 0.000000 1.000000
0.830691 -0.019897 -0.556378 -5.754227 0.043201 0.998652 0.028787 87.713081 0.555055 -0.047949 0.830431 -11.337076 0.000000 0.000000 0.000000 1.000000
0.831482 -0.015536 -0.555334 -5.882608 0.048454 0.997828 0.044633 87.018616 0.553435 -0.064020 0.830429 -11.394275 0.000000 0.000000 0.000000 1.000000
0.828230 -0.009369 -0.560311 -5.948622 0.049692 0.997149 0.056778 86.961197 0.558181 -0.074868 0.826334 -11.156580 0.000000 0.000000 0.000000 1.000000
0.822453 -0.005078 -0.568810 -5.918719 0.049048 0.996869 0.062019 87.613091 0.566714 -0.078906 0.820127 -10.646690 0.000000 0.000000 0.000000 1.000000
0.814313 -0.005554 -0.580400 -5.717342 0.048587 0.997097 0.058628 88.814400 0.578389 -0.075942 0.812218 -9.883754 0.000000 0.000000 0.000000 1.000000
0.802448 -0.010693 -0.596626 -5.301195 0.048363 0.997716 0.047167 90.214836 0.594759 -0.066704 0.801132 -8.906031 0.000000 0.000000 0.000000 1.000000
0.785120 -0.017315 -0.619102 -4.701019 0.046549 0.998432 0.031107 91.390396 0.617592 -0.053241 0.784694 -7.774324 0.000000 0.000000 0.000000 1.000000
0.762169 -0.021323 -0.647027 -3.991725 0.041435 0.999015 0.015885 91.976822 0.646051 -0.038917 0.762301 -6.539942 0.000000 0.000000 0.000000 1.000000
0.736601 -0.020313 -0.676022 -3.242383 0.033504 0.999418 0.006477 91.775459 0.675497 -0.027420 0.736853 -5.241846 0.000000 0.000000 0.000000 1.000000
0.714086 -0.015136 -0.699894 -2.505135 0.026024 0.999649 0.004933 90.829681 0.699574 -0.021736 0.714229 -3.962524 0.000000 0.000000 0.000000 1.000000
0.699607 -0.009172 -0.714469 -1.830714 0.022910 0.999691 0.009599 89.452103 0.714160 -0.023084 0.699602 -2.844032 0.000000 0.000000 0.000000 1.000000
0.693655 -0.005431 -0.720287 -1.264413 0.025042 0.999549 0.016580 88.084740 0.719872 -0.029539 0.693478 -1.995077 0.000000 0.000000 0.000000 1.000000
0.692059 -0.005197 -0.721822 -0.847384 0.030413 0.999296 0.021964 87.140594 0.721200 -0.037153 0.691730 -1.444427 0.000000 0.000000 0.000000 1.000000
0.690444 -0.007296 -0.723350 -0.592177 0.034997 0.999115 0.023328 86.820847 0.722539 -0.041422 0.690088 -1.166496 0.000000 0.000000 0.000000 1.000000
0.688651 -0.009623 -0.725029 -0.508088 0.035426 0.999164 0.020387 87.111443 0.724227 -0.039725 0.688416 -1.172715 0.000000 0.000000 0.000000 1.000000
0.690567 -0.010901 -0.723186 -0.615802 0.031221 0.999404 0.014748 87.833748 0.722594 -0.032764 0.690496 -1.517637 0.000000 0.000000 0.000000 1.000000
0.700158 -0.011050 -0.713903 -0.943828 0.024736 0.999655 0.008787 88.701668 0.713560 -0.023811 0.700190 -2.224990 0.000000 0.000000 0.000000 1.000000
0.718156 -0.010942 -0.695796 -1.493425 0.019590 0.999798 0.004498 89.377495 0.695606 -0.016861 0.718225 -3.234690 0.000000 0.000000 0.000000 1.000000
0.741818 -0.011824 -0.670497 -2.209308 0.018853 0.999817 0.003228 89.548546 0.670336 -0.015035 0.741905 -4.414469 0.000000 0.000000 0.000000 1.000000
0.766336 -0.014607 -0.642274 -2.985790 0.024285 0.999686 0.006240 89.075829 0.641981 -0.020379 0.766450 -5.607632 0.000000 0.000000 0.000000 1.000000
0.786593 -0.018673 -0.617190 -3.689413 0.035255 0.999270 0.014699 88.033272 0.616465 -0.033321 0.786677 -6.665590 0.000000 0.000000 0.000000 1.000000
0.799120 -0.021249 -0.600796 -4.202142 0.047789 0.998458 0.028250 86.742386 0.599270 -0.051287 0.798903 -7.461708 0.000000 0.000000 0.000000 1.000000
0.803329 -0.019296 -0.595222 -4.480661 0.056613 0.997423 0.044073 85.672485 0.592838 -0.069102 0.802351 -7.916296 0.000000 0.000000 0.000000 1.000000
0.800850 -0.013498 -0.598713 -4.578848 0.060291 0.996484 0.058181 85.161102 0.595823 -0.082691 0.798848 -8.038105 0.000000 0.000000 0.000000 1.000000
0.794165 -0.007285 -0.607659 -4.566669 0.060802 0.995863 0.067525 85.311226 0.604653 -0.090573 0.791323 -7.861746 0.000000 0.000000 0.000000 1.000000
0.785397 -0.003576 -0.618981 -4.449436 0.060376 0.995658 0.070857 86.003342 0.616040 -0.093022 0.782203 -7.385921 0.000000 0.000000 0.000000 1.000000
0.775191 -0.002895 -0.631720 -4.177502 0.059441 0.995887 0.068377 86.977364 0.628924 -0.090555 0.772175 -6.592838 0.000000 0.000000 0.000000 1.000000
0.762291 -0.003809 -0.647224 -3.711037 0.057050 0.996486 0.061328 87.914322 0.644716 -0.083674 0.759829 -5.511003 0.000000 0.000000 0.000000 1.000000
0.744981 -0.004640 -0.667070 -3.054869 0.052924 0.997235 0.052168 88.501373 0.664983 -0.074168 0.743167 -4.247970 0.000000 0.000000 0.000000 1.000000
0.724136 -0.004607 -0.689642 -2.256427 0.048813 0.997812 0.044588 88.516296 0.687928 -0.065951 0.722777 -2.973477 0.000000 0.000000 0.000000 1.000000
0.704648 -0.003933 -0.709546 -1.414284 0.047978 0.997960 0.042115 87.921425 0.707933 -0.063719 0.703400 -1.874685 0.000000 0.000000 0.000000 1.000000
0.692160 -0.002687 -0.721739 -0.670797 0.051637 0.997615 0.045807 86.947495 0.719894 -0.068975 0.690648 -1.068787 0.000000 0.000000 0.000000 1.000000
0.687975 -0.001190 -0.725734 -0.162266 0.057978 0.996893 0.053328 85.982689 0.723415 -0.078765 0.685906 -0.583496 0.000000 0.000000 0.000000 1.000000
0.688957 -0.000002 -0.724802 0.065279 0.063919 0.996104 0.060756 85.357353 0.721978 -0.088187 0.686273 -0.375851 0.000000 0.000000 0.000000 1.000000
0.691439 0.000586 -0.722434 0.059001 0.067128 0.995621 0.065055 85.218597 0.719309 -0.093477 0.688372 -0.377466 0.000000 0.000000 0.000000 1.000000</float_array><technique_common><accessor source="#mixamorig_Hips-Matrix-animation-output-transform-array" count="67" stride="16"><param type="float4x4"/></accessor></technique_common></source><source id="mixamorig_Hips-Interpolations"><Name_array id="mixamorig_Hips-Interpolations-array" count="67">
 LINEAR LINEAR LINEAR LINEAR LINEAR LINEAR LINEAR LINEAR LINEAR LINEAR LINEAR
LINEAR LINEAR LINEAR LINEAR LINEAR LINEAR LINEAR LINEAR LINEAR LINEAR LINEAR LINEAR
LINEAR LINEAR LINEAR LINEAR LINEAR LINEAR LINEAR LINEAR LINEAR LINEAR LINEAR LINEAR
LINEAR LINEAR LINEAR LINEAR LINEAR LINEAR LINEAR LINEAR LINEAR LINEAR LINEAR LINEAR
LINEAR LINEAR LINEAR LINEAR LINEAR LINEAR LINEAR LINEAR LINEAR LINEAR LINEAR LINEAR
LINEAR LINEAR LINEAR LINEAR LINEAR LINEAR LINEAR LINEAR</Name_array><technique_common><accessor source="#mixamorig_Hips-Interpolations-array" count="67"><param type="name"/></accessor></technique_common></source><sampler id="mixamorig_Hips-Matrix-animation-transform"><input semantic="INPUT" source="#mixamorig_Hips-Matrix-animation-input"/><input semantic="OUTPUT" source="#mixamorig_Hips-Matrix-animation-output-transform"/><input semantic="INTERPOLATION" source="#mixamorig_Hips-Interpolations"/></sampler><channel source="#mixamorig_Hips-Matrix-animation-transform" target="mixamorig_Hips/matrix"/></animation>
    <animation id="mixamorig_Spine-anim" name="mixamorig_Spine"><source id="mixamorig_Spine-Matrix-animation-input"><float_array id="mixamorig_Spine-Matrix-animation-input-array" count="67">

0.000000 0.033333 0.066667 0.100000 0.133333 0.166667 0.200000 0.233333 0.266667 0.300000 0.333333 0.366667 0.400000 0.433333 0.466667 0.500000
0.533333 0.566667 0.600000 0.633333 0.666667 0.700000 0.733333 0.766667 0.800000 0.833333 0.866667 0.900000 0.933333 0.966667 1.000000 1.033333
1.066667 1.100000 1.133333 1.166667 1.200000 1.233333 1.266667 1.300000 1.333333 1.366667 1.400000 1.433333 1.466667 1.500000 1.533333 1.566667
1.600000 1.633333 1.666667 1.700000 1.733333 1.766667 1.800000 1.833333 1.866667 1.900000 1.933333 1.966667 2.000000 2.033333 2.066667 2.100000
2.133333 2.166667 2.200000</float_array><technique_common><accessor source="#mixamorig_Spine-Matrix-animation-input-array" count="67"><param name="TIME" type="float"/></accessor></technique_common></source><source id="mixamorig_Spine-Matrix-animation-output-transform"><float_array id="mixamorig_Spine-Matrix-animation-output-transform-array" count="1072">

0.991655 0.031372 0.125044 0.000000 -0.010611 0.986511 -0.163353 9.923500 -0.128482 0.160663 0.978611 -1.227300 0.000000 0.000000 0.000000 1.000000
0.991283 0.033685 0.127368 0.000000 -0.012613 0.986586 -0.162757 9.923500 -0.131141 0.159732 0.978411 -1.227300 0.000000 0.000000 0.000000 1.000000
0.990907 0.035354 0.129824 0.000000 -0.014421 0.987210 -0.158770 9.923500 -0.133776 0.155454 0.978743 -1.227300 0.000000 0.000000 0.000000 1.000000
0.990884 0.036779 0.129600 0.000000 -0.016627 0.988045 -0.153267 9.923500 -0.133688 0.149715 0.979649 -1.227300 0.000000 0.000000 0.000000 1.000000
0.991350 0.038033 0.125613 0.000000 -0.019247 0.988874 -0.147507 9.923500 -0.129826 0.143813 0.981052 -1.227300 0.000000 0.000000 0.000000 1.000000
0.992056 0.039908 0.119302 0.000000 -0.022652 0.989515 -0.142640 9.923500 -0.123743 0.138805 0.982558 -1.227300 0.000000 0.000000 0.000000 1.000000
0.992549 0.043170 0.113941 -0.000000 -0.027100 0.989923 -0.138993 9.923500 -0.118793 0.134869 0.983717 -1.227300 0.000000 0.000000 0.000000 1.000000
0.992584 0.047169 0.112033 0.000000 -0.031524 0.989997 -0.137524 9.923500 -0.117399 0.132972 0.984142 -1.227300 0.000000 0.000000 0.000000 1.000000
0.992352 0.048565 0.113481 0.000000 -0.032284 0.989463 -0.141140 9.923500 -0.119140 0.136397 0.983464 -1.227300 0.000000 0.000000 0.000000 1.000000
0.992284 0.044147 0.115856 -0.000000 -0.026104 0.987902 -0.152865 9.923500 -0.121203 0.148661 0.981432 -1.227300 0.000000 0.000000 0.000000 1.000000
0.992615 0.033222 0.116672 0.000000 -0.012799 0.985083 -0.171604 9.923500 -0.120633 0.168843 0.978233 -1.227300 0.000000 0.000000 0.000000 1.000000
0.993089 0.019969 0.115648 -0.000000 0.002505 0.981586 -0.191004 9.923500 -0.117333 0.189974 0.974753 -1.227300 0.000000 0.000000 0.000000 1.000000
0.993317 0.011104 0.114885 0.000000 0.012570 0.979034 -0.203311 9.923500 -0.114734 0.203396 0.972351 -1.227300 0.000000 0.000000 0.000000 1.000000
0.993075 0.010726 0.116993 0.000000 0.013517 0.978779 -0.204471 9.923500 -0.116703 0.204636 0.971856 -1.227300 0.000000 0.000000 0.000000 1.000000
0.992282 0.018056 0.122679 0.000000 0.006327 0.980681 -0.195511 9.923500 -0.123839 0.194778 0.972998 -1.227300 0.000000 0.000000 0.000000 1.000000
0.991038 0.027554 0.130709 0.000000 -0.003685 0.983761 -0.179444 9.923500 -0.133531 0.177354 0.975046 -1.227300 0.000000 0.000000 0.000000 1.000000
0.989672 0.033461 0.139391 0.000000 -0.011003 0.987239 -0.158866 9.923500 -0.142928 0.155691 0.977411 -1.227300 0.000000 0.000000 0.000000 1.000000
0.988476 0.033341 0.147659 0.000000 -0.012948 0.990491 -0.136969 9.923500 -0.150822 0.133478 0.979508 -1.227300 0.000000 0.000000 0.000000 1.000000
0.987605 0.028897 0.154275 0.000000 -0.010401 0.992794 -0.119379 9.923500 -0.156613 0.116294 0.980790 -1.227300 0.000000 0.000000 0.000000 1.000000
0.987328 0.024278 0.156824 0.000000 -0.006512 0.993594 -0.112819 9.923500 -0.158558 0.110368 0.981162 -1.227300 0.000000 0.000000 0.000000 1.000000
0.987960 0.023884 0.152856 -0.000000 -0.005333 0.992681 -0.120644 9.923500 -0.154619 0.118377 0.980857 -1.227300 0.000000 0.000000 0.000000 1.000000
0.989337 0.029344 0.142661 0.000000 -0.009323 0.990244 -0.139034 9.923500 -0.145349 0.136221 0.979958 -1.227300 0.000000 0.000000 0.000000 1.000000
0.990746 0.038342 0.130201 -0.000000 -0.017383 0.987215 -0.158445 9.923500 -0.134611 0.154715 0.978746 -1.227300 0.000000 0.000000 0.000000 1.000000
0.991568 0.046969 0.120773 0.000000 -0.025939 0.985079 -0.170135 9.923500 -0.126962 0.165568 0.977992 -1.227300 0.000000 0.000000 0.000000 1.000000
0.991708 0.052004 0.117523 -0.000000 -0.031294 0.984663 -0.171637 9.923500 -0.124647 0.166536 0.978125 -1.227300 0.000000 0.000000 0.000000 1.000000
0.991394 0.053007 0.119704 0.000000 -0.032564 0.985473 -0.166682 9.923500 -0.126800 0.161349 0.978718 -1.227300 0.000000 0.000000 0.000000 1.000000
0.990959 0.051388 0.123931 0.000000 -0.031062 0.986518 -0.160679 9.923500 -0.130517 0.155377 0.979195 -1.227300 0.000000 0.000000 0.000000 1.000000
0.990725 0.049021 0.126733 0.000000 -0.028780 0.987200 -0.156871 9.923500 -0.132801 0.151768 0.979454 -1.227300 0.000000 0.000000 0.000000 1.000000
0.990868 0.047141 0.126327 0.000000 -0.027076 0.987374 -0.156078 9.923500 -0.132090 0.151232 0.979633 -1.227300 0.000000 0.000000 0.000000 1.000000
0.991347 0.045557 0.123107 0.000000 -0.025660 0.987007 -0.158618 9.923500 -0.128733 0.154087 0.979635 -1.227300 0.000000 0.000000 0.000000 1.000000
0.991965 0.042976 0.118986 0.000000 -0.022918 0.986015 -0.165073 9.923500 -0.124416 0.161020 0.979078 -1.227300 0.000000 0.000000 0.000000 1.000000
0.992537 0.037465 0.116049 0.000000 -0.016717 0.984454 -0.174844 9.923500 -0.120796 0.171599 0.977733 -1.227300 0.000000 0.000000 0.000000 1.000000
0.992964 0.028065 0.115043 0.000000 -0.006346 0.982724 -0.184967 9.923500 -0.118246 0.182936 0.975988 -1.227300 0.000000 0.000000 0.000000 1.000000
0.993241 0.016694 0.114868 0.000000 0.005636 0.981500 -0.191380 9.923500 -0.115938 0.190734 0.974771 -1.227300 0.000000 0.000000 0.000000 1.000000
0.993449 0.006851 0.114073 0.000000 0.015203 0.981407 -0.191337 9.923500 -0.113263 0.191818 0.974873 -1.227300 0.000000 0.000000 0.000000 1.000000
0.993636 0.001531 0.112629 0.000000 0.019406 0.982631 -0.184554 9.923500 -0.110955 0.185565 0.976348 -1.227300 0.000000 0.000000 0.000000 1.000000
0.993696 0.001678 0.112097 -0.000000 0.017788 0.984863 -0.172421 9.923500 -0.110690 0.173328 0.978624 -1.227300 0.000000 0.000000 0.000000 1.000000
0.993444 0.005680 0.114176 -0.000000 0.012390 0.987531 -0.156936 9.923500 -0.113644 0.157322 0.980987 -1.227300 0.000000 0.000000 0.000000 1.000000
0.992813 0.010499 0.119211 0.000000 0.006404 0.990057 -0.140521 9.923500 -0.119501 0.140274 0.982875 -1.227300 0.000000 0.000000 0.000000 1.000000
0.991959 0.013401 0.125851 0.000000 0.002609 0.992002 -0.126199 9.923500 -0.126536 0.125512 0.983989 -1.227300 0.000000 0.000000 0.000000 1.000000
0.991193 0.013533 0.131732 0.000000 0.002038 0.993088 -0.117352 9.923500 -0.132409 0.116587 0.984315 -1.227300 0.000000 0.000000 0.000000 1.000000
0.990814 0.013113 0.134598 0.000000 0.002718 0.993156 -0.116765 9.923500 -0.135208 0.116058 0.983997 -1.227300 0.000000 0.000000 0.000000 1.000000
0.990917 0.016202 0.133494 -0.000000 0.000600 0.992173 -0.124872 9.923500 -0.134472 0.123818 0.983151 -1.227300 0.000000 0.000000 0.000000 1.000000
0.991282 0.024427 0.129473 0.000000 -0.006344 0.990373 -0.138278 9.923500 -0.131604 0.136251 0.981894 -1.227300 0.000000 0.000000 0.000000 1.000000
0.991500 0.035658 0.125129 0.000000 -0.016479 0.988383 -0.151087 9.923500 -0.129063 0.147741 0.980569 -1.227300 0.000000 0.000000 0.000000 1.000000
0.991375 0.044691 0.123198 0.000000 -0.024802 0.987051 -0.158480 9.923500 -0.128686 0.154058 0.979646 -1.227300 0.000000 0.000000 0.000000 1.000000
0.991044 0.047331 0.124866 0.000000 -0.027032 0.986826 -0.159508 9.923500 -0.130771 0.154704 0.979268 -1.227300 0.000000 0.000000 0.000000 1.000000
0.990683 0.043511 0.129047 0.000000 -0.022980 0.987409 -0.156510 9.923500 -0.134232 0.152086 0.979210 -1.227300 0.000000 0.000000 0.000000 1.000000
0.990420 0.036537 0.133168 0.000000 -0.015973 0.988200 -0.152335 9.923500 -0.137162 0.148748 0.979316 -1.227300 0.000000 0.000000 0.000000 1.000000
0.990408 0.030428 0.134780 0.000000 -0.010173 0.988861 -0.148492 9.923500 -0.137797 0.145697 0.979686 -1.227300 0.000000 0.000000 0.000000 1.000000
0.990713 0.027729 0.133115 -0.000000 -0.008136 0.989320 -0.145530 9.923500 -0.135729 0.143095 0.980358 -1.227300 0.000000 0.000000 0.000000 1.000000
0.991137 0.029085 0.129617 0.000000 -0.010158 0.989475 -0.144350 9.923500 -0.132451 0.141754 0.981001 -1.227300 0.000000 0.000000 0.000000 1.000000
0.991363 0.032858 0.126961 0.000000 -0.014061 0.989155 -0.146198 9.923500 -0.130388 0.143150 0.981074 -1.227300 0.000000 0.000000 0.000000 1.000000
0.991277 0.035053 0.127047 -0.000000 -0.015591 0.988403 -0.151054 9.923500 -0.130869 0.147756 0.980327 -1.227300 0.000000 0.000000 0.000000 1.000000
0.991035 0.032209 0.129664 -0.000000 -0.011600 0.987585 -0.156660 9.923500 -0.133100 0.153751 0.979104 -1.227300 0.000000 0.000000 0.000000 1.000000
0.990749 0.026465 0.133099 0.000000 -0.004877 0.987109 -0.159974 9.923500 -0.135617 0.157845 0.978107 -1.227300 0.000000 0.000000 0.000000 1.000000
0.990466 0.022865 0.135847 0.000000 -0.000982 0.987276 -0.159012 9.923500 -0.137754 0.157363 0.977886 -1.227300 0.000000 0.000000 0.000000 1.000000
0.990233 0.023323 0.137455 -0.000000 -0.002009 0.988193 -0.153202 9.923500 -0.139405 0.151429 0.978588 -1.227300 0.000000 0.000000 0.000000 1.000000
0.990049 0.024784 0.138524 0.000000 -0.004790 0.989733 -0.142846 9.923500 -0.140642 0.140761 0.980003 -1.227300 0.000000 0.000000 0.000000 1.000000
0.989868 0.022987 0.140117 0.000000 -0.004694 0.991567 -0.129511 9.923500 -0.141913 0.127541 0.981628 -1.227300 0.000000 0.000000 0.000000 1.000000
0.989639 0.017316 0.142530 0.000000 -0.000494 0.993105 -0.117225 9.923500 -0.143578 0.115940 0.982824 -1.227300 0.000000 0.000000 0.000000 1.000000
0.989457 0.011552 0.144366 -0.000000 0.004723 0.993710 -0.111886 9.923500 -0.144750 0.111388 0.983178 -1.227300 0.000000 0.000000 0.000000 1.000000
0.989616 0.010404 0.143357 -0.000000 0.006570 0.993060 -0.117423 9.923500 -0.143583 0.117146 0.982680 -1.227300 0.000000 0.000000 0.000000 1.000000
0.990228 0.014552 0.138696 -0.000000 0.003866 0.991294 -0.131610 9.923500 -0.139404 0.130860 0.981551 -1.227300 0.000000 0.000000 0.000000 1.000000
0.990990 0.021234 0.132244 0.000000 -0.001525 0.989077 -0.147392 9.923500 -0.133929 0.145862 0.980198 -1.227300 0.000000 0.000000 0.000000 1.000000
0.991558 0.027594 0.126693 0.000000 -0.007138 0.987228 -0.159155 9.923500 -0.129467 0.156907 0.979091 -1.227300 0.000000 0.000000 0.000000 1.000000
0.991655 0.031372 0.125044 0.000000 -0.010611 0.986511 -0.163353 9.923500 -0.128482 0.160663 0.978611 -1.227300 0.000000 0.000000 0.000000 1.000000</float_array><technique_common><accessor source="#mixamorig_Spine-Matrix-animation-output-transform-array" count="67" stride="16"><param type="float4x4"/></accessor></technique_common></source><source id="mixamorig_Spine-Interpolations"><Name_array id="mixamorig_Spine-Interpolations-array" count="67">
 LINEAR LINEAR LINEAR LINEAR LINEAR LINEAR LINEAR LINEAR LINEAR LINEAR LINEAR
LINEAR LINEAR LINEAR LINEAR LINEAR LINEAR LINEAR LINEAR LINEAR LINEAR LINEAR LINEAR
LINEAR LINEAR LINEAR LINEAR LINEAR LINEAR LINEAR LINEAR LINEAR LINEAR LINEAR LINEAR
LINEAR LINEAR LINEAR LINEAR LINEAR LINEAR LINEAR LINEAR LINEAR LINEAR LINEAR LINEAR
LINEAR LINEAR LINEAR LINEAR LINEAR LINEAR LINEAR LINEAR LINEAR LINEAR LINEAR LINEAR
LINEAR LINEAR LINEAR LINEAR LINEAR LINEAR LINEAR LINEAR</Name_array><technique_common><accessor source="#mixamorig_Spine-Interpolations-array" count="67"><param type="name"/></accessor></technique_common></source><sampler id="mixamorig_Spine-Matrix-animation-transform"><input semantic="INPUT" source="#mixamorig_Spine-Matrix-animation-input"/><input semantic="OUTPUT" source="#mixamorig_Spine-Matrix-animation-output-transform"/><input semantic="INTERPOLATION" source="#mixamorig_Spine-Interpolations"/></sampler><channel source="#mixamorig_Spine-Matrix-animation-transform" target="mixamorig_Spine/matrix"/></animation>
    <animation id="mixamorig_Spine1-anim" name="mixamorig_Spine1"><source id="mixamorig_Spine1-Matrix-animation-input"><float_array id="mixamorig_Spine1-Matrix-animation-input-array" count="67">

0.000000 0.033333 0.066667 0.100000 0.133333 0.166667 0.200000 0.233333 0.266667 0.300000 0.333333 0.366667 0.400000 0.433333 0.466667 0.500000
0.533333 0.566667 0.600000 0.633333 0.666667 0.700000 0.733333 0.766667 0.800000 0.833333 0.866667 0.900000 0.933333 0.966667 1.000000 1.033333
1.066667 1.100000 1.133333 1.166667 1.200000 1.233333 1.266667 1.300000 1.333333 1.366667 1.400000 1.433333 1.466667 1.500000 1.533333 1.566667
1.600000 1.633333 1.666667 1.700000 1.733333 1.766667 1.800000 1.833333 1.866667 1.900000 1.933333 1.966667 2.000000 2.033333 2.066667 2.100000
2.133333 2.166667 2.200000</float_array><technique_common><accessor source="#mixamorig_Spine1-Matrix-animation-input-array" count="67"><param name="TIME" type="float"/></accessor></technique_common></source><source id="mixamorig_Spine1-Matrix-animation-output-transform"><float_array id="mixamorig_Spine1-Matrix-animation-output-transform-array" count="1072">

0.999723 0.015978 0.017276 -0.000100 -0.015309 0.999154 -0.038168 11.645400 -0.017871 0.037893 0.999122 -1.422300 0.000000 0.000000 0.000000 1.000000
0.999676 0.018169 0.017852 -0.000100 -0.017423 0.999003 -0.041092 11.645400 -0.018581 0.040768 0.998996 -1.422300 0.000000 0.000000 0.000000 1.000000
0.999637 0.019427 0.018646 -0.000100 -0.018610 0.998902 -0.043005 11.645400 -0.019461 0.042642 0.998901 -1.422300 0.000000 0.000000 0.000000 1.000000
0.999643 0.018686 0.019123 -0.000100 -0.017822 0.998856 -0.044385 11.645400 -0.019930 0.044028 0.998831 -1.422300 0.000000 0.000000 0.000000 1.000000
0.999698 0.015557 0.019005 -0.000100 -0.014668 0.998831 -0.046064 11.645400 -0.019700 0.045772 0.998758 -1.422300 0.000000 0.000000 0.000000 1.000000
0.999768 0.011267 0.018371 -0.000100 -0.010350 0.998732 -0.049262 11.645400 -0.018903 0.049060 0.998617 -1.422300 0.000000 0.000000 0.000000 1.000000
0.999812 0.008036 0.017656 -0.000100 -0.007064 0.998494 -0.054409 11.645400 -0.018067 0.054274 0.998363 -1.422300 0.000000 0.000000 0.000000 1.000000
0.999822 0.007470 0.017326 -0.000100 -0.006418 0.998177 -0.060017 11.645400 -0.017743 0.059895 0.998047 -1.422300 0.000000 0.000000 0.000000 1.000000
0.999799 0.009748 0.017533 -0.000100 -0.008622 0.997966 -0.063165 11.645400 -0.018113 0.063001 0.997849 -1.422300 0.000000 0.000000 0.000000 1.000000
0.999737 0.014161 0.018028 -0.000100 -0.013017 0.997988 -0.062058 11.645400 -0.018871 0.061807 0.997910 -1.422300 0.000000 0.000000 0.000000 1.000000
0.999635 0.019752 0.018418 -0.000100 -0.018649 0.998128 -0.058250 11.645400 -0.019534 0.057885 0.998132 -1.422300 0.000000 0.000000 0.000000 1.000000
0.999507 0.025319 0.018581 -0.000100 -0.024251 0.998156 -0.055639 11.645400 -0.019956 0.055161 0.998278 -1.422300 0.000000 0.000000 0.000000 1.000000
0.999390 0.029430 0.018816 -0.000100 -0.028319 0.997983 -0.056820 11.645400 -0.020450 0.056252 0.998207 -1.422300 0.000000 0.000000 0.000000 1.000000
0.999329 0.031007 0.019477 -0.000100 -0.029771 0.997706 -0.060801 11.645400 -0.021317 0.060181 0.997960 -1.422300 0.000000 0.000000 0.000000 1.000000
0.999340 0.029949 0.020537 -0.000100 -0.028566 0.997502 -0.064602 11.645400 -0.022420 0.063973 0.997700 -1.422300 0.000000 0.000000 0.000000 1.000000
0.999398 0.027124 0.021655 -0.000100 -0.025631 0.997459 -0.066473 11.645400 -0.023403 0.065878 0.997553 -1.422300 0.000000 0.000000 0.000000 1.000000
0.999460 0.023847 0.022623 -0.000100 -0.022288 0.997516 -0.066814 11.645400 -0.024160 0.066274 0.997509 -1.422300 0.000000 0.000000 0.000000 1.000000
0.999499 0.021196 0.023506 -0.000100 -0.019598 0.997612 -0.066224 11.645400 -0.024853 0.065730 0.997528 -1.422300 0.000000 0.000000 0.000000 1.000000
0.999517 0.019439 0.024260 -0.000100 -0.017858 0.997805 -0.063768 11.645400 -0.025446 0.063304 0.997670 -1.422300 0.000000 0.000000 0.000000 1.000000
0.999540 0.017983 0.024430 -0.000100 -0.016544 0.998187 -0.057863 11.645400 -0.025426 0.057432 0.998026 -1.422300 0.000000 0.000000 0.000000 1.000000
0.999596 0.016023 0.023461 -0.000100 -0.014866 0.998704 -0.048678 11.645400 -0.024210 0.048310 0.998539 -1.422300 0.000000 0.000000 0.000000 1.000000
0.999682 0.013397 0.021362 -0.000100 -0.012554 0.999154 -0.039151 11.645400 -0.021868 0.038871 0.999005 -1.422300 0.000000 0.000000 0.000000 1.000000
0.999763 0.010805 0.018926 -0.000100 -0.010172 0.999397 -0.033213 11.645400 -0.019273 0.033012 0.999269 -1.422300 0.000000 0.000000 0.000000 1.000000
0.999810 0.009125 0.017228 -0.000100 -0.008558 0.999427 -0.032733 11.645400 -0.017516 0.032580 0.999316 -1.422300 0.000000 0.000000 0.000000 1.000000
0.999822 0.008505 0.016863 -0.000100 -0.007890 0.999315 -0.036157 11.645400 -0.017159 0.036018 0.999204 -1.422300 0.000000 0.000000 0.000000 1.000000
0.999811 0.008193 0.017625 -0.000100 -0.007479 0.999165 -0.040176 11.645400 -0.017939 0.040037 0.999037 -1.422300 0.000000 0.000000 0.000000 1.000000
0.999796 0.007416 0.018768 -0.000100 -0.006608 0.999065 -0.042725 11.645400 -0.019068 0.042592 0.998911 -1.422300 0.000000 0.000000 0.000000 1.000000
0.999790 0.006325 0.019506 -0.000100 -0.005457 0.999007 -0.044225 11.645400 -0.019767 0.044109 0.998831 -1.422300 0.000000 0.000000 0.000000 1.000000
0.999794 0.005957 0.019397 -0.000100 -0.005056 0.998923 -0.046128 11.645400 -0.019651 0.046020 0.998747 -1.422300 0.000000 0.000000 0.000000 1.000000
0.999801 0.007348 0.018539 -0.000100 -0.006435 0.998787 -0.048823 11.645400 -0.018875 0.048694 0.998635 -1.422300 0.000000 0.000000 0.000000 1.000000
0.999790 0.010729 0.017471 -0.000100 -0.009820 0.998635 -0.051300 11.645400 -0.017998 0.051117 0.998530 -1.422300 0.000000 0.000000 0.000000 1.000000
0.999740 0.015418 0.016778 -0.000100 -0.014514 0.998505 -0.052694 11.645400 -0.017566 0.052437 0.998470 -1.422300 0.000000 0.000000 0.000000 1.000000
0.999656 0.020222 0.016674 -0.000100 -0.019301 0.998375 -0.053625 11.645400 -0.017731 0.053285 0.998422 -1.422300 0.000000 0.000000 0.000000 1.000000
0.999571 0.023872 0.016954 -0.000100 -0.022897 0.998191 -0.055594 11.645400 -0.018251 0.055182 0.998310 -1.422300 0.000000 0.000000 0.000000 1.000000
0.999527 0.025429 0.017294 -0.000100 -0.024364 0.997948 -0.059214 11.645400 -0.018764 0.058765 0.998095 -1.422300 0.000000 0.000000 0.000000 1.000000
0.999543 0.024644 0.017532 -0.000100 -0.023486 0.997707 -0.063475 11.645400 -0.019056 0.063034 0.997829 -1.422300 0.000000 0.000000 0.000000 1.000000
0.999599 0.022078 0.017734 -0.000100 -0.020848 0.997550 -0.066783 11.645400 -0.019165 0.066386 0.997610 -1.422300 0.000000 0.000000 0.000000 1.000000
0.999659 0.018829 0.018068 -0.000100 -0.017554 0.997508 -0.068334 11.645400 -0.019309 0.067994 0.997499 -1.422300 0.000000 0.000000 0.000000 1.000000
0.999698 0.016040 0.018600 -0.000100 -0.014737 0.997563 -0.068203 11.645400 -0.019649 0.067908 0.997498 -1.422300 0.000000 0.000000 0.000000 1.000000
0.999713 0.014379 0.019159 -0.000100 -0.013078 0.997711 -0.066340 11.645400 -0.020069 0.066071 0.997613 -1.422300 0.000000 0.000000 0.000000 1.000000
0.999718 0.013713 0.019400 -0.000100 -0.012486 0.997996 -0.062038 11.645400 -0.020212 0.061778 0.997885 -1.422300 0.000000 0.000000 0.000000 1.000000
0.999731 0.013252 0.019043 -0.000100 -0.012191 0.998423 -0.054793 11.645400 -0.019739 0.054546 0.998316 -1.422300 0.000000 0.000000 0.000000 1.000000
0.999762 0.012206 0.018087 -0.000100 -0.011369 0.998890 -0.045705 11.645400 -0.018625 0.045488 0.998791 -1.422300 0.000000 0.000000 0.000000 1.000000
0.999802 0.010572 0.016859 -0.000100 -0.009931 0.999243 -0.037624 11.645400 -0.017244 0.037449 0.999150 -1.422300 0.000000 0.000000 0.000000 1.000000
0.999830 0.009288 0.015905 -0.000100 -0.008752 0.999403 -0.033422 11.645400 -0.016206 0.033277 0.999315 -1.422300 0.000000 0.000000 0.000000 1.000000
0.999832 0.009352 0.015749 -0.000100 -0.008814 0.999388 -0.033840 11.645400 -0.016056 0.033696 0.999303 -1.422300 0.000000 0.000000 0.000000 1.000000
0.999805 0.010720 0.016577 -0.000100 -0.010098 0.999260 -0.037108 11.645400 -0.016963 0.036934 0.999174 -1.422300 0.000000 0.000000 0.000000 1.000000
0.999762 0.012237 0.018045 -0.000100 -0.011494 0.999103 -0.040754 11.645400 -0.018528 0.040537 0.999006 -1.422300 0.000000 0.000000 0.000000 1.000000
0.999731 0.012701 0.019415 -0.000100 -0.011844 0.998978 -0.043624 11.645400 -0.019950 0.043382 0.998859 -1.422300 0.000000 0.000000 0.000000 1.000000
0.999729 0.011931 0.019988 -0.000100 -0.010999 0.998875 -0.046127 11.645400 -0.020516 0.045895 0.998736 -1.422300 0.000000 0.000000 0.000000 1.000000
0.999749 0.010919 0.019570 -0.000100 -0.009950 0.998752 -0.048943 11.645400 -0.020080 0.048736 0.998610 -1.422300 0.000000 0.000000 0.000000 1.000000
0.999765 0.011101 0.018612 -0.000100 -0.010121 0.998597 -0.051972 11.645400 -0.019163 0.051771 0.998475 -1.422300 0.000000 0.000000 0.000000 1.000000
0.999751 0.013378 0.017862 -0.000100 -0.012385 0.998432 -0.054588 11.645400 -0.018564 0.054354 0.998349 -1.422300 0.000000 0.000000 0.000000 1.000000
0.999691 0.017352 0.017817 -0.000100 -0.016319 0.998268 -0.056524 11.645400 -0.018767 0.056216 0.998242 -1.422300 0.000000 0.000000 0.000000 1.000000
0.999601 0.021365 0.018474 -0.000100 -0.020257 0.998100 -0.058191 11.645400 -0.019682 0.057794 0.998135 -1.422300 0.000000 0.000000 0.000000 1.000000
0.999532 0.023591 0.019491 -0.000100 -0.022380 0.997938 -0.060161 11.645400 -0.020870 0.059696 0.997998 -1.422300 0.000000 0.000000 0.000000 1.000000
0.999519 0.023287 0.020488 -0.000100 -0.021967 0.997805 -0.062465 11.645400 -0.021898 0.061985 0.997837 -1.422300 0.000000 0.000000 0.000000 1.000000
0.999551 0.021158 0.021194 -0.000100 -0.019751 0.997721 -0.064525 11.645400 -0.022511 0.064077 0.997691 -1.422300 0.000000 0.000000 0.000000 1.000000
0.999593 0.018702 0.021521 -0.000100 -0.017254 0.997695 -0.065626 11.645400 -0.022699 0.065228 0.997612 -1.422300 0.000000 0.000000 0.000000 1.000000
0.999620 0.017144 0.021596 -0.000100 -0.015705 0.997753 -0.065131 11.645400 -0.022664 0.064767 0.997643 -1.422300 0.000000 0.000000 0.000000 1.000000
0.999627 0.016727 0.021594 -0.000100 -0.015353 0.997940 -0.062293 11.645400 -0.022591 0.061939 0.997824 -1.422300 0.000000 0.000000 0.000000 1.000000
0.999629 0.016797 0.021447 -0.000100 -0.015561 0.998277 -0.056570 11.645400 -0.022360 0.056216 0.998168 -1.422300 0.000000 0.000000 0.000000 1.000000
0.999646 0.016508 0.020872 -0.000100 -0.015476 0.998695 -0.048668 11.645400 -0.021648 0.048327 0.998597 -1.422300 0.000000 0.000000 0.000000 1.000000
0.999682 0.015633 0.019778 -0.000100 -0.014812 0.999049 -0.041004 11.645400 -0.020400 0.040698 0.998963 -1.422300 0.000000 0.000000 0.000000 1.000000
0.999719 0.014785 0.018502 -0.000100 -0.014106 0.999240 -0.036329 11.645400 -0.019026 0.036058 0.999169 -1.422300 0.000000 0.000000 0.000000 1.000000
0.999739 0.014680 0.017493 -0.000100 -0.014052 0.999271 -0.035495 11.645400 -0.018002 0.035240 0.999217 -1.422300 0.000000 0.000000 0.000000 1.000000
0.999723 0.015978 0.017276 -0.000100 -0.015309 0.999154 -0.038168 11.645400 -0.017871 0.037893 0.999122 -1.422300 0.000000 0.000000 0.000000 1.000000</float_array><technique_common><accessor source="#mixamorig_Spine1-Matrix-animation-output-transform-array" count="67" stride="16"><param type="float4x4"/></accessor></technique_common></source><source id="mixamorig_Spine1-Interpolations"><Name_array id="mixamorig_Spine1-Interpolations-array" count="67">
 LINEAR LINEAR LINEAR LINEAR LINEAR LINEAR LINEAR LINEAR LINEAR LINEAR LINEAR
LINEAR LINEAR LINEAR LINEAR LINEAR LINEAR LINEAR LINEAR LINEAR LINEAR LINEAR LINEAR
LINEAR LINEAR LINEAR LINEAR LINEAR LINEAR LINEAR LINEAR LINEAR LINEAR LINEAR LINEAR
LINEAR LINEAR LINEAR LINEAR LINEAR LINEAR LINEAR LINEAR LINEAR LINEAR LINEAR LINEAR
LINEAR LINEAR LINEAR LINEAR LINEAR LINEAR LINEAR LINEAR LINEAR LINEAR LINEAR LINEAR
LINEAR LINEAR LINEAR LINEAR LINEAR LINEAR LINEAR LINEAR</Name_array><technique_common><accessor source="#mixamorig_Spine1-Interpolations-array" count="67"><param type="name"/></accessor></technique_common></source><sampler id="mixamorig_Spine1-Matrix-animation-transform"><input semantic="INPUT" source="#mixamorig_Spine1-Matrix-animation-input"/><input semantic="OUTPUT" source="#mixamorig_Spine1-Matrix-animation-output-transform"/><input semantic="INTERPOLATION" source="#mixamorig_Spine1-Interpolations"/></sampler><channel source="#mixamorig_Spine1-Matrix-animation-transform" target="mixamorig_Spine1/matrix"/></animation>
    <animation id="mixamorig_Spine2-anim" name="mixamorig_Spine2"><source id="mixamorig_Spine2-Matrix-animation-input"><float_array id="mixamorig_Spine2-Matrix-animation-input-array" count="67">

0.000000 0.033333 0.066667 0.100000 0.133333 0.166667 0.200000 0.233333 0.266667 0.300000 0.333333 0.366667 0.400000 0.433333 0.466667 0.500000
0.533333 0.566667 0.600000 0.633333 0.666667 0.700000 0.733333 0.766667 0.800000 0.833333 0.866667 0.900000 0.933333 0.966667 1.000000 1.033333
1.066667 1.100000 1.133333 1.166667 1.200000 1.233333 1.266667 1.300000 1.333333 1.366667 1.400000 1.433333 1.466667 1.500000 1.533333 1.566667
1.600000 1.633333 1.666667 1.700000 1.733333 1.766667 1.800000 1.833333 1.866667 1.900000 1.933333 1.966667 2.000000 2.033333 2.066667 2.100000
2.133333 2.166667 2.200000</float_array><technique_common><accessor source="#mixamorig_Spine2-Matrix-animation-input-array" count="67"><param name="TIME" type="float"/></accessor></technique_common></source><source id="mixamorig_Spine2-Matrix-animation-output-transform"><float_array id="mixamorig_Spine2-Matrix-animation-output-transform-array" count="1072">

0.999731 0.015603 0.017152 0.000100 -0.014935 0.999150 -0.038432 13.360200 -0.017737 0.038165 0.999114 -1.626500 0.000000 0.000000 0.000000 1.000000
0.999685 0.017748 0.017719 0.000100 -0.017002 0.998998 -0.041390 13.360200 -0.018435 0.041076 0.998986 -1.626500 0.000000 0.000000 0.000000 1.000000
0.999649 0.018965 0.018508 0.000100 -0.018149 0.998896 -0.043322 13.360200 -0.019309 0.042971 0.998890 -1.626500 0.000000 0.000000 0.000000 1.000000
0.999654 0.018199 0.018968 0.000100 -0.017337 0.998851 -0.044686 13.360200 -0.019760 0.044342 0.998821 -1.626500 0.000000 0.000000 0.000000 1.000000
0.999710 0.015060 0.018817 0.000100 -0.014175 0.998827 -0.046308 13.360200 -0.019492 0.046028 0.998750 -1.626500 0.000000 0.000000 0.000000 1.000000
0.999778 0.010756 0.018139 0.000100 -0.009848 0.998729 -0.049427 13.360200 -0.018648 0.049237 0.998613 -1.626500 0.000000 0.000000 0.000000 1.000000
