<?xml version="1.0" encoding="utf-8"?>
<COLLADA xmlns="http://www.collada.org/2005/11/COLLADASchema" version="1.4.1">
  <asset><contributor><author>Mixamo</author><authoring_tool>COLLADA Mixamo exporter</authoring_tool><comments></comments></contributor><created>2018-10-16T14:31:57Z</created><modified>2018-10-16T14:31:57Z</modified><revision></revision><title></title><unit meter="0.010000"/><up_axis>Y_UP</up_axis></asset>
  <library_animations>
    <animation id="mixamorig_Hips-anim" name="mixamorig_Hips"><source id="mixamorig_Hips-Matrix-animation-input"><float_array id="mixamorig_Hips-Matrix-animation-input-array" count="46">

0.000000 0.033333 0.066667 0.100000 0.133333 0.166667 0.200000 0.233333 0.266667 0.300000 0.333333 0.366667 0.400000 0.433333 0.466667 0.500000
0.533333 0.566667 0.600000 0.633333 0.666667 0.700000 0.733333 0.766667 0.800000 0.833333 0.866667 0.900000 0.933333 0.966667 1.000000 1.033333
1.066667 1.100000 1.133333 1.166667 1.200000 1.233333 1.266667 1.300000 1.333333 1.366667 1.400000 1.433333 1.466667 1.500000</float_array><technique_common><accessor source="#mixamorig_Hips-Matrix-animation-input-array" count="46"><param name="TIME" type="float"/></accessor></technique_common></source><source id="mixamorig_Hips-Matrix-animation-output-transform"><float_array id="mixamorig_Hips-Matrix-animation-output-transform-array" count="736">

0.665287 0.026692 -0.746110 0.170560 -0.021428 0.999632 0.016654 93.588158 0.746280 0.004908 0.665614 -0.030110 0.000000 0.000000 0.000000 1.000000
0.681608 0.024358 -0.731312 -0.000550 -0.020130 0.999692 0.014535 93.226105 0.731440 0.004814 0.681889 -0.290759 0.000000 0.000000 0.000000 1.000000
0.711777 0.027433 -0.701870 -0.184403 -0.032028 0.999465 0.006584 92.809593 0.701675 0.017793 0.712275 -0.411094 0.000000 0.000000 0.000000 1.000000
0.759716 0.045932 -0.648631 -0.450984 -0.062533 0.998040 -0.002568 92.538765 0.647241 0.042512 0.761099 -0.203228 0.000000 0.000000 0.000000 1.000000
0.815770 0.085438 -0.572031 -0.895320 -0.109070 0.994009 -0.007080 92.426727 0.567999 0.068167 0.820202 0.454909 0.000000 0.000000 0.000000 1.000000
0.864838 0.141143 -0.481802 -1.470005 -0.162600 0.986688 -0.002821 92.138939 0.474990 0.080781 0.876275 1.608926 0.000000 0.000000 0.000000 1.000000
0.901138 0.201964 -0.383616 -1.956267 -0.214332 0.976702 0.010727 91.248749 0.376845 0.072555 0.923430 3.238044 0.000000 0.000000 0.000000 1.000000
0.926641 0.253714 -0.277425 -2.145956 -0.255513 0.966331 0.030288 89.733040 0.275769 0.042819 0.960270 5.278021 0.000000 0.000000 0.000000 1.000000
0.945039 0.278435 -0.171393 -1.928265 -0.273554 0.960452 0.051956 88.117378 0.179081 -0.002215 0.983832 7.627953 0.000000 0.000000 0.000000 1.000000
0.959507 0.269218 -0.082878 -1.261060 -0.263125 0.961645 0.077480 87.121826 0.100558 -0.052536 0.993543 10.109641 0.000000 0.000000 0.000000 1.000000
0.969948 0.242691 -0.017367 -0.308986 -0.239223 0.964247 0.114017 87.131004 0.044417 -0.106436 0.993327 12.358583 0.000000 0.000000 0.000000 1.000000
0.974521 0.220700 0.040009 0.423616 -0.224283 0.960859 0.162626 87.980919 -0.002552 -0.167456 0.985876 13.837030 0.000000 0.000000 0.000000 1.000000
0.970903 0.212733 0.109961 0.589440 -0.231894 0.949800 0.210012 89.454330 -0.059764 -0.229401 0.971495 14.678083 0.000000 0.000000 0.000000 1.000000
0.956399 0.214687 0.198016 0.203825 -0.259400 0.935952 0.238129 91.479149 -0.134211 -0.279112 0.950833 15.178677 0.000000 0.000000 0.000000 1.000000
0.929546 0.227371 0.290253 -0.519519 -0.300318 0.923599 0.238273 93.761887 -0.213900 -0.308654 0.926811 15.365841 0.000000 0.000000 0.000000 1.000000
0.894401 0.252755 0.369001 -1.334941 -0.347640 0.911940 0.217972 95.936874 -0.281413 -0.323234 0.903508 15.387536 0.000000 0.000000 0.000000 1.000000
0.859627 0.292179 0.419134 -1.448601 -0.399852 0.895402 0.195895 97.777924 -0.318057 -0.335988 0.886539 15.626574 0.000000 0.000000 0.000000 1.000000
0.836843 0.347549 0.422970 0.301885 -0.454924 0.871285 0.184138 99.152802 -0.304530 -0.346514 0.887237 15.745122 0.000000 0.000000 0.000000 1.000000
0.829052 0.418203 0.371186 3.887021 -0.505267 0.844637 0.176900 100.121986 -0.239537 -0.334207 0.911552 15.139927 0.000000 0.000000 0.000000 1.000000
0.828443 0.482328 0.284679 7.744511 -0.538264 0.826124 0.166706 100.909615 -0.154773 -0.291339 0.944016 13.999063 0.000000 0.000000 0.000000 1.000000
0.835147 0.508249 0.210266 9.795613 -0.543078 0.822537 0.168818 101.257355 -0.087150 -0.255178 0.962958 13.256317 0.000000 0.000000 0.000000 1.000000
0.853033 0.487978 0.184966 9.427884 -0.519038 0.830136 0.203649 100.539467 -0.054171 -0.269724 0.961413 13.161691 0.000000 0.000000 0.000000 1.000000
0.873384 0.439851 0.209119 7.778134 -0.483144 0.836627 0.258124 98.999908 -0.061419 -0.326476 0.943208 13.789344 0.000000 0.000000 0.000000 1.000000
0.888969 0.387287 0.244425 6.148846 -0.448902 0.842560 0.297624 97.563660 -0.090676 -0.374301 0.922863 14.759155 0.000000 0.000000 0.000000 1.000000
0.907124 0.339451 0.248797 4.826841 -0.405869 0.861973 0.303765 96.774109 -0.111343 -0.376531 0.919689 15.479189 0.000000 0.000000 0.000000 1.000000
0.933060 0.287299 0.216467 3.690744 -0.341582 0.896308 0.282761 96.526855 -0.112784 -0.337774 0.934446 15.890632 0.000000 0.000000 0.000000 1.000000
0.959249 0.224538 0.171535 2.751851 -0.263283 0.930654 0.254098 96.398277 -0.102585 -0.288906 0.951846 16.392141 0.000000 0.000000 0.000000 1.000000
0.976851 0.164961 0.136197 2.097321 -0.193631 0.952477 0.235150 96.063072 -0.090934 -0.256078 0.962369 17.090750 0.000000 0.000000 0.000000 1.000000
0.984815 0.126087 0.119336 1.767401 -0.150987 0.961338 0.230286 95.467819 -0.085686 -0.244807 0.965778 17.701530 0.000000 0.000000 0.000000 1.000000
0.986083 0.107403 0.126907 1.682383 -0.134595 0.963803 0.230148 94.824921 -0.097595 -0.244026 0.964845 17.985371 0.000000 0.000000 0.000000 1.000000
0.983635 0.092842 0.154407 1.672377 -0.126172 0.966738 0.222482 94.343552 -0.128616 -0.238323 0.962632 17.949558 0.000000 0.000000 0.000000 1.000000
0.982347 0.070599 0.173236 1.618313 -0.105918 0.973224 0.203999 94.085541 -0.154196 -0.218747 0.963521 17.732746 0.000000 0.000000 0.000000 1.000000
0.987818 0.044935 0.148988 1.485926 -0.071682 0.981171 0.179346 94.038437 -0.138124 -0.187841 0.972439 17.451389 0.000000 0.000000 0.000000 1.000000
0.996755 0.032594 0.073598 1.241997 -0.043537 0.987365 0.152366 94.203018 -0.067702 -0.155076 0.985580 17.113209 0.000000 0.000000 0.000000 1.000000
0.998534 0.043336 -0.032424 0.751741 -0.038991 0.991469 0.124377 94.369484 0.037537 -0.122931 0.991705 16.522772 0.000000 0.000000 0.000000 1.000000
0.987709 0.065178 -0.142064 -0.100492 -0.051491 0.993855 0.097980 94.323654 0.147577 -0.089461 0.984996 15.355727 0.000000 0.000000 0.000000 1.000000
0.966602 0.084433 -0.241975 -1.206692 -0.067712 0.994759 0.076618 94.205238 0.247176 -0.057674 0.967253 13.792526 0.000000 0.000000 0.000000 1.000000
0.938563 0.095644 -0.331591 -2.472222 -0.079358 0.994895 0.062345 94.051743 0.335861 -0.032200 0.941361 12.156837 0.000000 0.000000 0.000000 1.000000
0.904041 0.100445 -0.415476 -3.686785 -0.085484 0.994847 0.054507 94.007835 0.418810 -0.013760 0.907970 10.573436 0.000000 0.000000 0.000000 1.000000
0.860235 0.097759 -0.500439 -4.163980 -0.084210 0.995210 0.049657 93.966202 0.502896 -0.000574 0.864347 9.087399 0.000000 0.000000 0.000000 1.000000
0.804159 0.086088 -0.588147 -3.905544 -0.075088 0.996243 0.043156 93.930229 0.589652 0.009458 0.807602 7.614845 0.000000 0.000000 0.000000 1.000000
0.739827 0.068411 -0.669310 -3.338243 -0.063748 0.997469 0.031488 93.874847 0.669770 0.019371 0.742316 6.146982 0.000000 0.000000 0.000000 1.000000
0.680714 0.051498 -0.730737 -2.533368 -0.057505 0.998204 0.016778 93.826668 0.730289 0.030600 0.682453 4.703165 0.000000 0.000000 0.000000 1.000000
0.664005 0.041175 -0.746593 -1.585226 -0.046772 0.998815 0.013487 93.769592 0.746263 0.025964 0.665144 3.143903 0.000000 0.000000 0.000000 1.000000
0.664792 0.033532 -0.746275 -0.641013 -0.033481 0.999326 0.015077 93.693024 0.746277 0.014962 0.665467 1.548454 0.000000 0.000000 0.000000 1.000000
0.665288 0.026687 -0.746109 0.170634 -0.021420 0.999632 0.016655 93.589096 0.746279 0.004901 0.665615 -0.027137 0.000000 0.000000 0.000000 1.000000</float_array><technique_common><accessor source="#mixamorig_Hips-Matrix-animation-output-transform-array" count="46" stride="16"><param type="float4x4"/></accessor></technique_common></source><source id="mixamorig_Hips-Interpolations"><Name_array id="mixamorig_Hips-Interpolations-array" count="46">
 LINEAR LINEAR LINEAR LINEAR LINEAR LINEAR LINEAR LINEAR LINEAR LINEAR LINEAR
LINEAR LINEAR LINEAR LINEAR LINEAR LINEAR LINEAR LINEAR LINEAR LINEAR LINEAR LINEAR
LINEAR LINEAR LINEAR LINEAR LINEAR LINEAR LINEAR LINEAR LINEAR LINEAR LINEAR LINEAR
LINEAR LINEAR LINEAR LINEAR LINEAR LINEAR LINEAR LINEAR LINEAR LINEAR LINEAR</Name_array><technique_common><accessor source="#mixamorig_Hips-Interpolations-array" count="46"><param type="name"/></accessor></technique_common></source><sampler id="mixamorig_Hips-Matrix-animation-transform"><input semantic="INPUT" source="#mixamorig_Hips-Matrix-animation-input"/><input semantic="OUTPUT" source="#mixamorig_Hips-Matrix-animation-output-transform"/><input semantic="INTERPOLATION" source="#mixamorig_Hips-Interpolations"/></sampler><channel source="#mixamorig_Hips-Matrix-animation-transform" target="mixamorig_Hips/matrix"/></animation>
    <animation id="mixamorig_Spine-anim" name="mixamorig_Spine"><source id="mixamorig_Spine-Matrix-animation-input"><float_array id="mixamorig_Spine-Matrix-animation-input-array" count="46">

0.000000 0.033333 0.066667 0.100000 0.133333 0.166667 0.200000 0.233333 0.266667 0.300000 0.333333 0.366667 0.400000 0.433333 0.466667 0.500000
0.533333 0.566667 0.600000 0.633333 0.666667 0.700000 0.733333 0.766667 0.800000 0.833333 0.866667 0.900000 0.933333 0.966667 1.000000 1.033333
1.066667 1.100000 1.133333 1.166667 1.200000 1.233333 1.266667 1.300000 1.333333 1.366667 1.400000 1.433333 1.466667 1.500000</float_array><technique_common><accessor source="#mixamorig_Spine-Matrix-animation-input-array" count="46"><param name="TIME" type="float"/></accessor></technique_common></source><source id="mixamorig_Spine-Matrix-animation-output-transform"><float_array id="mixamorig_Spine-Matrix-animation-output-transform-array" count="736">

0.999877 0.009166 0.012690 0.000000 -0.008973 0.999844 -0.015238 9.923500 -0.012827 0.015123 0.999803 -1.227300 0.000000 0.000000 0.000000 1.000000
0.999907 0.007615 0.011340 -0.000000 -0.007436 0.999848 -0.015772 9.923500 -0.011458 0.015686 0.999811 -1.227300 0.000000 0.000000 0.000000 1.000000
0.999949 -0.003155 0.009608 0.000000 0.003301 0.999878 -0.015295 9.923500 -0.009559 0.015326 0.999837 -1.227300 0.000000 0.000000 0.000000 1.000000
0.999645 -0.024952 0.009355 0.000000 0.025075 0.999597 -0.013274 9.923500 -0.009020 0.013504 0.999868 -1.227300 0.000000 0.000000 0.000000 1.000000
0.998417 -0.054599 0.013482 -0.000000 0.054727 0.998458 -0.009350 9.923500 -0.012950 0.010073 0.999865 -1.227300 0.000000 0.000000 0.000000 1.000000
0.996064 -0.085405 0.023720 0.000000 0.085518 0.996330 -0.003770 9.923500 -0.023311 0.005784 0.999712 -1.227300 0.000000 0.000000 0.000000 1.000000
0.993100 -0.110821 0.038365 0.000000 0.110815 0.993838 0.002287 9.923500 -0.038382 0.001980 0.999261 -1.227300 0.000000 0.000000 0.000000 1.000000
0.990703 -0.125226 0.053168 -0.000000 0.125022 0.992128 0.007170 9.923500 -0.053648 -0.000456 0.998560 -1.227300 0.000000 0.000000 0.000000 1.000000
0.990231 -0.123485 0.064768 0.000000 0.123108 0.992345 0.009802 9.923500 -0.065483 -0.001733 0.997852 -1.227300 0.000000 0.000000 0.000000 1.000000
0.991843 -0.105097 0.072120 -0.000000 0.104644 0.994459 0.010043 9.923500 -0.072776 -0.002414 0.997345 -1.227300 0.000000 0.000000 0.000000 1.000000
0.994374 -0.075079 0.074723 0.000000 0.074697 0.997175 0.007908 9.923500 -0.075105 -0.002282 0.997173 -1.227300 0.000000 0.000000 0.000000 1.000000
0.996591 -0.039335 0.072516 0.000000 0.039251 0.999226 0.002580 9.923500 -0.072562 0.000275 0.997364 -1.227300 0.000000 0.000000 0.000000 1.000000
0.997965 -0.010467 0.062893 0.000000 0.010856 0.999924 -0.005839 9.923500 -0.062827 0.006510 0.998003 -1.227300 0.000000 0.000000 0.000000 1.000000
0.999076 0.003626 0.042820 0.000000 -0.002938 0.999866 -0.016107 9.923500 -0.042872 0.015967 0.998953 -1.227300 0.000000 0.000000 0.000000 1.000000
0.999893 0.005945 0.013370 -0.000000 -0.005570 0.999595 -0.027890 9.923500 -0.013531 0.027812 0.999522 -1.227300 0.000000 0.000000 0.000000 1.000000
0.999715 0.004873 -0.023371 0.000000 -0.005843 0.999116 -0.041629 9.923500 0.023147 0.041754 0.998860 -1.227300 0.000000 0.000000 0.000000 1.000000
0.997711 -0.004003 -0.067498 0.000000 0.000135 0.998362 -0.057214 9.923500 0.067616 0.057074 0.996078 -1.227300 0.000000 0.000000 0.000000 1.000000
0.992592 -0.030456 -0.117614 0.000000 0.021883 0.997055 -0.073504 9.923500 0.119506 0.070386 0.990335 -1.227300 0.000000 0.000000 0.000000 1.000000
0.982588 -0.078055 -0.168608 0.000000 0.063519 0.993918 -0.089959 9.923500 0.174604 0.077683 0.981570 -1.227300 0.000000 0.000000 0.000000 1.000000
0.968161 -0.134228 -0.211299 0.000000 0.113587 0.987748 -0.107017 9.923500 0.223075 0.079609 0.971545 -1.227300 0.000000 0.000000 0.000000 1.000000
0.956350 -0.177133 -0.232421 -0.000000 0.152042 0.980828 -0.121897 9.923500 0.249557 0.081238 0.964947 -1.227300 0.000000 0.000000 0.000000 1.000000
0.955612 -0.189347 -0.225729 0.000000 0.163135 0.978032 -0.129772 9.923500 0.245342 0.087187 0.965508 -1.227300 0.000000 0.000000 0.000000 1.000000
0.964367 -0.169021 -0.203541 0.000000 0.144547 0.980957 -0.129732 9.923500 0.221592 0.095688 0.970433 -1.227300 0.000000 0.000000 0.000000 1.000000
0.974911 -0.128614 -0.181680 0.000000 0.107249 0.986604 -0.122924 9.923500 0.195056 0.100355 0.975644 -1.227300 0.000000 0.000000 0.000000 1.000000
0.983307 -0.083264 -0.161784 -0.000000 0.066078 0.991859 -0.108851 9.923500 0.169530 0.096344 0.980804 -1.227300 0.000000 0.000000 0.000000 1.000000
0.989534 -0.041778 -0.138121 0.000000 0.029801 0.995704 -0.087671 9.923500 0.141191 0.082637 0.986527 -1.227300 0.000000 0.000000 0.000000 1.000000
0.994229 -0.004341 -0.107195 0.000000 -0.002459 0.997996 -0.063223 9.923500 0.107254 0.063121 0.992226 -1.227300 0.000000 0.000000 0.000000 1.000000
0.997007 0.029056 -0.071637 0.000000 -0.032116 0.998604 -0.041940 9.923500 0.070318 0.044115 0.996549 -1.227300 0.000000 0.000000 0.000000 1.000000
0.997902 0.052531 -0.037852 0.000000 -0.053615 0.998163 -0.028205 9.923500 0.036301 0.030175 0.998885 -1.227300 0.000000 0.000000 0.000000 1.000000
0.998104 0.060187 -0.012873 0.000000 -0.060451 0.997946 -0.021196 9.923500 0.011571 0.021934 0.999692 -1.227300 0.000000 0.000000 0.000000 1.000000
0.998463 0.055407 0.001062 0.000000 -0.055381 0.998318 -0.017131 9.923500 -0.002009 0.017046 0.999853 -1.227300 0.000000 0.000000 0.000000 1.000000
0.998880 0.046389 0.009304 0.000000 -0.046262 0.998839 -0.013399 9.923500 -0.009915 0.012954 0.999867 -1.227300 0.000000 0.000000 0.000000 1.000000
0.999205 0.035105 0.018882 0.000000 -0.034925 0.999342 -0.009794 9.923500 -0.019213 0.009127 0.999774 -1.227300 0.000000 0.000000 0.000000 1.000000
0.999365 0.017053 0.031283 -0.000000 -0.016835 0.999832 -0.007236 9.923500 -0.031401 0.006705 0.999484 -1.227300 0.000000 0.000000 0.000000 1.000000
0.999026 -0.006922 0.043588 -0.000000 0.007218 0.999952 -0.006621 9.923500 -0.043540 0.006929 0.999028 -1.227300 0.000000 0.000000 0.000000 1.000000
0.998240 -0.030549 0.050832 0.000000 0.030961 0.999494 -0.007325 9.923500 -0.050582 0.008885 0.998680 -1.227300 0.000000 0.000000 0.000000 1.000000
0.997418 -0.051103 0.050458 0.000000 0.051628 0.998624 -0.009157 9.923500 -0.049920 0.011739 0.998684 -1.227300 0.000000 0.000000 0.000000 1.000000
0.996935 -0.064976 0.043584 0.000000 0.065559 0.997776 -0.012081 9.923500 -0.042702 0.014901 0.998977 -1.227300 0.000000 0.000000 0.000000 1.000000
0.996906 -0.071105 0.033517 0.000000 0.071640 0.997317 -0.015030 9.923500 -0.032358 0.017384 0.999325 -1.227300 0.000000 0.000000 0.000000 1.000000
0.997248 -0.070146 0.024000 0.000000 0.070562 0.997364 -0.016913 9.923500 -0.022750 0.018560 0.999569 -1.227300 0.000000 0.000000 0.000000 1.000000
0.997625 -0.066634 0.017429 -0.000000 0.066931 0.997613 -0.017015 9.923500 -0.016253 0.018141 0.999703 -1.227300 0.000000 0.000000 0.000000 1.000000
0.997853 -0.063867 0.014509 0.000000 0.064094 0.997820 -0.015754 9.923500 -0.013471 0.016650 0.999771 -1.227300 0.000000 0.000000 0.000000 1.000000
0.997994 -0.061852 0.013496 -0.000000 0.062040 0.997975 -0.014021 9.923500 -0.012602 0.014830 0.999811 -1.227300 0.000000 0.000000 0.000000 1.000000
0.999007 -0.042578 0.013098 0.000000 0.042760 0.998988 -0.013973 9.923500 -0.012490 0.014519 0.999817 -1.227300 0.000000 0.000000 0.000000 1.000000
0.999792 -0.015837 0.012857 0.000000 0.016025 0.999764 -0.014640 9.923500 -0.012623 0.014843 0.999810 -1.227300 0.000000 0.000000 0.000000 1.000000
0.999877 0.009204 0.012689 0.000000 -0.009010 0.999843 -0.015237 9.923500 -0.012827 0.015121 0.999803 -1.227300 0.000000 0.000000 0.000000 1.000000</float_array><technique_common><accessor source="#mixamorig_Spine-Matrix-animation-output-transform-array" count="46" stride="16"><param type="float4x4"/></accessor></technique_common></source><source id="mixamorig_Spine-Interpolations"><Name_array id="mixamorig_Spine-Interpolations-array" count="46">
 LINEAR LINEAR LINEAR LINEAR LINEAR LINEAR LINEAR LINEAR LINEAR LINEAR LINEAR
LINEAR LINEAR LINEAR LINEAR LINEAR LINEAR LINEAR LINEAR LINEAR LINEAR LINEAR LINEAR
LINEAR LINEAR LINEAR LINEAR LINEAR LINEAR LINEAR LINEAR LINEAR LINEAR LINEAR LINEAR
LINEAR LINEAR LINEAR LINEAR LINEAR LINEAR LINEAR LINEAR LINEAR LINEAR LINEAR</Name_array><technique_common><accessor source="#mixamorig_Spine-Interpolations-array" count="46"><param type="name"/></accessor></technique_common></source><sampler id="mixamorig_Spine-Matrix-animation-transform"><input semantic="INPUT" source="#mixamorig_Spine-Matrix-animation-input"/><input semantic="OUTPUT" source="#mixamorig_Spine-Matrix-animation-output-transform"/><input semantic="INTERPOLATION" source="#mixamorig_Spine-Interpolations"/></sampler><channel source="#mixamorig_Spine-Matrix-animation-transform" target="mixamorig_Spine/matrix"/></animation>
    <animation id="mixamorig_Spine1-anim" name="mixamorig_Spine1"><source id="mixamorig_Spine1-Matrix-animation-input"><float_array id="mixamorig_Spine1-Matrix-animation-input-array" count="46">

0.000000 0.033333 0.066667 0.100000 0.133333 0.166667 0.200000 0.233333 0.266667 0.300000 0.333333 0.366667 0.400000 0.433333 0.466667 0.500000
0.533333 0.566667 0.600000 0.633333 0.666667 0.700000 0.733333 0.766667 0.800000 0.833333 0.866667 0.900000 0.933333 0.966667 1.000000 1.033333
1.066667 1.100000 1.133333 1.166667 1.200000 1.233333 1.266667 1.300000 1.333333 1.366667 1.400000 1.433333 1.466667 1.500000</float_array><technique_common><accessor source="#mixamorig_Spine1-Matrix-animation-input-array" count="46"><param name="TIME" type="float"/></accessor></technique_common></source><source id="mixamorig_Spine1-Matrix-animation-output-transform"><float_array id="mixamorig_Spine1-Matrix-animation-output-transform-array" count="736">

0.999562 -0.013561 0.026290 -0.000100 0.014346 0.999451 -0.029871 11.645400 -0.025871 0.030235 0.999208 -1.422300 0.000000 0.000000 0.000000 1.000000
0.999608 -0.015406 0.023371 -0.000100 0.016127 0.999389 -0.030994 11.645400 -0.022879 0.031359 0.999246 -1.422300 0.000000 0.000000 0.000000 1.000000
0.999627 -0.019961 0.018645 -0.000100 0.020519 0.999332 -0.030247 11.645400 -0.018028 0.030618 0.999369 -1.422300 0.000000 0.000000 0.000000 1.000000
0.999500 -0.027782 0.015115 -0.000100 0.028176 0.999252 -0.026493 11.645400 -0.014368 0.026906 0.999535 -1.422300 0.000000 0.000000 0.000000 1.000000
0.999118 -0.037645 0.018586 -0.000100 0.038000 0.999094 -0.019169 11.645400 -0.017848 0.019859 0.999643 -1.422300 0.000000 0.000000 0.000000 1.000000
0.998315 -0.047337 0.033556 -0.000100 0.047675 0.998819 -0.009350 11.645400 -0.033074 0.010934 0.999393 -1.422300 0.000000 0.000000 0.000000 1.000000
0.996801 -0.054664 0.058304 -0.000100 0.054742 0.998501 0.000263 11.645400 -0.058231 0.002930 0.998299 -1.422300 0.000000 0.000000 0.000000 1.000000
0.994710 -0.056622 0.085706 -0.000100 0.056224 0.998393 0.007042 11.645400 -0.085967 -0.002186 0.996296 -1.422300 0.000000 0.000000 0.000000 1.000000
0.992773 -0.050337 0.108936 -0.000100 0.049514 0.998721 0.010253 11.645400 -0.109313 -0.004785 0.993996 -1.422300 0.000000 0.000000 0.000000 1.000000
0.991487 -0.037365 0.124730 -0.000100 0.036323 0.999284 0.010621 11.645400 -0.125037 -0.006000 0.992134 -1.422300 0.000000 0.000000 0.000000 1.000000
0.991112 -0.025074 0.130649 -0.000100 0.024208 0.999673 0.008217 11.645400 -0.130812 -0.004981 0.991395 -1.422300 0.000000 0.000000 0.000000 1.000000
0.992324 -0.020551 0.121943 -0.000100 0.020587 0.999788 0.000969 11.645400 -0.121937 0.001549 0.992537 -1.422300 0.000000 0.000000 0.000000 1.000000
0.995212 -0.025531 0.094352 -0.000100 0.026901 0.999550 -0.013283 11.645400 -0.093970 0.015757 0.995450 -1.422300 0.000000 0.000000 0.000000 1.000000
0.998012 -0.039130 0.049395 -0.000100 0.040811 0.998606 -0.033485 11.645400 -0.048016 0.035434 0.998218 -1.422300 0.000000 0.000000 0.000000 1.000000
0.998110 -0.061198 -0.005576 -0.000100 0.060778 0.996492 -0.057522 11.645400 0.009077 0.057075 0.998329 -1.422300 0.000000 0.000000 0.000000 1.000000
0.994001 -0.090392 -0.061568 -0.000100 0.084909 0.992627 -0.086494 11.645400 0.068933 0.080748 0.994348 -1.422300 0.000000 0.000000 0.000000 1.000000
0.986574 -0.121001 -0.109679 -0.000100 0.107385 0.986636 -0.122546 11.645400 0.123042 0.109123 0.986384 -1.422300 0.000000 0.000000 0.000000 1.000000
0.979401 -0.143854 -0.141705 -0.000100 0.120569 0.979547 -0.161090 11.645400 0.161980 0.140687 0.976714 -1.422300 0.000000 0.000000 0.000000 1.000000
0.976010 -0.153261 -0.154646 -0.000100 0.122528 0.973767 -0.191743 11.645400 0.179976 0.168194 0.969185 -1.422300 0.000000 0.000000 0.000000 1.000000
0.976455 -0.150510 -0.154541 -0.000100 0.116524 0.970881 -0.209315 11.645400 0.181545 0.186378 0.965559 -1.422300 0.000000 0.000000 0.000000 1.000000
0.978023 -0.141812 -0.152838 -0.000100 0.106579 0.970089 -0.218100 11.645400 0.179196 0.197017 0.963884 -1.422300 0.000000 0.000000 0.000000 1.000000
0.978432 -0.134879 -0.156457 -0.000100 0.097574 0.969352 -0.225467 11.645400 0.182073 0.205338 0.961606 -1.422300 0.000000 0.000000 0.000000 1.000000
0.977617 -0.134601 -0.161704 -0.000100 0.094801 0.967948 -0.232573 11.645400 0.187826 0.212038 0.959042 -1.422300 0.000000 0.000000 0.000000 1.000000
0.977471 -0.137998 -0.159712 -0.000100 0.098673 0.967652 -0.232192 11.645400 0.186588 0.211202 0.959468 -1.422300 0.000000 0.000000 0.000000 1.000000
0.979913 -0.135310 -0.146497 -0.000100 0.101968 0.971267 -0.215042 11.645400 0.171385 0.195784 0.965555 -1.422300 0.000000 0.000000 0.000000 1.000000
0.985036 -0.119000 -0.124670 -0.000100 0.095665 0.979219 -0.178827 11.645400 0.143359 0.164224 0.975950 -1.422300 0.000000 0.000000 0.000000 1.000000
0.990950 -0.091594 -0.098123 -0.000100 0.078251 0.988140 -0.132125 11.645400 0.109061 0.123251 0.986364 -1.422300 0.000000 0.000000 0.000000 1.000000
0.995428 -0.064237 -0.070688 -0.000100 0.057836 0.994337 -0.089159 11.645400 0.076015 0.084663 0.993506 -1.422300 0.000000 0.000000 0.000000 1.000000
0.997771 -0.046500 -0.047872 -0.000100 0.043600 0.997250 -0.059928 11.645400 0.050527 0.057707 0.997054 -1.422300 0.000000 0.000000 0.000000 1.000000
0.998699 -0.038157 -0.033840 -0.000100 0.036631 0.998333 -0.044613 11.645400 0.035486 0.043316 0.998431 -1.422300 0.000000 0.000000 0.000000 1.000000
0.999154 -0.031781 -0.026109 -0.000100 0.030823 0.998865 -0.036308 11.645400 0.027234 0.035472 0.999000 -1.422300 0.000000 0.000000 0.000000 1.000000
0.999631 -0.022313 -0.015475 -0.000100 0.021865 0.999353 -0.028555 11.645400 0.016103 0.028206 0.999472 -1.422300 0.000000 0.000000 0.000000 1.000000
0.999896 -0.012695 0.006868 -0.000100 0.012832 0.999709 -0.020418 11.645400 -0.006607 0.020504 0.999768 -1.422300 0.000000 0.000000 0.000000 1.000000
0.999127 -0.009685 0.040643 -0.000100 0.010288 0.999840 -0.014638 11.645400 -0.040495 0.015044 0.999067 -1.422300 0.000000 0.000000 0.000000 1.000000
0.997048 -0.015471 0.075212 -0.000100 0.016511 0.999776 -0.013217 11.645400 -0.074990 0.014420 0.997080 -1.422300 0.000000 0.000000 0.000000 1.000000
0.994881 -0.027097 0.097358 -0.000100 0.028703 0.999473 -0.015137 11.645400 -0.096896 0.017854 0.995134 -1.422300 0.000000 0.000000 0.000000 1.000000
0.994186 -0.039073 0.100335 -0.000100 0.041240 0.998957 -0.019616 11.645400 -0.099464 0.023640 0.994760 -1.422300 0.000000 0.000000 0.000000 1.000000
0.995054 -0.048147 0.086888 -0.000100 0.050557 0.998389 -0.025750 11.645400 -0.085509 0.030015 0.995885 -1.422300 0.000000 0.000000 0.000000 1.000000
0.996354 -0.054106 0.065961 -0.000100 0.056267 0.997923 -0.031363 11.645400 -0.064127 0.034960 0.997329 -1.422300 0.000000 0.000000 0.000000 1.000000
0.997268 -0.056985 0.047012 -0.000100 0.058640 0.997679 -0.034600 11.645400 -0.044931 0.037262 0.998295 -1.422300 0.000000 0.000000 0.000000 1.000000
0.997718 -0.057548 0.035318 -0.000100 0.058768 0.997673 -0.034554 11.645400 -0.033248 0.036551 0.998779 -1.422300 0.000000 0.000000 0.000000 1.000000
0.997906 -0.057052 0.030464 -0.000100 0.058021 0.997805 -0.031917 11.645400 -0.028576 0.033618 0.999026 -1.422300 0.000000 0.000000 0.000000 1.000000
0.997976 -0.056866 0.028468 -0.000100 0.057672 0.997933 -0.028343 11.645400 -0.026797 0.029927 0.999193 -1.422300 0.000000 0.000000 0.000000 1.000000
0.998581 -0.045595 0.027514 -0.000100 0.046363 0.998533 -0.027968 11.645400 -0.026198 0.029204 0.999230 -1.422300 0.000000 0.000000 0.000000 1.000000
0.999205 -0.029420 0.026915 -0.000100 0.030197 0.999125 -0.028951 11.645400 -0.026040 0.029741 0.999218 -1.422300 0.000000 0.000000 0.000000 1.000000
0.999563 -0.013543 0.026290 -0.000100 0.014327 0.999451 -0.029870 11.645400 -0.025871 0.030233 0.999208 -1.422300 0.000000 0.000000 0.000000 1.000000</float_array><technique_common><accessor source="#mixamorig_Spine1-Matrix-animation-output-transform-array" count="46" stride="16"><param type="float4x4"/></accessor></technique_common></source><source id="mixamorig_Spine1-Interpolations"><Name_array id="mixamorig_Spine1-Interpolations-array" count="46">
 LINEAR LINEAR LINEAR LINEAR LINEAR LINEAR LINEAR LINEAR LINEAR LINEAR LINEAR
LINEAR LINEAR LINEAR LINEAR LINEAR LINEAR LINEAR LINEAR LINEAR LINEAR LINEAR LINEAR
LINEAR LINEAR LINEAR LINEAR LINEAR LINEAR LINEAR LINEAR LINEAR LINEAR LINEAR LINEAR
LINEAR LINEAR LINEAR LINEAR LINEAR LINEAR LINEAR LINEAR LINEAR LINEAR LINEAR</Name_array><technique_common><accessor source="#mixamorig_Spine1-Interpolations-array" count="46"><param type="name"/></accessor></technique_common></source><sampler id="mixamorig_Spine1-Matrix-animation-transform"><input semantic="INPUT" source="#mixamorig_Spine1-Matrix-animation-input"/><input semantic="OUTPUT" source="#mixamorig_Spine1-Matrix-animation-output-transform"/><input semantic="INTERPOLATION" source="#mixamorig_Spine1-Interpolations"/></sampler><channel source="#mixamorig_Spine1-Matrix-animation-transform" target="mixamorig_Spine1/matrix"/></animation>
    <animation id="mixamorig_Spine2-anim" name="mixamorig_Spine2"><source id="mixamorig_Spine2-Matrix-animation-input"><float_array id="mixamorig_Spine2-Matrix-animation-input-array" count="46">

0.000000 0.033333 0.066667 0.100000 0.133333 0.166667 0.200000 0.233333 0.266667 0.300000 0.333333 0.366667 0.400000 0.433333 0.466667 0.500000
0.533333 0.566667 0.600000 0.633333 0.666667 0.700000 0.733333 0.766667 0.800000 0.833333 0.866667 0.900000 0.933333 0.966667 1.000000 1.033333
1.066667 1.100000 1.133333 1.166667 1.200000 1.233333 1.266667 1.300000 1.333333 1.366667 1.400000 1.433333 1.466667 1.500000</float_array><technique_common><accessor source="#mixamorig_Spine2-Matrix-animation-input-array" count="46"><param name="TIME" type="float"/></accessor></technique_common></source><source id="mixamorig_Spine2-Matrix-animation-output-transform"><float_array id="mixamorig_Spine2-Matrix-animation-output-transform-array" count="736">

0.999565 -0.013569 0.026198 0.000100 0.014352 0.999449 -0.029943 13.360200 -0.025777 0.030306 0.999208 -1.626500 0.000000 0.000000 0.000000 1.000000
0.999610 -0.015410 0.023284 0.000100 0.016129 0.999388 -0.031039 13.360200 -0.022792 0.031402 0.999247 -1.626500 0.000000 0.000000 0.000000 1.000000
0.999627 -0.019960 0.018614 0.000100 0.020518 0.999331 -0.030273 13.360200 -0.017998 0.030644 0.999368 -1.626500 0.000000 0.000000 0.000000 1.000000
0.999499 -0.027785 0.015172 0.000100 0.028180 0.999252 -0.026494 13.360200 -0.014425 0.026909 0.999534 -1.626500 0.000000 0.000000 0.000000 1.000000
0.999116 -0.037652 0.018711 0.000100 0.038008 0.999096 -0.019065 13.360200 -0.017976 0.019759 0.999643 -1.626500 0.000000 0.000000 0.000000 1.000000
0.998311 -0.047326 0.033683 0.000100 0.047652 0.998824 -0.008948 13.360200 -0.033220 0.010538 0.999393 -1.626500 0.000000 0.000000 0.000000 1.000000
0.996801 -0.054591 0.058373 0.000100 0.054615 0.998507 0.001187 13.360200 -0.058351 0.002005 0.998294 -1.626500 0.000000 0.000000 0.000000 1.000000
0.994720 -0.056451 0.085710 0.000100 0.055922 0.998398 0.008565 13.360200 -0.086057 -0.003727 0.996283 -1.626500 0.000000 0.000000 0.000000 1.000000
0.992789 -0.050073 0.108918 0.000100 0.049038 0.998723 0.012166 13.360200 -0.109388 -0.006737 0.993976 -1.626500 0.000000 0.000000 0.000000 1.000000
0.991499 -0.037071 0.124724 0.000100 0.035791 0.999281 0.012489 13.360200 -0.125097 -0.007919 0.992113 -1.626500 0.000000 0.000000 0.000000 1.000000
0.991119 -0.024802 0.130647 0.000100 0.023744 0.999672 0.009647 13.360200 -0.130843 -0.006459 0.991382 -1.626500 0.000000 0.000000 0.000000 1.000000
0.992331 -0.020300 0.121933 0.000100 0.020231 0.999794 0.001800 13.360200 -0.121944 0.000680 0.992537 -1.626500 0.000000 0.000000 0.000000 1.000000
0.995213 -0.025298 0.094400 0.000100 0.026642 0.999560 -0.013005 13.360200 -0.094030 0.015458 0.995449 -1.626500 0.000000 0.000000 0.000000 1.000000
0.998009 -0.038942 0.049610 0.000100 0.040635 0.998609 -0.033592 13.360200 -0.048233 0.035541 0.998204 -1.626500 0.000000 0.000000 0.000000 1.000000
0.998115 -0.061152 -0.005244 0.000100 0.060749 0.996481 -0.057754 13.360200 0.008757 0.057327 0.998317 -1.626500 0.000000 0.000000 0.000000 1.000000
0.993995 -0.090530 -0.061469 0.000100 0.085055 0.992615 -0.086491 13.360200 0.068845 0.080744 0.994354 -1.626500 0.000000 0.000000 0.000000 1.000000
0.986505 -0.121101 -0.110192 0.000100 0.107494 0.986690 -0.122016 13.360200 0.123502 0.108525 0.986392 -1.626500 0.000000 0.000000 0.000000 1.000000
0.979310 -0.143611 -0.142572 0.000100 0.120350 0.979722 -0.160189 13.360200 0.162686 0.139716 0.976736 -1.626500 0.000000 0.000000 0.000000 1.000000
0.976122 -0.152654 -0.154540 0.000100 0.121979 0.973876 -0.191536 13.360200 0.179741 0.168112 0.969243 -1.626500 0.000000 0.000000 0.000000 1.000000
0.976960 -0.149749 -0.152065 0.000100 0.115899 0.970555 -0.211164 13.360200 0.179209 0.188675 0.965550 -1.626500 0.000000 0.000000 0.000000 1.000000
0.978826 -0.141347 -0.148055 0.000100 0.106358 0.969199 -0.222130 13.360200 0.174892 0.201680 0.963711 -1.626500 0.000000 0.000000 0.000000 1.000000
0.979262 -0.135069 -0.151005 0.000100 0.098039 0.968185 -0.230229 13.360200 0.177298 0.210650 0.961349 -1.626500 0.000000 0.000000 0.000000 1.000000
0.978229 -0.135158 -0.157483 0.000100 0.095562 0.966971 -0.236295 13.360200 0.184218 0.216102 0.958835 -1.626500 0.000000 0.000000 0.000000 1.000000
0.977765 -0.138266 -0.157665 0.000100 0.099021 0.967161 -0.234081 13.360200 0.184853 0.213264 0.959348 -1.626500 0.000000 0.000000 0.000000 1.000000
0.979982 -0.135026 -0.146298 0.000100 0.101651 0.971206 -0.215467 13.360200 0.171179 0.196283 0.965490 -1.626500 0.000000 0.000000 0.000000 1.000000
0.985022 -0.118465 -0.125292 0.000100 0.095061 0.979319 -0.178602 13.360200 0.143859 0.164016 0.975912 -1.626500 0.000000 0.000000 0.000000 1.000000
0.990920 -0.091221 -0.098773 0.000100 0.077834 0.988216 -0.131797 13.360200 0.109632 0.122913 0.986343 -1.626500 0.000000 0.000000 0.000000 1.000000
0.995400 -0.064143 -0.071170 0.000100 0.057723 0.994370 -0.088862 13.360200 0.076469 0.084345 0.993498 -1.626500 0.000000 0.000000 0.000000 1.000000
0.997749 -0.046538 -0.048274 0.000100 0.043631 0.997267 -0.059622 13.360200 0.050917 0.057381 0.997053 -1.626500 0.000000 0.000000 0.000000 1.000000
0.998685 -0.038188 -0.034195 0.000100 0.036657 0.998345 -0.044313 13.360200 0.035831 0.043001 0.998432 -1.626500 0.000000 0.000000 0.000000 1.000000
0.999146 -0.031792 -0.026375 0.000100 0.030830 0.998873 -0.036092 13.360200 0.027493 0.035248 0.999000 -1.626500 0.000000 0.000000 0.000000 1.000000
0.999628 -0.022331 -0.015641 0.000100 0.021879 0.999355 -0.028489 13.360200 0.016267 0.028137 0.999472 -1.626500 0.000000 0.000000 0.000000 1.000000
0.999896 -0.012702 0.006773 0.000100 0.012839 0.999708 -0.020489 13.360200 -0.006510 0.020574 0.999767 -1.626500 0.000000 0.000000 0.000000 1.000000
0.999129 -0.009655 0.040595 0.000100 0.010261 0.999839 -0.014740 13.360200 -0.040446 0.015143 0.999067 -1.626500 0.000000 0.000000 0.000000 1.000000
0.997049 -0.015448 0.075198 0.000100 0.016488 0.999777 -0.013228 13.360200 -0.074977 0.014429 0.997081 -1.626500 0.000000 0.000000 0.000000 1.000000
0.994877 -0.027094 0.097394 0.000100 0.028681 0.999477 -0.014930 13.360200 -0.096939 0.017647 0.995134 -1.626500 0.000000 0.000000 0.000000 1.000000
0.994175 -0.039057 0.100452 0.000100 0.041181 0.998968 -0.019164 13.360200 -0.099600 0.023189 0.994757 -1.626500 0.000000 0.000000 0.000000 1.000000
0.995038 -0.048120 0.087090 0.000100 0.050487 0.998407 -0.025189 13.360200 -0.085739 0.029461 0.995882 -1.626500 0.000000 0.000000 0.000000 1.000000
0.996339 -0.054076 0.066218 0.000100 0.056214 0.997942 -0.030857 13.360200 -0.064413 0.034466 0.997328 -1.626500 0.000000 0.000000 0.000000 1.000000
0.997256 -0.056966 0.047275 0.000100 0.058614 0.997693 -0.034240 13.360200 -0.045216 0.036917 0.998295 -1.626500 0.000000 0.000000 0.000000 1.000000
0.997709 -0.057536 0.035573 0.000100 0.058758 0.997682 -0.034311 13.360200 -0.033516 0.036323 0.998778 -1.626500 0.000000 0.000000 0.000000 1.000000
0.997900 -0.057045 0.030694 0.000100 0.058016 0.997811 -0.031726 13.360200 -0.028817 0.033440 0.999025 -1.626500 0.000000 0.000000 0.000000 1.000000
0.997971 -0.056859 0.028662 0.000100 0.057666 0.997939 -0.028166 13.360200 -0.027002 0.029762 0.999192 -1.626500 0.000000 0.000000 0.000000 1.000000
0.998578 -0.045592 0.027626 0.000100 0.046361 0.998536 -0.027862 13.360200 -0.026315 0.029103 0.999230 -1.626500 0.000000 0.000000 0.000000 1.000000
0.999204 -0.029422 0.026921 0.000100 0.030200 0.999125 -0.028940 13.360200 -0.026046 0.029730 0.999219 -1.626500 0.000000 0.000000 0.000000 1.000000
0.999565 -0.013550 0.026197 0.000100 0.014334 0.999449 -0.029943 13.360200 -0.025777 0.030305 0.999208 -1.626500 0.000000 0.000000 0.000000 1.000000</float_array><technique_common><accessor source="#mixamorig_Spine2-Matrix-animation-output-transform-array" count="46" stride="16"><param type="float4x4"/></accessor></technique_common></source><source id="mixamorig_Spine2-Interpolations"><Name_array id="mixamorig_Spine2-Interpolations-array" count="46">
 LINEAR LINEAR LINEAR LINEAR LINEAR LINEAR LINEAR LINEAR LINEAR LINEAR LINEAR
LINEAR LINEAR LINEAR LINEAR LINEAR LINEAR LINEAR LINEAR LINEAR LINEAR LINEAR LINEAR
LINEAR LINEAR LINEAR LINEAR LINEAR LINEAR LINEAR LINEAR LINEAR LINEAR LINEAR LINEAR
LINEAR LINEAR LINEAR LINEAR LINEAR LINEAR LINEAR LINEAR LINEAR LINEAR LINEAR</Name_array><technique_common><accessor source="#mixamorig_Spine2-Interpolations-array" count="46"><param type="name"/></accessor></technique_common></source><sampler id="mixamorig_Spine2-Matrix-animation-transform"><input semantic="INPUT" source="#mixamorig_Spine2-Matrix-animation-input"/><input semantic="OUTPUT" source="#mixamorig_Spine2-Matrix-animation-output-transform"/><input semantic="INTERPOLATION" source="#mixamorig_Spine2-Interpolations"/></sampler><channel source="#mixamorig_Spine2-Matrix-animation-transform" target="mixamorig_Spine2/matrix"/></animation>
    <animation id="mixamorig_Neck-anim" name="mixamorig_Neck"><source id="mixamorig_Neck-Matrix-animation-input"><float_array id="mixamorig_Neck-Matrix-animation-input-array" count="46">

0.000000 0.033333 0.066667 0.100000 0.133333 0.166667 0.200000 0.233333 0.266667 0.300000 0.333333 0.366667 0.400000 0.433333 0.466667 0.500000
0.533333 0.566667 0.600000 0.633333 0.666667 0.700000 0.733333 0.766667 0.800000 0.833333 0.866667 0.900000 0.933333 0.966667 1.000000 1.033333
1.066667 1.100000 1.133333 1.166667 1.200000 1.233333 1.266667 1.300000 1.333333 1.366667 1.400000 1.433333 1.466667 1.500000</float_array><technique_common><accessor source="#mixamorig_Neck-Matrix-animation-input-array" count="46"><param name="TIME" type="float"/></accessor></technique_common></source><source id="mixamorig_Neck-Matrix-animation-output-transform"><float_array id="mixamorig_Neck-Matrix-animation-output-transform-array" count="736">

0.990372 0.093785 0.101822 -0.000000 -0.074693 0.981309 -0.177353 15.032500 -0.116552 0.168040 0.978866 0.792900 0.000000 0.000000 0.000000 1.000000
0.990088 0.094334 0.104052 0.000000 -0.076280 0.983242 -0.165581 15.032500 -0.117929 0.156003 0.980692 0.792900 0.000000 0.000000 0.000000 1.000000
0.990053 0.093095 0.105493 0.000000 -0.076967 0.986018 -0.147801 15.032500 -0.117778 0.138212 0.983375 0.792900 0.000000 0.000000 0.000000 1.000000
0.991049 0.085592 0.102453 0.000000 -0.072163 0.989109 -0.128281 15.032500 -0.112317 0.119739 0.986432 0.792900 0.000000 0.000000 0.000000 1.000000
0.993441 0.068936 0.091229 0.000000 -0.058581 0.992015 -0.111685 15.032500 -0.098199 0.105608 0.989547 0.792900 0.000000 0.000000 0.000000 1.000000
0.996412 0.045933 0.071089 0.000000 -0.038779 0.994338 -0.098932 15.032500 -0.075230 0.095820 0.992552 0.792900 0.000000 0.000000 0.000000 1.000000
0.998693 0.024584 0.044808 0.000000 -0.020643 0.996048 -0.086384 15.032500 -0.046755 0.085347 0.995254 0.792900 0.000000 0.000000 0.000000 1.000000
0.999791 0.011655 0.016770 -0.000000 -0.010429 0.997390 -0.071442 15.032500 -0.017559 0.071252 0.997304 0.792900 0.000000 0.000000 0.000000 1.000000
0.999941 0.006645 -0.008612 0.000000 -0.007134 0.998287 -0.058077 15.032500 0.008211 0.058135 0.998275 0.792900 0.000000 0.000000 0.000000 1.000000
0.999607 0.003181 -0.027868 -0.000000 -0.004701 0.998496 -0.054628 15.032500 0.027653 0.054738 0.998118 0.792900 0.000000 0.000000 0.000000 1.000000
0.999223 -0.004515 -0.039148 -0.000000 0.001926 0.997822 -0.065942 15.032500 0.039360 0.065816 0.997055 0.792900 0.000000 0.000000 0.000000 1.000000
0.998932 -0.017924 -0.042580 0.000000 0.014040 0.995859 -0.089818 15.032500 0.044013 0.089124 0.995048 0.792900 0.000000 0.000000 0.000000 1.000000
0.998588 -0.035012 -0.039940 -0.000000 0.029945 0.992192 -0.121070 15.032500 0.043867 0.119703 0.991840 0.792900 0.000000 0.000000 0.000000 1.000000
0.998135 -0.051425 -0.032893 0.000000 0.045696 0.986701 -0.155988 15.032500 0.040477 0.154194 0.987211 0.792900 0.000000 0.000000 0.000000 1.000000
0.997883 -0.061331 -0.021622 -0.000000 0.056068 0.979842 -0.191745 15.032500 0.032947 0.190127 0.981206 0.792900 0.000000 0.000000 0.000000 1.000000
0.998136 -0.060771 -0.005683 0.000000 0.057950 0.972780 -0.224369 15.032500 0.019163 0.223621 0.974488 0.792900 0.000000 0.000000 0.000000 1.000000
0.998561 -0.051604 0.014620 0.000000 0.053620 0.966789 -0.249887 15.032500 -0.001239 0.250311 0.968165 0.792900 0.000000 0.000000 0.000000 1.000000
