<?xml version="1.0" encoding="utf-8"?>
<COLLADA xmlns="http://www.collada.org/2005/11/COLLADASchema" version="1.4.1">
  <asset><contributor><author>Mixamo</author><authoring_tool>COLLADA Mixamo exporter</authoring_tool><comments></comments></contributor><created>2018-10-16T10:19:16Z</created><modified>2018-10-16T10:19:16Z</modified><revision></revision><title></title><unit meter="0.010000"/><up_axis>Y_UP</up_axis></asset>
  <library_animations>
    <animation id="mixamorig_Hips-anim" name="mixamorig_Hips"><source id="mixamorig_Hips-Matrix-animation-input"><float_array id="mixamorig_Hips-Matrix-animation-input-array" count="25">

0.000000 0.033333 0.066667 0.100000 0.133333 0.166667 0.200000 0.233333 0.266667 0.300000 0.333333 0.366667 0.400000 0.433333 0.466667 0.500000
0.533333 0.566667 0.600000 0.633333 0.666667 0.700000 0.733333 0.766667 0.800000</float_array><technique_common><accessor source="#mixamorig_Hips-Matrix-animation-input-array" count="25"><param name="TIME" type="float"/></accessor></technique_common></source><source id="mixamorig_Hips-Matrix-animation-output-transform"><float_array id="mixamorig_Hips-Matrix-animation-output-transform-array" count="400">

0.691439 0.000585 -0.722434 0.059007 0.067129 0.995621 0.065055 85.218582 0.719309 -0.093478 0.688372 -0.377488 0.000000 0.000000 0.000000 1.000000
0.694254 -0.006686 -0.719699 2.882900 0.074873 0.995202 0.062980 85.508621 0.715825 -0.097610 0.691424 -0.468272 0.000000 0.000000 0.000000 1.000000
0.684159 -0.009485 -0.729271 5.643917 0.073504 0.995721 0.056007 86.385094 0.725619 -0.091922 0.681929 -1.128896 0.000000 0.000000 0.000000 1.000000
0.664846 -0.009914 -0.746915 8.396969 0.067599 0.996608 0.046943 87.424339 0.743915 -0.081701 0.663261 -2.227931 0.000000 0.000000 0.000000 1.000000
0.642927 -0.006949 -0.765896 11.265957 0.058785 0.997457 0.040298 88.043785 0.763668 -0.070932 0.641701 -3.537282 0.000000 0.000000 0.000000 1.000000
0.622970 0.000399 -0.782246 14.225740 0.047347 0.998147 0.038215 87.865913 0.780812 -0.060844 0.621796 -4.838080 0.000000 0.000000 0.000000 1.000000
0.604387 0.010965 -0.796615 17.196920 0.035034 0.998572 0.040325 86.876686 0.795920 -0.052280 0.603140 -5.941329 0.000000 0.000000 0.000000 1.000000
0.586038 0.021329 -0.810003 20.203184 0.025245 0.998688 0.044562 85.261002 0.809890 -0.046563 0.584730 -6.696471 0.000000 0.000000 0.000000 1.000000
0.570820 0.028318 -0.820587 23.307772 0.021820 0.998529 0.049637 83.504539 0.820785 -0.046239 0.569362 -6.993654 0.000000 0.000000 0.000000 1.000000
0.562570 0.031605 -0.826145 26.490690 0.024143 0.998215 0.054627 82.176910 0.826397 -0.050677 0.560803 -6.875871 0.000000 0.000000 0.000000 1.000000
0.558440 0.034308 -0.828835 29.518377 0.024197 0.998046 0.057615 81.695152 0.829192 -0.052230 0.556518 -6.576161 0.000000 0.000000 0.000000 1.000000
0.548732 0.042961 -0.834894 32.266697 0.009776 0.998281 0.057793 82.088257 0.835941 -0.039875 0.547368 -6.052555 0.000000 0.000000 0.000000 1.000000
0.527058 0.057092 -0.847909 34.630653 -0.017986 0.998267 0.056036 83.225433 0.849639 -0.014283 0.527172 -5.353632 0.000000 0.000000 0.000000 1.000000
0.500067 0.070787 -0.863089 36.674835 -0.048423 0.997380 0.053745 84.835121 0.864632 0.014917 0.502185 -4.674795 0.000000 0.000000 0.000000 1.000000
0.484024 0.082493 -0.871158 38.584057 -0.075683 0.995762 0.052242 86.623985 0.871776 0.040645 0.488216 -4.048679 0.000000 0.000000 0.000000 1.000000
0.487007 0.094382 -0.868284 40.410355 -0.099280 0.993683 0.052328 88.297821 0.867737 0.060719 0.493301 -3.449242 0.000000 0.000000 0.000000 1.000000
0.504179 0.106498 -0.857008 42.070724 -0.117047 0.991637 0.054370 89.634895 0.855631 0.072898 0.512427 -2.855497 0.000000 0.000000 0.000000 1.000000
0.527027 0.115991 -0.841896 43.530640 -0.124404 0.990500 0.058587 90.470154 0.840694 0.073858 0.536451 -2.280264 0.000000 0.000000 0.000000 1.000000
0.551933 0.117254 -0.825604 44.783192 -0.116555 0.991193 0.062852 90.649590 0.825703 0.061538 0.560739 -1.741970 0.000000 0.000000 0.000000 1.000000
0.579675 0.107000 -0.807792 45.802898 -0.093798 0.993513 0.064290 90.143166 0.809431 0.038502 0.585951 -1.278995 0.000000 0.000000 0.000000 1.000000
0.610011 0.086990 -0.787604 46.665745 -0.061823 0.996151 0.062141 89.050728 0.789978 0.010785 0.613040 -0.911181 0.000000 0.000000 0.000000 1.000000
0.639812 0.061643 -0.766055 47.553192 -0.026064 0.997945 0.058533 87.634491 0.768089 -0.017483 0.640104 -0.644583 0.000000 0.000000 0.000000 1.000000
0.664779 0.036784 -0.746134 48.742393 0.009632 0.998282 0.057797 86.260376 0.746978 -0.045609 0.663282 -0.468269 0.000000 0.000000 0.000000 1.000000
0.682058 0.015963 -0.731124 50.377644 0.042255 0.997231 0.061192 85.367844 0.730076 -0.072630 0.679495 -0.383335 0.000000 0.000000 0.000000 1.000000
0.691439 0.000585 -0.722434 52.306347 0.067129 0.995621 0.065055 85.218575 0.719309 -0.093478 0.688372 -0.377486 0.000000 0.000000 0.000000 1.000000</float_array><technique_common><accessor source="#mixamorig_Hips-Matrix-animation-output-transform-array" count="25" stride="16"><param type="float4x4"/></accessor></technique_common></source><source id="mixamorig_Hips-Interpolations"><Name_array id="mixamorig_Hips-Interpolations-array" count="25">
 LINEAR LINEAR LINEAR LINEAR LINEAR LINEAR LINEAR LINEAR LINEAR LINEAR LINEAR
LINEAR LINEAR LINEAR LINEAR LINEAR LINEAR LINEAR LINEAR LINEAR LINEAR LINEAR LINEAR
LINEAR LINEAR</Name_array><technique_common><accessor source="#mixamorig_Hips-Interpolations-array" count="25"><param type="name"/></accessor></technique_common></source><sampler id="mixamorig_Hips-Matrix-animation-transform"><input semantic="INPUT" source="#mixamorig_Hips-Matrix-animation-input"/><input semantic="OUTPUT" source="#mixamorig_Hips-Matrix-animation-output-transform"/><input semantic="INTERPOLATION" source="#mixamorig_Hips-Interpolations"/></sampler><channel source="#mixamorig_Hips-Matrix-animation-transform" target="mixamorig_Hips/matrix"/></animation>
    <animation id="mixamorig_Spine-anim" name="mixamorig_Spine"><source id="mixamorig_Spine-Matrix-animation-input"><float_array id="mixamorig_Spine-Matrix-animation-input-array" count="25">

0.000000 0.033333 0.066667 0.100000 0.133333 0.166667 0.200000 0.233333 0.266667 0.300000 0.333333 0.366667 0.400000 0.433333 0.466667 0.500000
0.533333 0.566667 0.600000 0.633333 0.666667 0.700000 0.733333 0.766667 0.800000</float_array><technique_common><accessor source="#mixamorig_Spine-Matrix-animation-input-array" count="25"><param name="TIME" type="float"/></accessor></technique_common></source><source id="mixamorig_Spine-Matrix-animation-output-transform"><float_array id="mixamorig_Spine-Matrix-animation-output-transform-array" count="400">

0.991655 0.031373 0.125044 -0.000000 -0.010612 0.986511 -0.163353 9.923500 -0.128482 0.160663 0.978611 -1.227300 0.000000 0.000000 0.000000 1.000000
0.992123 0.019887 0.123683 0.000000 -0.000569 0.988024 -0.154301 9.923500 -0.125270 0.153015 0.980252 -1.227300 0.000000 0.000000 0.000000 1.000000
0.992611 0.025114 0.118709 0.000000 -0.007861 0.989601 -0.143625 9.923500 -0.121082 0.141631 0.982487 -1.227300 0.000000 0.000000 0.000000 1.000000
0.992503 0.044326 0.113903 0.000000 -0.028751 0.990440 -0.134911 9.923500 -0.118794 0.130625 0.984289 -1.227300 0.000000 0.000000 0.000000 1.000000
0.991436 0.066588 0.112342 0.000000 -0.052095 0.990489 -0.127348 9.923500 -0.119753 0.120405 0.985475 -1.227300 0.000000 0.000000 0.000000 1.000000
0.989900 0.083950 0.114241 0.000000 -0.070238 0.990386 -0.119175 9.923500 -0.123148 0.109947 0.986279 -1.227300 0.000000 0.000000 0.000000 1.000000
0.988419 0.095893 0.117609 0.000000 -0.083079 0.990520 -0.109403 9.923500 -0.126985 0.098365 0.987015 -1.227300 0.000000 0.000000 0.000000 1.000000
0.987089 0.106052 0.120031 0.000000 -0.094255 0.990510 -0.100029 9.923500 -0.129500 0.087424 0.987718 -1.227300 0.000000 0.000000 0.000000 1.000000
0.985589 0.118361 0.120855 0.000000 -0.107001 0.989562 -0.096528 9.923500 -0.131019 0.082205 0.987966 -1.227300 0.000000 0.000000 0.000000 1.000000
0.983651 0.133333 0.121050 0.000000 -0.120998 0.987178 -0.104114 9.923500 -0.133380 0.087765 0.987171 -1.227300 0.000000 0.000000 0.000000 1.000000
0.981473 0.147032 0.122854 0.000000 -0.132394 0.983922 -0.119872 9.923500 -0.138504 0.101386 0.985159 -1.227300 0.000000 0.000000 0.000000 1.000000
0.979999 0.151646 0.128865 0.000000 -0.134478 0.981967 -0.132876 9.923500 -0.146692 0.112889 0.982719 -1.227300 0.000000 0.000000 0.000000 1.000000
0.979228 0.148903 0.137622 0.000000 -0.129932 0.981891 -0.137868 9.923500 -0.155658 0.117123 0.980843 -1.227300 0.000000 0.000000 0.000000 1.000000
0.979087 0.143128 0.144576 -0.000000 -0.122981 0.982509 -0.139828 9.923500 -0.162060 0.119124 0.979564 -1.227300 0.000000 0.000000 0.000000 1.000000
0.980294 0.132874 0.146177 0.000000 -0.111794 0.983237 -0.144041 9.923500 -0.162866 0.124861 0.978716 -1.227300 0.000000 0.000000 0.000000 1.000000
0.983110 0.116348 0.141271 -0.000000 -0.095022 0.984213 -0.149320 9.923500 -0.156414 0.133374 0.978645 -1.227300 0.000000 0.000000 0.000000 1.000000
0.986473 0.097934 0.131454 0.000000 -0.077418 0.985189 -0.152999 9.923500 -0.144491 0.140753 0.979444 -1.227300 0.000000 0.000000 0.000000 1.000000
0.989413 0.081916 0.119799 -0.000000 -0.062780 0.985825 -0.155586 9.923500 -0.130846 0.146418 0.980531 -1.227300 0.000000 0.000000 0.000000 1.000000
0.991689 0.069417 0.108322 0.000000 -0.051739 0.986047 -0.158221 9.923500 -0.117794 0.151302 0.981444 -1.227300 0.000000 0.000000 0.000000 1.000000
0.993361 0.058570 0.099012 0.000000 -0.042116 0.986092 -0.160775 9.923500 -0.107051 0.155538 0.982012 -1.227300 0.000000 0.000000 0.000000 1.000000
0.994318 0.047652 0.095190 0.000000 -0.031795 0.986337 -0.161643 9.923500 -0.101592 0.157698 0.982248 -1.227300 0.000000 0.000000 0.000000 1.000000
0.994269 0.039281 0.099427 -0.000000 -0.022887 0.986697 -0.160950 9.923500 -0.104426 0.157752 0.981942 -1.227300 0.000000 0.000000 0.000000 1.000000
0.993261 0.035091 0.110461 0.000000 -0.016919 0.986755 -0.161332 9.923500 -0.114659 0.158376 0.980699 -1.227300 0.000000 0.000000 0.000000 1.000000
0.992036 0.033213 0.121494 0.000000 -0.013009 0.986466 -0.163446 9.923500 -0.125279 0.160564 0.979043 -1.227300 0.000000 0.000000 0.000000 1.000000
0.991655 0.031373 0.125044 0.000000 -0.010612 0.986511 -0.163353 9.923500 -0.128482 0.160663 0.978611 -1.227300 0.000000 0.000000 0.000000 1.000000</float_array><technique_common><accessor source="#mixamorig_Spine-Matrix-animation-output-transform-array" count="25" stride="16"><param type="float4x4"/></accessor></technique_common></source><source id="mixamorig_Spine-Interpolations"><Name_array id="mixamorig_Spine-Interpolations-array" count="25">
 LINEAR LINEAR LINEAR LINEAR LINEAR LINEAR LINEAR LINEAR LINEAR LINEAR LINEAR
LINEAR LINEAR LINEAR LINEAR LINEAR LINEAR LINEAR LINEAR LINEAR LINEAR LINEAR LINEAR
LINEAR LINEAR</Name_array><technique_common><accessor source="#mixamorig_Spine-Interpolations-array" count="25"><param type="name"/></accessor></technique_common></source><sampler id="mixamorig_Spine-Matrix-animation-transform"><input semantic="INPUT" source="#mixamorig_Spine-Matrix-animation-input"/><input semantic="OUTPUT" source="#mixamorig_Spine-Matrix-animation-output-transform"/><input semantic="INTERPOLATION" source="#mixamorig_Spine-Interpolations"/></sampler><channel source="#mixamorig_Spine-Matrix-animation-transform" target="mixamorig_Spine/matrix"/></animation>
    <animation id="mixamorig_Spine1-anim" name="mixamorig_Spine1"><source id="mixamorig_Spine1-Matrix-animation-input"><float_array id="mixamorig_Spine1-Matrix-animation-input-array" count="25">

0.000000 0.033333 0.066667 0.100000 0.133333 0.166667 0.200000 0.233333 0.266667 0.300000 0.333333 0.366667 0.400000 0.433333 0.466667 0.500000
0.533333 0.566667 0.600000 0.633333 0.666667 0.700000 0.733333 0.766667 0.800000</float_array><technique_common><accessor source="#mixamorig_Spine1-Matrix-animation-input-array" count="25"><param name="TIME" type="float"/></accessor></technique_common></source><source id="mixamorig_Spine1-Matrix-animation-output-transform"><float_array id="mixamorig_Spine1-Matrix-animation-output-transform-array" count="400">

0.999723 0.015978 0.017276 -0.000100 -0.015309 0.999154 -0.038168 11.645400 -0.017871 0.037893 0.999122 -1.422300 0.000000 0.000000 0.000000 1.000000
0.999845 0.010265 0.014276 -0.000100 -0.009801 0.999433 -0.032197 11.645400 -0.014598 0.032052 0.999380 -1.422300 0.000000 0.000000 0.000000 1.000000
0.999868 0.011652 0.011352 -0.000100 -0.011377 0.999646 -0.024060 11.645400 -0.011628 0.023928 0.999646 -1.422300 0.000000 0.000000 0.000000 1.000000
0.999747 0.019894 0.010473 -0.000100 -0.019719 0.999669 -0.016523 11.645400 -0.010799 0.016312 0.999809 -1.422300 0.000000 0.000000 0.000000 1.000000
0.999443 0.031187 0.011866 -0.000100 -0.031075 0.999472 -0.009528 11.645400 -0.012156 0.009154 0.999884 -1.422300 0.000000 0.000000 0.000000 1.000000
0.999051 0.040905 0.014965 -0.000100 -0.040874 0.999162 -0.002326 11.645400 -0.015047 0.001712 0.999885 -1.422300 0.000000 0.000000 0.000000 1.000000
0.998708 0.047332 0.018514 -0.000100 -0.047445 0.998857 0.005718 11.645400 -0.018222 -0.006589 0.999812 -1.422300 0.000000 0.000000 0.000000 1.000000
0.998391 0.052604 0.021185 -0.000100 -0.052897 0.998509 0.013500 11.645400 -0.020444 -0.014599 0.999684 -1.422300 0.000000 0.000000 0.000000 1.000000
0.997930 0.060126 0.022807 -0.000100 -0.060526 0.998017 0.017307 11.645400 -0.021721 -0.018651 0.999590 -1.422300 0.000000 0.000000 0.000000 1.000000
0.997212 0.070581 0.024233 -0.000100 -0.070911 0.997397 0.013055 11.645400 -0.023248 -0.014737 0.999621 -1.422300 0.000000 0.000000 0.000000 1.000000
0.996438 0.079950 0.026836 -0.000100 -0.080039 0.996789 0.002249 11.645400 -0.026570 -0.004389 0.999637 -1.422300 0.000000 0.000000 0.000000 1.000000
0.995995 0.083576 0.031754 -0.000100 -0.083375 0.996489 -0.007613 11.645400 -0.032279 0.004935 0.999467 -1.422300 0.000000 0.000000 0.000000 1.000000
0.995900 0.082146 0.037886 -0.000100 -0.081740 0.996580 -0.012136 11.645400 -0.038753 0.008990 0.999208 -1.422300 0.000000 0.000000 0.000000 1.000000
0.996071 0.077845 0.042231 -0.000100 -0.077298 0.996904 -0.014431 11.645400 -0.043224 0.011110 0.999004 -1.422300 0.000000 0.000000 0.000000 1.000000
0.996630 0.070331 0.042223 -0.000100 -0.069599 0.997402 -0.018572 11.645400 -0.043420 0.015571 0.998936 -1.422300 0.000000 0.000000 0.000000 1.000000
0.997554 0.059346 0.036922 -0.000100 -0.058494 0.998005 -0.023758 11.645400 -0.038258 0.021540 0.999036 -1.422300 0.000000 0.000000 0.000000 1.000000
0.998472 0.047639 0.028006 -0.000100 -0.046868 0.998521 -0.027562 11.645400 -0.029278 0.026207 0.999228 -1.422300 0.000000 0.000000 0.000000 1.000000
0.999113 0.038004 0.018137 -0.000100 -0.037446 0.998842 -0.030205 11.645400 -0.019264 0.029499 0.999379 -1.422300 0.000000 0.000000 0.000000 1.000000
0.999489 0.030763 0.008664 -0.000100 -0.030464 0.998999 -0.032757 11.645400 -0.009663 0.032476 0.999426 -1.422300 0.000000 0.000000 0.000000 1.000000
0.999697 0.024587 0.000685 -0.000100 -0.024548 0.999076 -0.035292 11.645400 -0.001552 0.035265 0.999377 -1.422300 0.000000 0.000000 0.000000 1.000000
0.999823 0.018537 -0.003275 -0.000100 -0.018644 0.999156 -0.036591 11.645400 0.002594 0.036646 0.999325 -1.422300 0.000000 0.000000 0.000000 1.000000
0.999901 0.014067 -0.000837 -0.000100 -0.014088 0.999234 -0.036521 11.645400 0.000322 0.036529 0.999333 -1.422300 0.000000 0.000000 0.000000 1.000000
0.999890 0.013083 0.006940 -0.000100 -0.012819 0.999238 -0.036876 11.645400 -0.007417 0.036783 0.999296 -1.422300 0.000000 0.000000 0.000000 1.000000
0.999785 0.014562 0.014794 -0.000100 -0.013986 0.999169 -0.038291 11.645400 -0.015339 0.038076 0.999157 -1.422300 0.000000 0.000000 0.000000 1.000000
0.999723 0.015978 0.017276 -0.000100 -0.015309 0.999154 -0.038168 11.645400 -0.017871 0.037893 0.999122 -1.422300 0.000000 0.000000 0.000000 1.000000</float_array><technique_common><accessor source="#mixamorig_Spine1-Matrix-animation-output-transform-array" count="25" stride="16"><param type="float4x4"/></accessor></technique_common></source><source id="mixamorig_Spine1-Interpolations"><Name_array id="mixamorig_Spine1-Interpolations-array" count="25">
 LINEAR LINEAR LINEAR LINEAR LINEAR LINEAR LINEAR LINEAR LINEAR LINEAR LINEAR
LINEAR LINEAR LINEAR LINEAR LINEAR LINEAR LINEAR LINEAR LINEAR LINEAR LINEAR LINEAR
LINEAR LINEAR</Name_array><technique_common><accessor source="#mixamorig_Spine1-Interpolations-array" count="25"><param type="name"/></accessor></technique_common></source><sampler id="mixamorig_Spine1-Matrix-animation-transform"><input semantic="INPUT" source="#mixamorig_Spine1-Matrix-animation-input"/><input semantic="OUTPUT" source="#mixamorig_Spine1-Matrix-animation-output-transform"/><input semantic="INTERPOLATION" source="#mixamorig_Spine1-Interpolations"/></sampler><channel source="#mixamorig_Spine1-Matrix-animation-transform" target="mixamorig_Spine1/matrix"/></animation>
    <animation id="mixamorig_Spine2-anim" name="mixamorig_Spine2"><source id="mixamorig_Spine2-Matrix-animation-input"><float_array id="mixamorig_Spine2-Matrix-animation-input-array" count="25">

0.000000 0.033333 0.066667 0.100000 0.133333 0.166667 0.200000 0.233333 0.266667 0.300000 0.333333 0.366667 0.400000 0.433333 0.466667 0.500000
0.533333 0.566667 0.600000 0.633333 0.666667 0.700000 0.733333 0.766667 0.800000</float_array><technique_common><accessor source="#mixamorig_Spine2-Matrix-animation-input-array" count="25"><param name="TIME" type="float"/></accessor></technique_common></source><source id="mixamorig_Spine2-Matrix-animation-output-transform"><float_array id="mixamorig_Spine2-Matrix-animation-output-transform-array" count="400">

0.999731 0.015603 0.017152 0.000100 -0.014935 0.999150 -0.038431 13.360200 -0.017737 0.038165 0.999114 -1.626500 0.000000 0.000000 0.000000 1.000000
0.999849 0.009984 0.014241 0.000100 -0.009517 0.999427 -0.032489 13.360200 -0.014557 0.032349 0.999371 -1.626500 0.000000 0.000000 0.000000 1.000000
0.999875 0.011375 0.010979 0.000100 -0.011104 0.999639 -0.024473 13.360200 -0.011254 0.024348 0.999640 -1.626500 0.000000 0.000000 0.000000 1.000000
0.999762 0.019571 0.009600 0.000100 -0.019405 0.999666 -0.017056 13.360200 -0.009931 0.016866 0.999808 -1.626500 0.000000 0.000000 0.000000 1.000000
0.999468 0.030833 0.010628 0.000100 -0.030725 0.999477 -0.010130 13.360200 -0.010935 0.009798 0.999892 -1.626500 0.000000 0.000000 0.000000 1.000000
0.999086 0.040552 0.013508 0.000100 -0.040515 0.999175 -0.002966 13.360200 -0.013617 0.002416 0.999904 -1.626500 0.000000 0.000000 0.000000 1.000000
0.998752 0.046998 0.016897 0.000100 -0.047089 0.998878 0.005037 13.360200 -0.016642 -0.005826 0.999845 -1.626500 0.000000 0.000000 0.000000 1.000000
0.998445 0.052247 0.019439 0.000100 -0.052501 0.998539 0.012774 13.360200 -0.018744 -0.013775 0.999729 -1.626500 0.000000 0.000000 0.000000 1.000000
0.997999 0.059665 0.020946 0.000100 -0.060016 0.998060 0.016538 13.360200 -0.019919 -0.017762 0.999644 -1.626500 0.000000 0.000000 0.000000 1.000000
0.997301 0.069975 0.022231 0.000100 -0.070258 0.997454 0.012217 13.360200 -0.021320 -0.013746 0.999678 -1.626500 0.000000 0.000000 0.000000 1.000000
0.996550 0.079259 0.024608 0.000100 -0.079315 0.996849 0.001297 13.360200 -0.024428 -0.003245 0.999696 -1.626500 0.000000 0.000000 0.000000 1.000000
0.996126 0.082925 0.029269 0.000100 -0.082704 0.996536 -0.008688 13.360200 -0.029888 0.006233 0.999534 -1.626500 0.000000 0.000000 0.000000 1.000000
0.996043 0.081600 0.035203 0.000100 -0.081175 0.996611 -0.013333 13.360200 -0.036171 0.010422 0.999291 -1.626500 0.000000 0.000000 0.000000 1.000000
0.996223 0.077377 0.039400 0.000100 -0.076808 0.996922 -0.015747 13.360200 -0.040497 0.012661 0.999099 -1.626500 0.000000 0.000000 0.000000 1.000000
0.996778 0.069922 0.039312 0.000100 -0.069179 0.997405 -0.019939 13.360200 -0.040605 0.017155 0.999028 -1.626500 0.000000 0.000000 0.000000 1.000000
0.997674 0.058995 0.034146 0.000100 -0.058157 0.997994 -0.025021 13.360200 -0.035553 0.022977 0.999104 -1.626500 0.000000 0.000000 0.000000 1.000000
0.998552 0.047303 0.025621 0.000100 -0.046567 0.998505 -0.028606 13.360200 -0.026936 0.027371 0.999262 -1.626500 0.000000 0.000000 0.000000 1.000000
0.999159 0.037641 0.016268 0.000100 -0.037124 0.998829 -0.031026 13.360200 -0.017417 0.030396 0.999386 -1.626500 0.000000 0.000000 0.000000 1.000000
0.999513 0.030369 0.007191 0.000100 -0.030113 0.998987 -0.033451 13.360200 -0.008200 0.033218 0.999414 -1.626500 0.000000 0.000000 0.000000 1.000000
0.999708 0.024161 -0.000690 0.000100 -0.024170 0.999060 -0.035976 13.360200 -0.000180 0.035982 0.999352 -1.626500 0.000000 0.000000 0.000000 1.000000
0.999825 0.018085 -0.004729 0.000100 -0.018249 0.999137 -0.037313 13.360200 0.004050 0.037393 0.999292 -1.626500 0.000000 0.000000 0.000000 1.000000
0.999905 0.013606 -0.002309 0.000100 -0.013683 0.999212 -0.037269 13.360200 0.001800 0.037297 0.999303 -1.626500 0.000000 0.000000 0.000000 1.000000
0.999904 0.012620 0.005706 0.000100 -0.012397 0.999217 -0.037570 13.360200 -0.006175 0.037495 0.999278 -1.626500 0.000000 0.000000 0.000000 1.000000
0.999801 0.014116 0.014104 0.000100 -0.013560 0.999156 -0.038784 13.360200 -0.014639 0.038585 0.999148 -1.626500 0.000000 0.000000 0.000000 1.000000
0.999731 0.015603 0.017152 0.000100 -0.014935 0.999150 -0.038431 13.360200 -0.017737 0.038165 0.999114 -1.626500 0.000000 0.000000 0.000000 1.000000</float_array><technique_common><accessor source="#mixamorig_Spine2-Matrix-animation-output-transform-array" count="25" stride="16"><param type="float4x4"/></accessor></technique_common></source><source id="mixamorig_Spine2-Interpolations"><Name_array id="mixamorig_Spine2-Interpolations-array" count="25">
 LINEAR LINEAR LINEAR LINEAR LINEAR LINEAR LINEAR LINEAR LINEAR LINEAR LINEAR
LINEAR LINEAR LINEAR LINEAR LINEAR LINEAR LINEAR LINEAR LINEAR LINEAR LINEAR LINEAR
LINEAR LINEAR</Name_array><technique_common><accessor source="#mixamorig_Spine2-Interpolations-array" count="25"><param type="name"/></accessor></technique_common></source><sampler id="mixamorig_Spine2-Matrix-animation-transform"><input semantic="INPUT" source="#mixamorig_Spine2-Matrix-animation-input"/><input semantic="OUTPUT" source="#mixamorig_Spine2-Matrix-animation-output-transform"/><input semantic="INTERPOLATION" source="#mixamorig_Spine2-Interpolations"/></sampler><channel source="#mixamorig_Spine2-Matrix-animation-transform" target="mixamorig_Spine2/matrix"/></animation>
    <animation id="mixamorig_Neck-anim" name="mixamorig_Neck"><source id="mixamorig_Neck-Matrix-animation-input"><float_array id="mixamorig_Neck-Matrix-animation-input-array" count="25">

0.000000 0.033333 0.066667 0.100000 0.133333 0.166667 0.200000 0.233333 0.266667 0.300000 0.333333 0.366667 0.400000 0.433333 0.466667 0.500000
0.533333 0.566667 0.600000 0.633333 0.666667 0.700000 0.733333 0.766667 0.800000</float_array><technique_common><accessor source="#mixamorig_Neck-Matrix-animation-input-array" count="25"><param name="TIME" type="float"/></accessor></technique_common></source><source id="mixamorig_Neck-Matrix-animation-output-transform"><float_array id="mixamorig_Neck-Matrix-animation-output-transform-array" count="400">

0.970444 -0.077035 0.228700 0.000000 0.079469 0.996836 -0.001438 15.032500 -0.227866 0.019570 0.973496 0.792900 0.000000 0.000000 0.000000 1.000000
0.970404 -0.067872 0.231752 -0.000000 0.071497 0.997414 -0.007269 15.032500 -0.230660 0.023623 0.972748 0.792900 0.000000 0.000000 0.000000 1.000000
0.970311 -0.070594 0.231327 -0.000000 0.074954 0.997136 -0.010104 15.032500 -0.229951 0.027143 0.972824 0.792900 0.000000 0.000000 0.000000 1.000000
0.970437 -0.086051 0.225491 0.000000 0.090521 0.995849 -0.009538 15.032500 -0.223735 0.029668 0.974198 0.792900 0.000000 0.000000 0.000000 1.000000
0.970415 -0.107082 0.216397 -0.000000 0.111751 0.993692 -0.009419 15.032500 -0.214023 0.033323 0.976260 0.792900 0.000000 0.000000 0.000000 1.000000
0.970151 -0.121277 0.210000 -0.000000 0.126488 0.991901 -0.011514 15.032500 -0.206902 0.037733 0.977634 0.792900 0.000000 0.000000 0.000000 1.000000
0.969959 -0.122634 0.210095 -0.000000 0.128339 0.991636 -0.013687 15.032500 -0.206659 0.040239 0.977585 0.792900 0.000000 0.000000 0.000000 1.000000
0.969661 -0.118591 0.213763 0.000000 0.124024 0.992205 -0.012137 15.032500 -0.210657 0.038281 0.976810 0.792900 0.000000 0.000000 0.000000 1.000000
0.969135 -0.121954 0.214253 0.000000 0.125892 0.992032 -0.004780 15.032500 -0.211963 0.031605 0.976766 0.792900 0.000000 0.000000 0.000000 1.000000
0.968487 -0.134799 0.209435 -0.000000 0.136220 0.990649 0.007693 15.032500 -0.208513 0.021079 0.977792 0.792900 0.000000 0.000000 0.000000 1.000000
0.967976 -0.146440 0.203907 0.000000 0.145370 0.989169 0.020299 15.032500 -0.204671 0.009993 0.978780 0.792900 0.000000 0.000000 0.000000 1.000000
0.968067 -0.146870 0.203164 -0.000000 0.145002 0.989137 0.024130 15.032500 -0.204501 0.006100 0.978847 0.792900 0.000000 0.000000 0.000000 1.000000
0.968489 -0.135459 0.208997 0.000000 0.135177 0.990697 0.015701 15.032500 -0.209179 0.013045 0.977790 0.792900 0.000000 0.000000 0.000000 1.000000
0.968648 -0.117708 0.218782 -0.000000 0.119809 0.992790 0.003686 15.032500 -0.217639 0.022642 0.975767 0.792900 0.000000 0.000000 0.000000 1.000000
0.968480 -0.099251 0.228465 0.000000 0.102642 0.994714 -0.002978 15.032500 -0.226962 0.026334 0.973548 0.792900 0.000000 0.000000 0.000000 1.000000
0.968247 -0.084655 0.235225 -0.000000 0.088676 0.996039 -0.006552 15.032500 -0.233739 0.027203 0.971919 0.792900 0.000000 0.000000 0.000000 1.000000
0.968165 -0.077669 0.237959 0.000000 0.083054 0.996464 -0.012673 15.032500 -0.236133 0.032033 0.971193 0.792900 0.000000 0.000000 0.000000 1.000000
0.968237 -0.075562 0.238342 0.000000 0.082814 0.996353 -0.020546 15.032500 -0.235920 0.039632 0.970964 0.792900 0.000000 0.000000 0.000000 1.000000
0.968263 -0.068591 0.240339 0.000000 0.076975 0.996703 -0.025663 15.032500 -0.237787 0.043349 0.970350 0.792900 0.000000 0.000000 0.000000 1.000000
0.967930 -0.050818 0.246025 0.000000 0.058931 0.997931 -0.025724 15.032500 -0.244209 0.039397 0.968922 0.792900 0.000000 0.000000 0.000000 1.000000
0.967105 -0.029775 0.252630 0.000000 0.036211 0.999126 -0.020862 15.032500 -0.251788 0.029323 0.967338 0.792900 0.000000 0.000000 0.000000 1.000000
0.966895 -0.021027 0.254307 -0.000000 0.025196 0.999596 -0.013145 15.032500 -0.253928 0.019117 0.967034 0.792900 0.000000 0.000000 0.000000 1.000000
0.968312 -0.033274 0.247518 -0.000000 0.035864 0.999339 -0.005959 15.032500 -0.247156 0.014647 0.968865 0.792900 0.000000 0.000000 0.000000 1.000000
0.969954 -0.058002 0.236273 0.000000 0.060088 0.998192 -0.001632 15.032500 -0.235751 0.015781 0.971685 0.792900 0.000000 0.000000 0.000000 1.000000
0.970444 -0.077035 0.228700 -0.000000 0.079469 0.996836 -0.001438 15.032500 -0.227866 0.019570 0.973496 0.792900 0.000000 0.000000 0.000000 1.000000</float_array><technique_common><accessor source="#mixamorig_Neck-Matrix-animation-output-transform-array" count="25" stride="16"><param type="float4x4"/></accessor></technique_common></source><source id="mixamorig_Neck-Interpolations"><Name_array id="mixamorig_Neck-Interpolations-array" count="25">
 LINEAR LINEAR LINEAR LINEAR LINEAR LINEAR LINEAR LINEAR LINEAR LINEAR LINEAR
LINEAR LINEAR LINEAR LINEAR LINEAR LINEAR LINEAR LINEAR LINEAR LINEAR LINEAR LINEAR
LINEAR LINEAR</Name_array><technique_common><accessor source="#mixamorig_Neck-Interpolations-array" count="25"><param type="name"/></accessor></technique_common></source><sampler id="mixamorig_Neck-Matrix-animation-transform"><input semantic="INPUT" source="#mixamorig_Neck-Matrix-animation-input"/><input semantic="OUTPUT" source="#mixamorig_Neck-Matrix-animation-output-transform"/><input semantic="INTERPOLATION" source="#mixamorig_Neck-Interpolations"/></sampler><channel source="#mixamorig_Neck-Matrix-animation-transform" target="mixamorig_Neck/matrix"/></animation>
    <animation id="mixamorig_Head-anim" name="mixamorig_Head"><source id="mixamorig_Head-Matrix-animation-input"><float_array id="mixamorig_Head-Matrix-animation-input-array" count="25">

0.000000 0.033333 0.066667 0.100000 0.133333 0.166667 0.200000 0.233333 0.266667 0.300000 0.333333 0.366667 0.400000 0.433333 0.466667 0.500000
0.533333 0.566667 0.600000 0.633333 0.666667 0.700000 0.733333 0.766667 0.800000</float_array><technique_common><accessor source="#mixamorig_Head-Matrix-animation-input-array" count="25"><param name="TIME" type="float"/></accessor></technique_common></source><source id="mixamorig_Head-Matrix-animation-output-transform"><float_array id="mixamorig_Head-Matrix-animation-output-transform-array" count="400">

0.936427 0.067621 0.344285 0.000000 -0.017903 0.989183 -0.145591 10.321800 -0.350406 0.130172 0.927508 3.142400 0.000000 0.000000 0.000000 1.000000
0.937834 0.063025 0.341315 -0.000000 -0.001575 0.984138 -0.177395 10.321800 -0.347082 0.165829 0.923057 3.142400 0.000000 0.000000 0.000000 1.000000
0.938411 0.054413 0.341209 0.000000 0.011594 0.982007 -0.188489 10.321800 -0.345326 0.180836 0.920895 3.142400 0.000000 0.000000 0.000000 1.000000
0.939833 0.048507 0.338174 0.000000 0.011346 0.984891 -0.172804 10.321800 -0.341447 0.166244 0.925082 3.142400 0.000000 0.000000 0.000000 1.000000
0.942590 0.046991 0.330629 0.000000 0.000676 0.989780 -0.142601 10.321800 -0.333951 0.134638 0.932925 3.142400 0.000000 0.000000 0.000000 1.000000
0.945083 0.041389 0.324198 0.000000 -0.004645 0.993550 -0.113301 10.321800 -0.326796 0.105573 0.939180 3.142400 0.000000 0.000000 0.000000 1.000000
0.944988 0.027413 0.325956 0.000000 0.003667 0.995532 -0.094356 10.321800 -0.327086 0.090361 0.940665 3.142400 0.000000 0.000000 0.000000 1.000000
0.942047 0.016184 0.335092 0.000000 0.013911 0.996092 -0.087215 10.321800 -0.335194 0.086822 0.938140 3.142400 0.000000 0.000000 0.000000 1.000000
0.939590 0.020232 0.341702 0.000000 0.010036 0.996194 -0.086579 10.321800 -0.342153 0.084778 0.935812 3.142400 0.000000 0.000000 0.000000 1.000000
0.940328 0.032368 0.338727 -0.000000 -0.003736 0.996388 -0.084841 10.321800 -0.340249 0.078513 0.937052 3.142400 0.000000 0.000000 0.000000 1.000000
0.943308 0.035950 0.329966 -0.000000 -0.010481 0.996848 -0.078645 10.321800 -0.331753 0.070728 0.940711 3.142400 0.000000 0.000000 0.000000 1.000000
0.944779 0.030078 0.326326 0.000000 -0.006336 0.997269 -0.073578 10.321800 -0.327648 0.067447 0.942389 3.142400 0.000000 0.000000 0.000000 1.000000
0.941257 0.026450 0.336655 0.000000 -0.000911 0.997123 -0.075795 10.321800 -0.337691 0.071036 0.938573 3.142400 0.000000 0.000000 0.000000 1.000000
0.933505 0.030102 0.357298 -0.000000 -0.000663 0.996613 -0.082234 10.321800 -0.358563 0.076529 0.930363 3.142400 0.000000 0.000000 0.000000 1.000000
0.925827 0.034577 0.376362 0.000000 -0.002520 0.996349 -0.085338 10.321800 -0.377939 0.078059 0.922534 3.142400 0.000000 0.000000 0.000000 1.000000
0.921178 0.035439 0.387524 0.000000 -0.003177 0.996496 -0.083579 10.321800 -0.389128 0.075760 0.918063 3.142400 0.000000 0.000000 0.000000 1.000000
0.919375 0.033632 0.391941 0.000000 -0.002300 0.996781 -0.080137 10.321800 -0.393375 0.072775 0.916493 3.142400 0.000000 0.000000 0.000000 1.000000
0.919385 0.029858 0.392225 0.000000 0.001187 0.996900 -0.078670 10.321800 -0.393358 0.072793 0.916499 3.142400 0.000000 0.000000 0.000000 1.000000
0.920444 0.021344 0.390291 0.000000 0.011571 0.996582 -0.081789 10.321800 -0.390703 0.079798 0.917052 3.142400 0.000000 0.000000 0.000000 1.000000
0.922171 0.007713 0.386706 0.000000 0.029897 0.995388 -0.091149 10.321800 -0.385626 0.095616 0.917687 3.142400 0.000000 0.000000 0.000000 1.000000
0.924645 -0.004877 0.380799 0.000000 0.048577 0.993260 -0.105234 10.321800 -0.377720 0.115802 0.918650 3.142400 0.000000 0.000000 0.000000 1.000000
0.928469 -0.006883 0.371346 0.000000 0.054223 0.991628 -0.117193 10.321800 -0.367430 0.128946 0.921069 3.142400 0.000000 0.000000 0.000000 1.000000
0.933506 0.007877 0.358475 0.000000 0.038765 0.991681 -0.122740 10.321800 -0.356460 0.128475 0.925435 3.142400 0.000000 0.000000 0.000000 1.000000
0.937105 0.036161 0.347170 0.000000 0.009387 0.991649 -0.128626 10.321800 -0.348922 0.123795 0.928939 3.142400 0.000000 0.000000 0.000000 1.000000
0.936427 0.067621 0.344285 0.000000 -0.017902 0.989183 -0.145591 10.321800 -0.350406 0.130172 0.927508 3.142400 0.000000 0.000000 0.000000 1.000000</float_array><technique_common><accessor source="#mixamorig_Head-Matrix-animation-output-transform-array" count="25" stride="16"><param type="float4x4"/></accessor></technique_common></source><source id="mixamorig_Head-Interpolations"><Name_array id="mixamorig_Head-Interpolations-array" count="25">
 LINEAR LINEAR LINEAR LINEAR LINEAR LINEAR LINEAR LINEAR LINEAR LINEAR LINEAR
LINEAR LINEAR LINEAR LINEAR LINEAR LINEAR LINEAR LINEAR LINEAR LINEAR LINEAR LINEAR
LINEAR LINEAR</Name_array><technique_common><accessor source="#mixamorig_Head-Interpolations-array" count="25"><param type="name"/></accessor></technique_common></source><sampler id="mixamorig_Head-Matrix-animation-transform"><input semantic="INPUT" source="#mixamorig_Head-Matrix-animation-input"/><input semantic="OUTPUT" source="#mixamorig_Head-Matrix-animation-output-transform"/><input semantic="INTERPOLATION" source="#mixamorig_Head-Interpolations"/></sampler><channel source="#mixamorig_Head-Matrix-animation-transform" target="mixamorig_Head/matrix"/></animation>
    <animation id="mixamorig_LeftShoulder-anim" name="mixamorig_LeftShoulder"><source id="mixamorig_LeftShoulder-Matrix-animation-input"><float_array id="mixamorig_LeftShoulder-Matrix-animation-input-array" count="25">

0.000000 0.033333 0.066667 0.100000 0.133333 0.166667 0.200000 0.233333 0.266667 0.300000 0.333333 0.366667 0.400000 0.433333 0.466667 0.500000
0.533333 0.566667 0.600000 0.633333 0.666667 0.700000 0.733333 0.766667 0.800000</float_array><technique_common><accessor source="#mixamorig_LeftShoulder-Matrix-animation-input-array" count="25"><param name="TIME" type="float"/></accessor></technique_common></source><source id="mixamorig_LeftShoulder-Matrix-animation-output-transform"><float_array id="mixamorig_LeftShoulder-Matrix-animation-output-transform-array" count="400">

0.986776 0.149823 0.061856 6.105800 -0.148889 0.988662 -0.019460 9.110400 -0.064070 0.009993 0.997895 0.705600 0.000000 0.000000 0.000000 1.000000
0.987446 0.141520 0.070154 6.105800 -0.140729 0.989917 -0.016109 9.110400 -0.071726 0.006034 0.997406 0.705600 0.000000 0.000000 0.000000 1.000000
0.990637 0.119324 0.066337 6.105800 -0.118735 0.992844 -0.012767 9.110400 -0.067386 0.004771 0.997716 0.705600 0.000000 0.000000 0.000000 1.000000
0.994579 0.090868 0.050554 6.105800 -0.090415 0.995841 -0.011177 9.110400 -0.051359 0.006546 0.998659 0.705600 0.000000 0.000000 0.000000 1.000000
0.997454 0.065973 0.027066 6.105800 -0.065654 0.997764 -0.012526 9.110400 -0.027832 0.010717 0.999555 0.705600 0.000000 0.000000 0.000000 1.000000
0.998729 0.050275 0.003519 6.105800 -0.050213 0.998612 -0.015909 9.110400 -0.004313 0.015712 0.999867 0.705600 0.000000 0.000000 0.000000 1.000000
0.999105 0.041312 -0.009112 6.105800 -0.041469 0.998982 -0.017775 9.110400 0.008369 0.018137 0.999800 0.705600 0.000000 0.000000 0.000000 1.000000
0.999358 0.035406 -0.005427 6.105800 -0.035488 0.999244 -0.015846 9.110400 0.004862 0.016029 0.999860 0.705600 0.000000 0.000000 0.000000 1.000000
0.999395 0.033884 0.007903 6.105800 -0.033787 0.999357 -0.012038 9.110400 -0.008306 0.011764 0.999896 0.705600 0.000000 0.000000 0.000000 1.000000
0.998931 0.041417 0.020548 6.105800 -0.041219 0.999100 -0.009966 9.110400 -0.020943 0.009108 0.999739 0.705600 0.000000 0.000000 0.000000 1.000000
0.997822 0.059021 0.029469 6.105800 -0.058728 0.998217 -0.010707 9.110400 -0.030048 0.008953 0.999508 0.705600 0.000000 0.000000 0.000000 1.000000
0.996238 0.076965 0.039821 6.105800 -0.076572 0.997000 -0.011280 9.110400 -0.040570 0.008189 0.999143 0.705600 0.000000 0.000000 0.000000 1.000000
0.995198 0.082358 0.052907 6.105800 -0.081992 0.996592 -0.009057 9.110400 -0.053472 0.004676 0.998558 0.705600 0.000000 0.000000 0.000000 1.000000
0.995496 0.075866 0.056855 6.105800 -0.075595 0.997115 -0.006907 9.110400 -0.057215 0.002578 0.998359 0.705600 0.000000 0.000000 0.000000 1.000000
0.996856 0.069009 0.038932 6.105800 -0.068663 0.997588 -0.010138 9.110400 -0.039538 0.007433 0.999190 0.705600 0.000000 0.000000 0.000000 1.000000
0.997791 0.066408 0.001624 6.105800 -0.066365 0.997611 -0.019200 9.110400 -0.002895 0.019050 0.999814 0.705600 0.000000 0.000000 0.000000 1.000000
0.997287 0.062942 -0.038171 6.105800 -0.064068 0.997523 -0.029037 9.110400 0.036249 0.031403 0.998849 0.705600 0.000000 0.000000 0.000000 1.000000
0.996204 0.058344 -0.064606 6.105800 -0.060722 0.997524 -0.035472 9.110400 0.062377 0.039260 0.997280 0.705600 0.000000 0.000000 0.000000 1.000000
0.995078 0.063337 -0.076214 6.105800 -0.066474 0.997011 -0.039363 9.110400 0.073493 0.044236 0.996314 0.705600 0.000000 0.000000 0.000000 1.000000
0.992852 0.088372 -0.080223 6.105800 -0.092083 0.994788 -0.043793 9.110400 0.075935 0.050868 0.995814 0.705600 0.000000 0.000000 0.000000 1.000000
0.988431 0.130029 -0.078085 6.105800 -0.134054 0.989776 -0.048714 9.110400 0.070952 0.058618 0.995756 0.705600 0.000000 0.000000 0.000000 1.000000
0.983185 0.171169 -0.063630 6.105800 -0.174485 0.983348 -0.050805 9.110400 0.053874 0.061053 0.996680 0.705600 0.000000 0.000000 0.000000 1.000000
0.980999 0.191480 -0.031259 6.105800 -0.192796 0.980132 -0.046601 9.110400 0.021715 0.051742 0.998424 0.705600 0.000000 0.000000 0.000000 1.000000
0.983314 0.181262 0.015405 6.105800 -0.180641 0.982924 -0.035057 9.110400 -0.021497 0.031689 0.999267 0.705600 0.000000 0.000000 0.000000 1.000000
0.986776 0.149823 0.061856 6.105800 -0.148889 0.988662 -0.019460 9.110400 -0.064070 0.009993 0.997895 0.705600 0.000000 0.000000 0.000000 1.000000</float_array><technique_common><accessor source="#mixamorig_LeftShoulder-Matrix-animation-output-transform-array" count="25" stride="16"><param type="float4x4"/></accessor></technique_common></source><source id="mixamorig_LeftShoulder-Interpolations"><Name_array id="mixamorig_LeftShoulder-Interpolations-array" count="25">
 LINEAR LINEAR LINEAR LINEAR LINEAR LINEAR LINEAR LINEAR LINEAR LINEAR LINEAR
LINEAR LINEAR LINEAR LINEAR LINEAR LINEAR LINEAR LINEAR LINEAR LINEAR LINEAR LINEAR
LINEAR LINEAR</Name_array><technique_common><accessor source="#mixamorig_LeftShoulder-Interpolations-array" count="25"><param type="name"/></accessor></technique_common></source><sampler id="mixamorig_LeftShoulder-Matrix-animation-transform"><input semantic="INPUT" source="#mixamorig_LeftShoulder-Matrix-animation-input"/><input semantic="OUTPUT" source="#mixamorig_LeftShoulder-Matrix-animation-output-transform"/><input semantic="INTERPOLATION" source="#mixamorig_LeftShoulder-Interpolations"/></sampler><channel source="#mixamorig_LeftShoulder-Matrix-animation-transform" target="mixamorig_LeftShoulder/matrix"/></animation>
    <animation id="mixamorig_LeftArm-anim" name="mixamorig_LeftArm"><source id="mixamorig_LeftArm-Matrix-animation-input"><float_array id="mixamorig_LeftArm-Matrix-animation-input-array" count="25">

0.000000 0.033333 0.066667 0.100000 0.133333 0.166667 0.200000 0.233333 0.266667 0.300000 0.333333 0.366667 0.400000 0.433333 0.466667 0.500000
0.533333 0.566667 0.600000 0.633333 0.666667 0.700000 0.733333 0.766667 0.800000</float_array><technique_common><accessor source="#mixamorig_LeftArm-Matrix-animation-input-array" count="25"><param name="TIME" type="float"/></accessor></technique_common></source><source id="mixamorig_LeftArm-Matrix-animation-output-transform"><float_array id="mixamorig_LeftArm-Matrix-animation-output-transform-array" count="400">

0.620166 0.779739 0.086034 12.655000 -0.508718 0.316257 0.800742 -0.265900 0.597161 -0.540360 0.592799 -2.600900 0.000000 0.000000 0.000000 1.000000
