<?xml version="1.0" encoding="utf-8"?>
<COLLADA xmlns="http://www.collada.org/2005/11/COLLADASchema" version="1.4.1">
  <asset><contributor><author>Mixamo</author><authoring_tool>COLLADA Mixamo exporter</authoring_tool><comments></comments></contributor><created>2018-10-23T15:54:43Z</created><modified>2018-10-23T15:54:43Z</modified><revision></revision><title></title><unit meter="0.010000"/><up_axis>Y_UP</up_axis></asset>
  <library_animations>
    <animation id="mixamorig_Hips-anim" name="mixamorig_Hips"><source id="mixamorig_Hips-Matrix-animation-input"><float_array id="mixamorig_Hips-Matrix-animation-input-array" count="37">

0.000000 0.033333 0.066667 0.100000 0.133333 0.166667 0.200000 0.233333 0.266667 0.300000 0.333333 0.366667 0.400000 0.433333 0.466667 0.500000
0.533333 0.566667 0.600000 0.633333 0.666667 0.700000 0.733333 0.766667 0.800000 0.833333 0.866667 0.900000 0.933333 0.966667 1.000000 1.033333
1.066667 1.100000 1.133333 1.166667 1.200000</float_array><technique_common><accessor source="#mixamorig_Hips-Matrix-animation-input-array" count="37"><param name="TIME" type="float"/></accessor></technique_common></source><source id="mixamorig_Hips-Matrix-animation-output-transform"><float_array id="mixamorig_Hips-Matrix-animation-output-transform-array" count="592">

0.930584 -0.008980 -0.365969 0.018272 -0.024703 0.995880 -0.087250 92.179039 0.365245 0.090234 0.926528 -0.432221 0.000000 0.000000 0.000000 1.000000
0.941986 -0.004092 -0.335627 0.052413 -0.027859 0.995522 -0.090327 92.114899 0.334493 0.094437 0.937654 -0.415125 0.000000 0.000000 0.000000 1.000000
0.951516 -0.000384 -0.307600 0.073476 -0.029756 0.995194 -0.093289 92.066597 0.306157 0.097919 0.946932 -0.354819 0.000000 0.000000 0.000000 1.000000
0.959157 0.001660 -0.282871 0.074141 -0.029961 0.994954 -0.095753 92.043655 0.281284 0.100317 0.954367 -0.253543 0.000000 0.000000 0.000000 1.000000
0.964011 0.000294 -0.265861 0.037127 -0.027072 0.994910 -0.097061 92.097076 0.264479 0.100765 0.959113 -0.058581 0.000000 0.000000 0.000000 1.000000
0.967805 -0.001521 -0.251695 -0.006338 -0.023913 0.994903 -0.097960 92.242226 0.250561 0.100824 0.962836 0.074730 0.000000 0.000000 0.000000 1.000000
0.970933 -0.002297 -0.239340 -0.062623 -0.022002 0.994864 -0.098804 92.355812 0.238338 0.101199 0.965895 0.115342 0.000000 0.000000 0.000000 1.000000
0.973312 -0.001367 -0.229480 -0.167939 -0.022456 0.994616 -0.101168 92.286377 0.228383 0.103621 0.968041 0.072435 0.000000 0.000000 0.000000 1.000000
0.973388 0.000549 -0.229161 -0.339031 -0.025491 0.994051 -0.105892 91.969009 0.227739 0.108916 0.967612 -0.014272 0.000000 0.000000 0.000000 1.000000
0.966981 0.000465 -0.254848 -0.510821 -0.029754 0.993366 -0.111083 91.481400 0.253105 0.114998 0.960580 -0.049641 0.000000 0.000000 0.000000 1.000000
0.944886 -0.005778 -0.327348 -0.530292 -0.032903 0.993107 -0.112501 91.005249 0.325742 0.117072 0.938183 0.133803 0.000000 0.000000 0.000000 1.000000
0.888171 -0.019572 -0.459095 -0.264711 -0.033125 0.993766 -0.106451 90.710007 0.458317 0.109755 0.881986 0.737899 0.000000 0.000000 0.000000 1.000000
0.769263 -0.036568 -0.637884 0.247937 -0.029372 0.995281 -0.092478 90.666252 0.638256 0.089876 0.764560 1.871540 0.000000 0.000000 0.000000 1.000000
0.572939 -0.046775 -0.818262 0.832011 -0.023151 0.997048 -0.073205 90.722107 0.819271 0.060885 0.570165 3.443748 0.000000 0.000000 0.000000 1.000000
0.329261 -0.044254 -0.943201 1.330911 -0.015825 0.998502 -0.052374 90.674377 0.944106 0.032171 0.328067 5.140021 0.000000 0.000000 0.000000 1.000000
0.112590 -0.031910 -0.993129 1.755177 -0.008948 0.999411 -0.033126 90.440048 0.993601 0.012617 0.112238 6.588773 0.000000 0.000000 0.000000 1.000000
-0.012570 -0.017618 -0.999766 2.234684 -0.006429 0.999826 -0.017538 90.198151 0.999900 0.006207 -0.012681 7.557883 0.000000 0.000000 0.000000 1.000000
-0.035075 -0.008852 -0.999345 2.861329 -0.011582 0.999897 -0.008451 90.098564 0.999318 0.011278 -0.035174 8.032810 0.000000 0.000000 0.000000 1.000000
0.010167 -0.009209 -0.999906 3.572389 -0.021214 0.999731 -0.009423 90.148003 0.999723 0.021308 0.009968 8.146377 0.000000 0.000000 0.000000 1.000000
0.074957 -0.017808 -0.997028 4.238900 -0.027778 0.999415 -0.019939 90.268021 0.996800 0.029190 0.074419 8.069678 0.000000 0.000000 0.000000 1.000000
0.129132 -0.031164 -0.991138 4.780877 -0.027247 0.999017 -0.034962 90.380539 0.991253 0.031520 0.128156 7.911905 0.000000 0.000000 0.000000 1.000000
0.170184 -0.045923 -0.984342 5.153873 -0.020828 0.998523 -0.050186 90.479591 0.985192 0.029042 0.168976 7.668117 0.000000 0.000000 0.000000 1.000000
0.210904 -0.059966 -0.975666 5.295274 -0.011465 0.997896 -0.063811 90.617561 0.977439 0.024644 0.209773 7.273395 0.000000 0.000000 0.000000 1.000000
0.264428 -0.071379 -0.961760 5.147832 -0.001580 0.997224 -0.074446 90.856995 0.964404 0.021205 0.263581 6.700239 0.000000 0.000000 0.000000 1.000000
0.337825 -0.077913 -0.937979 4.728292 0.006766 0.996743 -0.080357 91.212509 0.941185 0.020800 0.337252 5.989541 0.000000 0.000000 0.000000 1.000000
0.430742 -0.077955 -0.899102 4.127719 0.011322 0.996651 -0.080988 91.615967 0.902404 0.024706 0.430182 5.208110 0.000000 0.000000 0.000000 1.000000
0.534483 -0.071756 -0.842128 3.432669 0.010477 0.996875 -0.078292 91.964294 0.845114 0.033022 0.533565 4.401050 0.000000 0.000000 0.000000 1.000000
0.634253 -0.061611 -0.770667 2.686415 0.004726 0.997110 -0.075824 92.206635 0.773111 0.044450 0.632711 3.606345 0.000000 0.000000 0.000000 1.000000
0.716726 -0.050574 -0.695518 1.937613 -0.003544 0.997090 -0.076155 92.286110 0.697346 0.057047 0.714461 2.858781 0.000000 0.000000 0.000000 1.000000
0.776752 -0.041727 -0.628423 1.268347 -0.010420 0.996815 -0.079068 92.224640 0.629721 0.067964 0.773843 2.175272 0.000000 0.000000 0.000000 1.000000
0.817357 -0.036140 -0.574997 0.737517 -0.013595 0.996543 -0.081960 92.161224 0.575972 0.074808 0.814040 1.523262 0.000000 0.000000 0.000000 1.000000
0.845228 -0.032440 -0.533421 0.347440 -0.013748 0.996506 -0.082386 92.154251 0.534229 0.076968 0.841828 0.892313 0.000000 0.000000 0.000000 1.000000
0.866902 -0.028962 -0.497636 0.088305 -0.013113 0.996640 -0.080846 92.214478 0.498306 0.076612 0.863610 0.322049 0.000000 0.000000 0.000000 1.000000
0.886803 -0.024432 -0.461501 -0.034280 -0.014482 0.996642 -0.080592 92.292992 0.461920 0.078152 0.883472 -0.124209 0.000000 0.000000 0.000000 1.000000
0.902849 -0.019561 -0.429513 -0.031947 -0.017519 0.996461 -0.082207 92.278076 0.429602 0.081745 0.899311 -0.292012 0.000000 0.000000 0.000000 1.000000
0.917477 -0.014317 -0.397530 -0.013658 -0.021052 0.996204 -0.084467 92.238617 0.397230 0.085865 0.913693 -0.394864 0.000000 0.000000 0.000000 1.000000
0.930584 -0.008980 -0.365969 0.018272 -0.024703 0.995880 -0.087250 92.179039 0.365245 0.090234 0.926528 -0.432221 0.000000 0.000000 0.000000 1.000000</float_array><technique_common><accessor source="#mixamorig_Hips-Matrix-animation-output-transform-array" count="37" stride="16"><param type="float4x4"/></accessor></technique_common></source><source id="mixamorig_Hips-Interpolations"><Name_array id="mixamorig_Hips-Interpolations-array" count="37">
 LINEAR LINEAR LINEAR LINEAR LINEAR LINEAR LINEAR LINEAR LINEAR LINEAR LINEAR
LINEAR LINEAR LINEAR LINEAR LINEAR LINEAR LINEAR LINEAR LINEAR LINEAR LINEAR LINEAR
LINEAR LINEAR LINEAR LINEAR LINEAR LINEAR LINEAR LINEAR LINEAR LINEAR LINEAR LINEAR
LINEAR LINEAR</Name_array><technique_common><accessor source="#mixamorig_Hips-Interpolations-array" count="37"><param type="name"/></accessor></technique_common></source><sampler id="mixamorig_Hips-Matrix-animation-transform"><input semantic="INPUT" source="#mixamorig_Hips-Matrix-animation-input"/><input semantic="OUTPUT" source="#mixamorig_Hips-Matrix-animation-output-transform"/><input semantic="INTERPOLATION" source="#mixamorig_Hips-Interpolations"/></sampler><channel source="#mixamorig_Hips-Matrix-animation-transform" target="mixamorig_Hips/matrix"/></animation>
    <animation id="mixamorig_Spine-anim" name="mixamorig_Spine"><source id="mixamorig_Spine-Matrix-animation-input"><float_array id="mixamorig_Spine-Matrix-animation-input-array" count="37">

0.000000 0.033333 0.066667 0.100000 0.133333 0.166667 0.200000 0.233333 0.266667 0.300000 0.333333 0.366667 0.400000 0.433333 0.466667 0.500000
0.533333 0.566667 0.600000 0.633333 0.666667 0.700000 0.733333 0.766667 0.800000 0.833333 0.866667 0.900000 0.933333 0.966667 1.000000 1.033333
1.066667 1.100000 1.133333 1.166667 1.200000</float_array><technique_common><accessor source="#mixamorig_Spine-Matrix-animation-input-array" count="37"><param name="TIME" type="float"/></accessor></technique_common></source><source id="mixamorig_Spine-Matrix-animation-output-transform"><float_array id="mixamorig_Spine-Matrix-animation-output-transform-array" count="592">

0.997984 -0.061071 -0.017283 0.000000 0.061889 0.996746 0.051654 9.923500 0.014072 -0.052619 0.998515 -1.227300 0.000000 0.000000 0.000000 1.000000
0.997948 -0.061690 -0.017124 0.000000 0.062490 0.996747 0.050893 9.923500 0.013929 -0.051859 0.998557 -1.227300 0.000000 0.000000 0.000000 1.000000
0.997900 -0.062495 -0.017010 0.000000 0.063290 0.996684 0.051133 9.923500 0.013758 -0.052103 0.998547 -1.227300 0.000000 0.000000 0.000000 1.000000
0.997812 -0.063841 -0.017181 -0.000000 0.064658 0.996542 0.052194 9.923500 0.013789 -0.053191 0.998489 -1.227300 0.000000 0.000000 0.000000 1.000000
0.997764 -0.064915 -0.015932 0.000000 0.065715 0.996251 0.056256 9.923500 0.012220 -0.057177 0.998289 -1.227300 0.000000 0.000000 0.000000 1.000000
0.997750 -0.065336 -0.015061 0.000000 0.066135 0.995967 0.060622 9.923500 0.011039 -0.061482 0.998047 -1.227300 0.000000 0.000000 0.000000 1.000000
0.997861 -0.063972 -0.013472 0.000000 0.064691 0.995954 0.062368 9.923500 0.009428 -0.063107 0.997962 -1.227300 0.000000 0.000000 0.000000 1.000000
0.998053 -0.061493 -0.010461 0.000000 0.062019 0.996211 0.060963 9.923500 0.006672 -0.061493 0.998085 -1.227300 0.000000 0.000000 0.000000 1.000000
0.998183 -0.059861 -0.006871 -0.000000 0.060161 0.996477 0.058424 9.923500 0.003350 -0.058731 0.998268 -1.227300 0.000000 0.000000 0.000000 1.000000
0.998202 -0.059808 -0.003999 -0.000000 0.059939 0.996563 0.057186 9.923500 0.000565 -0.057322 0.998356 -1.227300 0.000000 0.000000 0.000000 1.000000
0.998216 -0.059678 -0.001545 0.000000 0.059669 0.996565 0.057434 9.923500 -0.001888 -0.057424 0.998348 -1.227300 0.000000 0.000000 0.000000 1.000000
0.998385 -0.056739 0.002801 -0.000000 0.056489 0.996789 0.056756 9.923500 -0.006012 -0.056506 0.998384 -1.227300 0.000000 0.000000 0.000000 1.000000
0.998787 -0.048046 0.010786 0.000000 0.047419 0.997500 0.052403 9.923500 -0.013276 -0.051828 0.998568 -1.227300 0.000000 0.000000 0.000000 1.000000
0.999206 -0.033965 0.020849 0.000000 0.033017 0.998475 0.044240 9.923500 -0.022320 -0.043517 0.998803 -1.227300 0.000000 0.000000 0.000000 1.000000
0.999468 -0.016324 0.028236 -0.000000 0.015320 0.999255 0.035410 9.923500 -0.028793 -0.034958 0.998974 -1.227300 0.000000 0.000000 0.000000 1.000000
0.999583 0.002966 0.028716 0.000000 -0.003823 0.999548 0.029817 9.923500 -0.028614 -0.029914 0.999143 -1.227300 0.000000 0.000000 0.000000 1.000000
0.999534 0.021113 0.022065 0.000000 -0.021742 0.999353 0.028659 9.923500 -0.021446 -0.029125 0.999346 -1.227300 0.000000 0.000000 0.000000 1.000000
0.999336 0.034718 0.011078 -0.000000 -0.035036 0.998939 0.029887 9.923500 -0.010028 -0.030255 0.999492 -1.227300 0.000000 0.000000 0.000000 1.000000
0.999147 0.041272 -0.001400 0.000000 -0.041209 0.998673 0.030889 9.923500 0.002673 -0.030805 0.999522 -1.227300 0.000000 0.000000 0.000000 1.000000
0.999108 0.039969 -0.013636 -0.000000 -0.039534 0.998743 0.030806 9.923500 0.014851 -0.030239 0.999432 -1.227300 0.000000 0.000000 0.000000 1.000000
0.999166 0.032838 -0.024255 0.000000 -0.032100 0.999028 0.030207 9.923500 0.025223 -0.029403 0.999249 -1.227300 0.000000 0.000000 0.000000 1.000000
0.999207 0.024306 -0.031528 0.000000 -0.023372 0.999286 0.029672 9.923500 0.032227 -0.028912 0.999062 -1.227300 0.000000 0.000000 0.000000 1.000000
0.999266 0.017418 -0.034119 0.000000 -0.016412 0.999429 0.029534 9.923500 0.034613 -0.028952 0.998981 -1.227300 0.000000 0.000000 0.000000 1.000000
0.999417 0.011294 -0.032233 0.000000 -0.010309 0.999480 0.030550 9.923500 0.032561 -0.030200 0.999013 -1.227300 0.000000 0.000000 0.000000 1.000000
0.999610 0.003069 -0.027750 -0.000000 -0.002128 0.999424 0.033880 9.923500 0.027838 -0.033808 0.999041 -1.227300 0.000000 0.000000 0.000000 1.000000
0.999700 -0.008122 -0.023089 0.000000 0.009039 0.999162 0.039926 9.923500 0.022745 -0.040123 0.998936 -1.227300 0.000000 0.000000 0.000000 1.000000
0.999605 -0.019932 -0.019796 0.000000 0.020850 0.998663 0.047306 9.923500 0.018827 -0.047700 0.998684 -1.227300 0.000000 0.000000 0.000000 1.000000
0.999388 -0.029936 -0.018077 -0.000000 0.030864 0.998092 0.053478 9.923500 0.016442 -0.054003 0.998405 -1.227300 0.000000 0.000000 0.000000 1.000000
0.999139 -0.037635 -0.017452 0.000000 0.038570 0.997644 0.056737 9.923500 0.015275 -0.057361 0.998237 -1.227300 0.000000 0.000000 0.000000 1.000000
0.998911 -0.043326 -0.017327 0.000000 0.044253 0.997380 0.057233 9.923500 0.014802 -0.057937 0.998210 -1.227300 0.000000 0.000000 0.000000 1.000000
0.998677 -0.048419 -0.017323 0.000000 0.049325 0.997187 0.056428 9.923500 0.014542 -0.057208 0.998256 -1.227300 0.000000 0.000000 0.000000 1.000000
0.998428 -0.053294 -0.017348 0.000000 0.054184 0.996977 0.055690 9.923500 0.014328 -0.056543 0.998297 -1.227300 0.000000 0.000000 0.000000 1.000000
0.998216 -0.057063 -0.017577 0.000000 0.057955 0.996785 0.055318 9.923500 0.014364 -0.056238 0.998314 -1.227300 0.000000 0.000000 0.000000 1.000000
0.998069 -0.059354 -0.018324 0.000000 0.060277 0.996678 0.054775 9.923500 0.015012 -0.055774 0.998331 -1.227300 0.000000 0.000000 0.000000 1.000000
0.998038 -0.060050 -0.017728 0.000000 0.060926 0.996688 0.053868 9.923500 0.014434 -0.054842 0.998391 -1.227300 0.000000 0.000000 0.000000 1.000000
0.998010 -0.060574 -0.017502 0.000000 0.061421 0.996715 0.052782 9.923500 0.014247 -0.053752 0.998453 -1.227300 0.000000 0.000000 0.000000 1.000000
0.997984 -0.061071 -0.017283 0.000000 0.061889 0.996746 0.051654 9.923500 0.014072 -0.052619 0.998515 -1.227300 0.000000 0.000000 0.000000 1.000000</float_array><technique_common><accessor source="#mixamorig_Spine-Matrix-animation-output-transform-array" count="37" stride="16"><param type="float4x4"/></accessor></technique_common></source><source id="mixamorig_Spine-Interpolations"><Name_array id="mixamorig_Spine-Interpolations-array" count="37">
 LINEAR LINEAR LINEAR LINEAR LINEAR LINEAR LINEAR LINEAR LINEAR LINEAR LINEAR
LINEAR LINEAR LINEAR LINEAR LINEAR LINEAR LINEAR LINEAR LINEAR LINEAR LINEAR LINEAR
LINEAR LINEAR LINEAR LINEAR LINEAR LINEAR LINEAR LINEAR LINEAR LINEAR LINEAR LINEAR
LINEAR LINEAR</Name_array><technique_common><accessor source="#mixamorig_Spine-Interpolations-array" count="37"><param type="name"/></accessor></technique_common></source><sampler id="mixamorig_Spine-Matrix-animation-transform"><input semantic="INPUT" source="#mixamorig_Spine-Matrix-animation-input"/><input semantic="OUTPUT" source="#mixamorig_Spine-Matrix-animation-output-transform"/><input semantic="INTERPOLATION" source="#mixamorig_Spine-Interpolations"/></sampler><channel source="#mixamorig_Spine-Matrix-animation-transform" target="mixamorig_Spine/matrix"/></animation>
    <animation id="mixamorig_Spine1-anim" name="mixamorig_Spine1"><source id="mixamorig_Spine1-Matrix-animation-input"><float_array id="mixamorig_Spine1-Matrix-animation-input-array" count="37">

0.000000 0.033333 0.066667 0.100000 0.133333 0.166667 0.200000 0.233333 0.266667 0.300000 0.333333 0.366667 0.400000 0.433333 0.466667 0.500000
0.533333 0.566667 0.600000 0.633333 0.666667 0.700000 0.733333 0.766667 0.800000 0.833333 0.866667 0.900000 0.933333 0.966667 1.000000 1.033333
1.066667 1.100000 1.133333 1.166667 1.200000</float_array><technique_common><accessor source="#mixamorig_Spine1-Matrix-animation-input-array" count="37"><param name="TIME" type="float"/></accessor></technique_common></source><source id="mixamorig_Spine1-Matrix-animation-output-transform"><float_array id="mixamorig_Spine1-Matrix-animation-output-transform-array" count="592">

0.997731 -0.052605 -0.042009 -0.000100 0.053822 0.998147 0.028387 11.645400 0.040438 -0.030583 0.998714 -1.422300 0.000000 0.000000 0.000000 1.000000
0.997704 -0.054254 -0.040542 -0.000100 0.055381 0.998095 0.027197 11.645400 0.038989 -0.029380 0.998808 -1.422300 0.000000 0.000000 0.000000 1.000000
0.997714 -0.055352 -0.038765 -0.000100 0.056424 0.998038 0.027141 11.645400 0.037187 -0.029267 0.998880 -1.422300 0.000000 0.000000 0.000000 1.000000
0.997807 -0.055291 -0.036378 -0.000100 0.056367 0.997982 0.029241 11.645400 0.034688 -0.031227 0.998910 -1.422300 0.000000 0.000000 0.000000 1.000000
0.997962 -0.053407 -0.034918 -0.000100 0.054610 0.997912 0.034479 11.645400 0.033004 -0.036315 0.998795 -1.422300 0.000000 0.000000 0.000000 1.000000
0.998134 -0.049964 -0.035111 -0.000100 0.051336 0.997906 0.039346 11.645400 0.033071 -0.041075 0.998609 -1.422300 0.000000 0.000000 0.000000 1.000000
0.998417 -0.045062 -0.033664 -0.000100 0.046398 0.998121 0.040019 11.645400 0.031797 -0.041518 0.998632 -1.422300 0.000000 0.000000 0.000000 1.000000
0.998789 -0.039974 -0.028674 -0.000100 0.040994 0.998513 0.035926 11.645400 0.027195 -0.037058 0.998943 -1.422300 0.000000 0.000000 0.000000 1.000000
0.999094 -0.036464 -0.021946 -0.000100 0.037123 0.998848 0.030415 11.645400 0.020812 -0.031202 0.999296 -1.422300 0.000000 0.000000 0.000000 1.000000
0.999241 -0.035266 -0.016534 -0.000100 0.035713 0.998981 0.027580 11.645400 0.015544 -0.028149 0.999483 -1.422300 0.000000 0.000000 0.000000 1.000000
0.999285 -0.035737 -0.012315 -0.000100 0.036071 0.998955 0.028066 11.645400 0.011299 -0.028491 0.999530 -1.422300 0.000000 0.000000 0.000000 1.000000
0.999313 -0.036663 -0.005324 -0.000100 0.036801 0.998913 0.028617 11.645400 0.004269 -0.028793 0.999576 -1.422300 0.000000 0.000000 0.000000 1.000000
0.999301 -0.036656 0.007318 -0.000100 0.036456 0.999001 0.025829 11.645400 -0.008258 -0.025544 0.999640 -1.422300 0.000000 0.000000 0.000000 1.000000
0.999172 -0.034215 0.022001 -0.000100 0.033779 0.999231 0.019889 11.645400 -0.022664 -0.019130 0.999560 -1.422300 0.000000 0.000000 0.000000 1.000000
0.999165 -0.027988 0.029765 -0.000100 0.027582 0.999522 0.013962 11.645400 -0.030142 -0.013129 0.999459 -1.422300 0.000000 0.000000 0.000000 1.000000
0.999554 -0.017994 0.023830 -0.000100 0.017748 0.999787 0.010491 11.645400 -0.024013 -0.010063 0.999661 -1.422300 0.000000 0.000000 0.000000 1.000000
0.999958 -0.007265 0.005601 -0.000100 0.007215 0.999934 0.008922 11.645400 -0.005666 -0.008881 0.999945 -1.422300 0.000000 0.000000 0.000000 1.000000
0.999843 -0.001061 -0.017664 -0.000100 0.001187 0.999974 0.007128 11.645400 0.017656 -0.007148 0.999819 -1.422300 0.000000 0.000000 0.000000 1.000000
0.999196 -0.003424 -0.039947 -0.000100 0.003597 0.999984 0.004254 11.645400 0.039932 -0.004394 0.999193 -1.422300 0.000000 0.000000 0.000000 1.000000
0.998129 -0.013789 -0.059562 -0.000100 0.013888 0.999903 0.001260 11.645400 0.059539 -0.002085 0.998224 -1.422300 0.000000 0.000000 0.000000 1.000000
0.996739 -0.026695 -0.076151 -0.000100 0.026704 0.999643 -0.000902 11.645400 0.076147 -0.001135 0.997096 -1.422300 0.000000 0.000000 0.000000 1.000000
0.995528 -0.035689 -0.087464 -0.000100 0.035629 0.999363 -0.002258 11.645400 0.087489 -0.000868 0.996165 -1.422300 0.000000 0.000000 0.000000 1.000000
0.995157 -0.038637 -0.090388 -0.000100 0.038539 0.999253 -0.002827 11.645400 0.090430 -0.000670 0.995903 -1.422300 0.000000 0.000000 0.000000 1.000000
0.995682 -0.039085 -0.084198 -0.000100 0.039083 0.999235 -0.001670 11.645400 0.084199 -0.001628 0.996448 -1.422300 0.000000 0.000000 0.000000 1.000000
0.996526 -0.041955 -0.071949 -0.000100 0.042250 0.999104 0.002586 11.645400 0.071776 -0.005617 0.997405 -1.422300 0.000000 0.000000 0.000000 1.000000
0.997120 -0.048034 -0.058692 -0.000100 0.048712 0.998761 0.010176 11.645400 0.058131 -0.013005 0.998224 -1.422300 0.000000 0.000000 0.000000 1.000000
0.997387 -0.053509 -0.048529 -0.000100 0.054496 0.998328 0.019258 11.645400 0.047417 -0.021852 0.998636 -1.422300 0.000000 0.000000 0.000000 1.000000
0.997563 -0.054943 -0.043007 -0.000100 0.056135 0.998057 0.027028 11.645400 0.041438 -0.029377 0.998709 -1.422300 0.000000 0.000000 0.000000 1.000000
0.997764 -0.052448 -0.041437 -0.000100 0.053786 0.998044 0.031860 11.645400 0.039685 -0.034018 0.998633 -1.422300 0.000000 0.000000 0.000000 1.000000
0.997921 -0.048827 -0.042072 -0.000100 0.050267 0.998161 0.033869 11.645400 0.040341 -0.035913 0.998540 -1.422300 0.000000 0.000000 0.000000 1.000000
0.997976 -0.046683 -0.043170 -0.000100 0.048175 0.998253 0.034193 11.645400 0.041499 -0.036204 0.998482 -1.422300 0.000000 0.000000 0.000000 1.000000
0.997982 -0.046101 -0.043676 -0.000100 0.047605 0.998286 0.034041 11.645400 0.042032 -0.036052 0.998466 -1.422300 0.000000 0.000000 0.000000 1.000000
0.997970 -0.046357 -0.043661 -0.000100 0.047854 0.998280 0.033874 11.645400 0.042016 -0.035895 0.998472 -1.422300 0.000000 0.000000 0.000000 1.000000
0.997904 -0.047422 -0.044026 -0.000100 0.048907 0.998249 0.033280 11.645400 0.042370 -0.035364 0.998476 -1.422300 0.000000 0.000000 0.000000 1.000000
0.997836 -0.048994 -0.043850 -0.000100 0.050413 0.998220 0.031864 11.645400 0.042211 -0.034006 0.998530 -1.422300 0.000000 0.000000 0.000000 1.000000
0.997779 -0.050767 -0.043116 -0.000100 0.052089 0.998188 0.030114 11.645400 0.041509 -0.032293 0.998616 -1.422300 0.000000 0.000000 0.000000 1.000000
0.997731 -0.052605 -0.042009 -0.000100 0.053822 0.998147 0.028387 11.645400 0.040438 -0.030583 0.998714 -1.422300 0.000000 0.000000 0.000000 1.000000</float_array><technique_common><accessor source="#mixamorig_Spine1-Matrix-animation-output-transform-array" count="37" stride="16"><param type="float4x4"/></accessor></technique_common></source><source id="mixamorig_Spine1-Interpolations"><Name_array id="mixamorig_Spine1-Interpolations-array" count="37">
 LINEAR LINEAR LINEAR LINEAR LINEAR LINEAR LINEAR LINEAR LINEAR LINEAR LINEAR
LINEAR LINEAR LINEAR LINEAR LINEAR LINEAR LINEAR LINEAR LINEAR LINEAR LINEAR LINEAR
LINEAR LINEAR LINEAR LINEAR LINEAR LINEAR LINEAR LINEAR LINEAR LINEAR LINEAR LINEAR
LINEAR LINEAR</Name_array><technique_common><accessor source="#mixamorig_Spine1-Interpolations-array" count="37"><param type="name"/></accessor></technique_common></source><sampler id="mixamorig_Spine1-Matrix-animation-transform"><input semantic="INPUT" source="#mixamorig_Spine1-Matrix-animation-input"/><input semantic="OUTPUT" source="#mixamorig_Spine1-Matrix-animation-output-transform"/><input semantic="INTERPOLATION" source="#mixamorig_Spine1-Interpolations"/></sampler><channel source="#mixamorig_Spine1-Matrix-animation-transform" target="mixamorig_Spine1/matrix"/></animation>
    <animation id="mixamorig_Spine2-anim" name="mixamorig_Spine2"><source id="mixamorig_Spine2-Matrix-animation-input"><float_array id="mixamorig_Spine2-Matrix-animation-input-array" count="37">

0.000000 0.033333 0.066667 0.100000 0.133333 0.166667 0.200000 0.233333 0.266667 0.300000 0.333333 0.366667 0.400000 0.433333 0.466667 0.500000
0.533333 0.566667 0.600000 0.633333 0.666667 0.700000 0.733333 0.766667 0.800000 0.833333 0.866667 0.900000 0.933333 0.966667 1.000000 1.033333
1.066667 1.100000 1.133333 1.166667 1.200000</float_array><technique_common><accessor source="#mixamorig_Spine2-Matrix-animation-input-array" count="37"><param name="TIME" type="float"/></accessor></technique_common></source><source id="mixamorig_Spine2-Matrix-animation-output-transform"><float_array id="mixamorig_Spine2-Matrix-animation-output-transform-array" count="592">

0.997741 -0.054434 -0.039377 0.000100 0.055637 0.997996 0.030129 13.360200 0.037658 -0.032252 0.998770 -1.626500 0.000000 0.000000 0.000000 1.000000
0.997713 -0.056048 -0.037770 0.000100 0.057163 0.997941 0.029105 13.360200 0.036061 -0.031197 0.998863 -1.626500 0.000000 0.000000 0.000000 1.000000
0.997729 -0.056996 -0.035891 0.000100 0.058058 0.997884 0.029256 13.360200 0.034147 -0.031273 0.998927 -1.626500 0.000000 0.000000 0.000000 1.000000
0.997841 -0.056401 -0.033644 0.000100 0.057466 0.997848 0.031575 13.360200 0.031791 -0.033440 0.998935 -1.626500 0.000000 0.000000 0.000000 1.000000
0.998012 -0.054114 -0.032292 0.000100 0.055293 0.997792 0.036802 13.360200 0.030229 -0.038515 0.998801 -1.626500 0.000000 0.000000 0.000000 1.000000
0.998194 -0.050444 -0.032628 0.000100 0.051780 0.997796 0.041495 13.360200 0.030462 -0.043110 0.998606 -1.626500 0.000000 0.000000 0.000000 1.000000
0.998473 -0.045455 -0.031387 0.000100 0.046754 0.998024 0.041971 13.360200 0.029417 -0.043374 0.998626 -1.626500 0.000000 0.000000 0.000000 1.000000
0.998833 -0.040320 -0.026601 0.000100 0.041310 0.998431 0.037806 13.360200 0.025035 -0.038860 0.998931 -1.626500 0.000000 0.000000 0.000000 1.000000
0.999125 -0.036723 -0.019992 0.000100 0.037358 0.998778 0.032355 13.360200 0.018779 -0.033073 0.999276 -1.626500 0.000000 0.000000 0.000000 1.000000
0.999268 -0.035355 -0.014606 0.000100 0.035775 0.998921 0.029601 13.360200 0.013543 -0.030102 0.999455 -1.626500 0.000000 0.000000 0.000000 1.000000
0.999317 -0.035470 -0.010400 0.000100 0.035770 0.998905 0.030149 13.360200 0.009319 -0.030501 0.999491 -1.626500 0.000000 0.000000 0.000000 1.000000
0.999356 -0.035723 -0.003505 0.000100 0.035814 0.998882 0.030853 13.360200 0.002399 -0.030958 0.999518 -1.626500 0.000000 0.000000 0.000000 1.000000
0.999353 -0.034845 0.008910 0.000100 0.034580 0.998999 0.028376 13.360200 -0.009890 -0.028050 0.999558 -1.626500 0.000000 0.000000 0.000000 1.000000
0.999220 -0.031943 0.023235 0.000100 0.031417 0.999249 0.022672 13.360200 -0.023942 -0.021924 0.999473 -1.626500 0.000000 0.000000 0.000000 1.000000
0.999188 -0.026307 0.030528 0.000100 0.025813 0.999531 0.016461 13.360200 -0.030947 -0.015660 0.999398 -1.626500 0.000000 0.000000 0.000000 1.000000
0.999553 -0.017742 0.024050 0.000100 0.017458 0.999776 0.011966 13.360200 -0.024257 -0.011541 0.999639 -1.626500 0.000000 0.000000 0.000000 1.000000
0.999953 -0.008117 0.005337 0.000100 0.008069 0.999927 0.009043 13.360200 -0.005410 -0.008999 0.999945 -1.626500 0.000000 0.000000 0.000000 1.000000
0.999834 -0.001943 -0.018119 0.000100 0.002061 0.999977 0.006457 13.360200 0.018106 -0.006494 0.999815 -1.626500 0.000000 0.000000 0.000000 1.000000
0.999187 -0.004031 -0.040111 0.000100 0.004188 0.999984 0.003826 13.360200 0.040095 -0.003991 0.999188 -1.626500 0.000000 0.000000 0.000000 1.000000
0.998142 -0.015097 -0.059032 0.000100 0.015219 0.999883 0.001614 13.360200 0.059000 -0.002509 0.998255 -1.626500 0.000000 0.000000 0.000000 1.000000
0.996752 -0.029698 -0.074852 0.000100 0.029779 0.999557 -0.000041 13.360200 0.074821 -0.002188 0.997195 -1.626500 0.000000 0.000000 0.000000 1.000000
0.995514 -0.040183 -0.085660 0.000100 0.040209 0.999190 -0.001426 13.360200 0.085648 -0.002025 0.996323 -1.626500 0.000000 0.000000 0.000000 1.000000
0.995131 -0.043535 -0.088421 0.000100 0.043508 0.999051 -0.002241 13.360200 0.088434 -0.001617 0.996081 -1.626500 0.000000 0.000000 0.000000 1.000000
0.995666 -0.043472 -0.082219 0.000100 0.043519 0.999052 -0.001213 13.360200 0.082194 -0.002371 0.996614 -1.626500 0.000000 0.000000 0.000000 1.000000
0.996517 -0.045528 -0.069866 0.000100 0.045856 0.998943 0.003102 13.360200 0.069651 -0.006295 0.997552 -1.626500 0.000000 0.000000 0.000000 1.000000
0.997114 -0.050865 -0.056354 0.000100 0.051556 0.998611 0.010871 13.360200 0.055723 -0.013745 0.998352 -1.626500 0.000000 0.000000 0.000000 1.000000
0.997388 -0.055744 -0.045942 0.000100 0.056717 0.998187 0.020163 13.360200 0.044734 -0.022716 0.998741 -1.626500 0.000000 0.000000 0.000000 1.000000
0.997574 -0.056715 -0.040367 0.000100 0.057872 0.997928 0.028109 13.360200 0.038689 -0.030377 0.998789 -1.626500 0.000000 0.000000 0.000000 1.000000
0.997787 -0.053893 -0.038956 0.000100 0.055193 0.997927 0.033109 13.360200 0.037091 -0.035186 0.998692 -1.626500 0.000000 0.000000 0.000000 1.000000
0.997952 -0.050069 -0.039820 0.000100 0.051483 0.998049 0.035323 13.360200 0.037974 -0.037301 0.998582 -1.626500 0.000000 0.000000 0.000000 1.000000
0.998010 -0.047819 -0.041093 0.000100 0.049301 0.998141 0.035838 13.360200 0.039303 -0.037792 0.998512 -1.626500 0.000000 0.000000 0.000000 1.000000
0.998015 -0.047205 -0.041686 0.000100 0.048706 0.998172 0.035769 13.360200 0.039921 -0.037728 0.998490 -1.626500 0.000000 0.000000 0.000000 1.000000
0.998001 -0.047502 -0.041680 0.000100 0.048995 0.998166 0.035557 13.360200 0.039914 -0.037528 0.998498 -1.626500 0.000000 0.000000 0.000000 1.000000
0.997931 -0.048709 -0.041968 0.000100 0.050186 0.998131 0.034884 13.360200 0.040190 -0.036918 0.998510 -1.626500 0.000000 0.000000 0.000000 1.000000
0.997853 -0.050598 -0.041589 0.000100 0.052002 0.998088 0.033399 13.360200 0.039820 -0.035490 0.998576 -1.626500 0.000000 0.000000 0.000000 1.000000
0.997792 -0.052523 -0.040659 0.000100 0.053829 0.998046 0.031733 13.360200 0.038913 -0.033852 0.998669 -1.626500 0.000000 0.000000 0.000000 1.000000
0.997741 -0.054434 -0.039377 0.000100 0.055637 0.997996 0.030129 13.360200 0.037658 -0.032252 0.998770 -1.626500 0.000000 0.000000 0.000000 1.000000</float_array><technique_common><accessor source="#mixamorig_Spine2-Matrix-animation-output-transform-array" count="37" stride="16"><param type="float4x4"/></accessor></technique_common></source><source id="mixamorig_Spine2-Interpolations"><Name_array id="mixamorig_Spine2-Interpolations-array" count="37">
 LINEAR LINEAR LINEAR LINEAR LINEAR LINEAR LINEAR LINEAR LINEAR LINEAR LINEAR
LINEAR LINEAR LINEAR LINEAR LINEAR LINEAR LINEAR LINEAR LINEAR LINEAR LINEAR LINEAR
LINEAR LINEAR LINEAR LINEAR LINEAR LINEAR LINEAR LINEAR LINEAR LINEAR LINEAR LINEAR
LINEAR LINEAR</Name_array><technique_common><accessor source="#mixamorig_Spine2-Interpolations-array" count="37"><param type="name"/></accessor></technique_common></source><sampler id="mixamorig_Spine2-Matrix-animation-transform"><input semantic="INPUT" source="#mixamorig_Spine2-Matrix-animation-input"/><input semantic="OUTPUT" source="#mixamorig_Spine2-Matrix-animation-output-transform"/><input semantic="INTERPOLATION" source="#mixamorig_Spine2-Interpolations"/></sampler><channel source="#mixamorig_Spine2-Matrix-animation-transform" target="mixamorig_Spine2/matrix"/></animation>
    <animation id="mixamorig_Neck-anim" name="mixamorig_Neck"><source id="mixamorig_Neck-Matrix-animation-input"><float_array id="mixamorig_Neck-Matrix-animation-input-array" count="37">

0.000000 0.033333 0.066667 0.100000 0.133333 0.166667 0.200000 0.233333 0.266667 0.300000 0.333333 0.366667 0.400000 0.433333 0.466667 0.500000
0.533333 0.566667 0.600000 0.633333 0.666667 0.700000 0.733333 0.766667 0.800000 0.833333 0.866667 0.900000 0.933333 0.966667 1.000000 1.033333
1.066667 1.100000 1.133333 1.166667 1.200000</float_array><technique_common><accessor source="#mixamorig_Neck-Matrix-animation-input-array" count="37"><param name="TIME" type="float"/></accessor></technique_common></source><source id="mixamorig_Neck-Matrix-animation-output-transform"><float_array id="mixamorig_Neck-Matrix-animation-output-transform-array" count="592">

0.996495 0.083368 -0.006892 0.000000 -0.083273 0.980759 -0.176574 15.032500 -0.007961 0.176529 0.984263 0.792900 0.000000 0.000000 0.000000 1.000000
0.996129 0.087637 -0.006840 0.000000 -0.087497 0.981039 -0.172935 15.032500 -0.008445 0.172864 0.984909 0.792900 0.000000 0.000000 0.000000 1.000000
0.995827 0.090978 -0.007241 -0.000000 -0.090880 0.981216 -0.170164 15.032500 -0.008376 0.170112 0.985389 0.792900 0.000000 0.000000 0.000000 1.000000
0.995729 0.092091 -0.006549 0.000000 -0.091866 0.981242 -0.169485 15.032500 -0.009182 0.169363 0.985511 0.792900 0.000000 0.000000 0.000000 1.000000
0.995800 0.091120 -0.008951 -0.000000 -0.091319 0.981372 -0.169024 15.032500 -0.006618 0.169131 0.985571 0.792900 0.000000 0.000000 0.000000 1.000000
0.995790 0.090981 -0.011142 0.000000 -0.091556 0.981468 -0.168337 15.032500 -0.004380 0.168648 0.985667 0.792900 0.000000 0.000000 0.000000 1.000000
0.995645 0.092288 -0.013229 -0.000000 -0.093204 0.981831 -0.165291 15.032500 -0.002265 0.165804 0.986156 0.792900 0.000000 0.000000 0.000000 1.000000
0.995352 0.094919 -0.016262 0.000000 -0.096298 0.982544 -0.159168 15.032500 0.000870 0.159994 0.987118 0.792900 0.000000 0.000000 0.000000 1.000000
0.994982 0.098020 -0.020095 -0.000000 -0.099941 0.983286 -0.152186 15.032500 0.004842 0.153430 0.988148 0.792900 0.000000 0.000000 0.000000 1.000000
0.994736 0.099943 -0.022619 0.000000 -0.102197 0.983741 -0.147677 15.032500 0.007492 0.149211 0.988777 0.792900 0.000000 0.000000 0.000000 1.000000
0.994861 0.099078 -0.020839 0.000000 -0.101070 0.984001 -0.146720 15.032500 0.005969 0.148072 0.988959 0.792900 0.000000 0.000000 0.000000 1.000000
0.995407 0.094897 -0.012619 0.000000 -0.095719 0.984436 -0.147391 15.032500 -0.001565 0.147922 0.988998 0.792900 0.000000 0.000000 0.000000 1.000000
0.996110 0.088088 0.002185 -0.000000 -0.086796 0.985173 -0.147989 15.032500 -0.015189 0.147223 0.988987 0.792900 0.000000 0.000000 0.000000 1.000000
0.996602 0.079595 0.021213 0.000000 -0.075534 0.985772 -0.150162 15.032500 -0.032863 0.148049 0.988434 0.792900 0.000000 0.000000 0.000000 1.000000
0.996762 0.069759 0.039980 0.000000 -0.062661 0.985544 -0.157406 15.032500 -0.050383 0.154391 0.986724 0.792900 0.000000 0.000000 0.000000 1.000000
0.996823 0.058893 0.053630 0.000000 -0.048983 0.984173 -0.170307 15.032500 -0.062811 0.167139 0.983930 0.792900 0.000000 0.000000 0.000000 1.000000
0.997053 0.048757 0.059225 -0.000000 -0.037064 0.982123 -0.184553 15.032500 -0.067164 0.181814 0.981037 0.792900 0.000000 0.000000 0.000000 1.000000
0.997481 0.042531 0.056770 0.000000 -0.030748 0.980465 -0.194274 15.032500 -0.063924 0.192039 0.979303 0.792900 0.000000 0.000000 0.000000 1.000000
0.997893 0.042788 0.048767 -0.000000 -0.032412 0.979952 -0.196581 15.032500 -0.056201 0.194586 0.979274 0.792900 0.000000 0.000000 0.000000 1.000000
0.997996 0.049637 0.039244 0.000000 -0.041186 0.980400 -0.192662 15.032500 -0.048038 0.190660 0.980480 0.792900 0.000000 0.000000 0.000000 1.000000
0.997661 0.060362 0.032086 0.000000 -0.053388 0.981139 -0.185784 15.032500 -0.042695 0.183636 0.982067 0.792900 0.000000 0.000000 0.000000 1.000000
0.997099 0.070500 0.028706 0.000000 -0.064251 0.981705 -0.179243 15.032500 -0.040817 0.176878 0.983386 0.792900 0.000000 0.000000 0.000000 1.000000
0.996701 0.076432 0.027283 0.000000 -0.070499 0.981961 -0.175447 15.032500 -0.040200 0.172945 0.984111 0.792900 0.000000 0.000000 0.000000 1.000000
0.996667 0.077683 0.024911 0.000000 -0.072138 0.981822 -0.175562 15.032500 -0.038097 0.173180 0.984153 0.792900 0.000000 0.000000 0.000000 1.000000
0.996882 0.076248 0.020327 0.000000 -0.071393 0.981205 -0.179273 15.032500 -0.033615 0.177263 0.983589 0.792900 0.000000 0.000000 0.000000 1.000000
0.997168 0.073814 0.014397 0.000000 -0.069893 0.980263 -0.184930 15.032500 -0.027763 0.183400 0.982646 0.792900 0.000000 0.000000 0.000000 1.000000
0.997469 0.070584 0.008590 0.000000 -0.067664 0.979370 -0.190408 15.032500 -0.021853 0.189345 0.981667 0.792900 0.000000 0.000000 0.000000 1.000000
0.997769 0.066650 0.003740 0.000000 -0.064658 0.978848 -0.194101 15.032500 -0.016597 0.193426 0.980974 0.792900 0.000000 0.000000 0.000000 1.000000
0.998010 0.063056 0.000008 -0.000000 -0.061839 0.978772 -0.195401 15.032500 -0.012329 0.195012 0.980723 0.792900 0.000000 0.000000 0.000000 1.000000
0.998138 0.060935 -0.002722 0.000000 -0.060297 0.978994 -0.194769 15.032500 -0.009204 0.194570 0.980845 0.792900 0.000000 0.000000 0.000000 1.000000
0.998163 0.060404 -0.004708 -0.000000 -0.060173 0.979273 -0.193401 15.032500 -0.007071 0.193329 0.981109 0.792900 0.000000 0.000000 0.000000 1.000000
0.998109 0.061157 -0.006111 0.000000 -0.061190 0.979420 -0.192335 15.032500 -0.005777 0.192346 0.981310 0.792900 0.000000 0.000000 0.000000 1.000000
0.997950 0.063653 -0.006667 -0.000000 -0.063750 0.979416 -0.191519 15.032500 -0.005661 0.191552 0.981466 0.792900 0.000000 0.000000 0.000000 1.000000
0.997617 0.068740 -0.005988 0.000000 -0.068624 0.979397 -0.189928 15.032500 -0.007191 0.189887 0.981780 0.792900 0.000000 0.000000 0.000000 1.000000
0.997253 0.073752 -0.006875 0.000000 -0.073747 0.979892 -0.185398 15.032500 -0.006937 0.185396 0.982639 0.792900 0.000000 0.000000 0.000000 1.000000
0.996879 0.078635 -0.006961 0.000000 -0.078595 0.980364 -0.180858 15.032500 -0.007397 0.180841 0.983485 0.792900 0.000000 0.000000 0.000000 1.000000
0.996495 0.083368 -0.006892 0.000000 -0.083273 0.980759 -0.176574 15.032500 -0.007961 0.176529 0.984263 0.792900 0.000000 0.000000 0.000000 1.000000</float_array><technique_common><accessor source="#mixamorig_Neck-Matrix-animation-output-transform-array" count="37" stride="16"><param type="float4x4"/></accessor></technique_common></source><source id="mixamorig_Neck-Interpolations"><Name_array id="mixamorig_Neck-Interpolations-array" count="37">
 LINEAR LINEAR LINEAR LINEAR LINEAR LINEAR LINEAR LINEAR LINEAR LINEAR LINEAR
LINEAR LINEAR LINEAR LINEAR LINEAR LINEAR LINEAR LINEAR LINEAR LINEAR LINEAR LINEAR
LINEAR LINEAR LINEAR LINEAR LINEAR LINEAR LINEAR LINEAR LINEAR LINEAR LINEAR LINEAR
LINEAR LINEAR</Name_array><technique_common><accessor source="#mixamorig_Neck-Interpolations-array" count="37"><param type="name"/></accessor></technique_common></source><sampler id="mixamorig_Neck-Matrix-animation-transform"><input semantic="INPUT" source="#mixamorig_Neck-Matrix-animation-input"/><input semantic="OUTPUT" source="#mixamorig_Neck-Matrix-animation-output-transform"/><input semantic="INTERPOLATION" source="#mixamorig_Neck-Interpolations"/></sampler><channel source="#mixamorig_Neck-Matrix-animation-transform" target="mixamorig_Neck/matrix"/></animation>
    <animation id="mixamorig_Head-anim" name="mixamorig_Head"><source id="mixamorig_Head-Matrix-animation-input"><float_array id="mixamorig_Head-Matrix-animation-input-array" count="37">

0.000000 0.033333 0.066667 0.100000 0.133333 0.166667 0.200000 0.233333 0.266667 0.300000 0.333333 0.366667 0.400000 0.433333 0.466667 0.500000
0.533333 0.566667 0.600000 0.633333 0.666667 0.700000 0.733333 0.766667 0.800000 0.833333 0.866667 0.900000 0.933333 0.966667 1.000000 1.033333
1.066667 1.100000 1.133333 1.166667 1.200000</float_array><technique_common><accessor source="#mixamorig_Head-Matrix-animation-input-array" count="37"><param name="TIME" type="float"/></accessor></technique_common></source><source id="mixamorig_Head-Matrix-animation-output-transform"><float_array id="mixamorig_Head-Matrix-animation-output-transform-array" count="592">

0.997690 0.065051 -0.019571 -0.000000 -0.063488 0.995381 0.072012 10.321800 0.024165 -0.070604 0.997212 3.142400 0.000000 0.000000 0.000000 1.000000
0.998024 0.058395 -0.023212 -0.000000 -0.056061 0.994279 0.090921 10.321800 0.028388 -0.089440 0.995588 3.142400 0.000000 0.000000 0.000000 1.000000
0.998199 0.051541 -0.030692 -0.000000 -0.047950 0.992990 0.108032 10.321800 0.036045 -0.106366 0.993673 3.142400 0.000000 0.000000 0.000000 1.000000
0.998021 0.044150 -0.044771 -0.000000 -0.038391 0.991762 0.122202 10.321800 0.049797 -0.120241 0.991495 3.142400 0.000000 0.000000 0.000000 1.000000
0.997347 0.032107 -0.065336 -0.000000 -0.023551 0.991527 0.127748 10.321800 0.068884 -0.125870 0.989652 3.142400 0.000000 0.000000 0.000000 1.000000
0.996286 0.018859 -0.084011 0.000000 -0.007874 0.991586 0.129213 10.321800 0.085741 -0.128072 0.988052 3.142400 0.000000 0.000000 0.000000 1.000000
0.994559 0.003419 -0.104123 0.000000 0.010535 0.991037 0.133169 10.321800 0.103645 -0.133541 0.985609 3.142400 0.000000 0.000000 0.000000 1.000000
0.991292 -0.014293 -0.130904 0.000000 0.033401 0.988873 0.144963 10.321800 0.127376 -0.148073 0.980739 3.142400 0.000000 0.000000 0.000000 1.000000
