<?xml version="1.0" encoding="utf-8"?>
<COLLADA xmlns="http://www.collada.org/2005/11/COLLADASchema" version="1.4.1">
  <asset><contributor><author>Mixamo</author><authoring_tool>COLLADA Mixamo exporter</authoring_tool><comments></comments></contributor><created>2018-10-23T15:55:52Z</created><modified>2018-10-23T15:55:52Z</modified><revision></revision><title></title><unit meter="0.010000"/><up_axis>Y_UP</up_axis></asset>
  <library_animations>
    <animation id="mixamorig_Hips-anim" name="mixamorig_Hips"><source id="mixamorig_Hips-Matrix-animation-input"><float_array id="mixamorig_Hips-Matrix-animation-input-array" count="42">

0.000000 0.033333 0.066667 0.100000 0.133333 0.166667 0.200000 0.233333 0.266667 0.300000 0.333333 0.366667 0.400000 0.433333 0.466667 0.500000
0.533333 0.566667 0.600000 0.633333 0.666667 0.700000 0.733333 0.766667 0.800000 0.833333 0.866667 0.900000 0.933333 0.966667 1.000000 1.033333
1.066667 1.100000 1.133333 1.166667 1.200000 1.233333 1.266667 1.300000 1.333333 1.366667</float_array><technique_common><accessor source="#mixamorig_Hips-Matrix-animation-input-array" count="42"><param name="TIME" type="float"/></accessor></technique_common></source><source id="mixamorig_Hips-Matrix-animation-output-transform"><float_array id="mixamorig_Hips-Matrix-animation-output-transform-array" count="672">

0.910772 -0.039771 -0.410989 0.245011 -0.028634 0.986871 -0.158954 92.362717 0.411915 0.156540 0.897676 -0.861666 0.000000 0.000000 0.000000 1.000000
0.894780 -0.052449 -0.443416 0.285844 -0.022470 0.986529 -0.162035 92.192780 0.445941 0.154949 0.881548 -1.374460 0.000000 0.000000 0.000000 1.000000
0.872170 -0.058172 -0.485731 0.193484 -0.024103 0.986589 -0.161434 91.925156 0.488608 0.152505 0.859072 -1.836975 0.000000 0.000000 0.000000 1.000000
0.836748 -0.064275 -0.543802 0.104588 -0.030386 0.986107 -0.163309 91.623192 0.546744 0.153172 0.823170 -2.167283 0.000000 0.000000 0.000000 1.000000
0.787249 -0.074036 -0.612175 0.086278 -0.038381 0.984958 -0.168477 91.306694 0.615440 0.156129 0.772566 -2.337739 0.000000 0.000000 0.000000 1.000000
0.729318 -0.085187 -0.678851 0.122937 -0.047483 0.983523 -0.174434 90.980827 0.682525 0.159452 0.713257 -2.367110 0.000000 0.000000 0.000000 1.000000
0.675290 -0.095730 -0.731313 0.160505 -0.054196 0.982420 -0.178644 90.695518 0.735559 0.160271 0.658230 -2.260117 0.000000 0.000000 0.000000 1.000000
0.635256 -0.103790 -0.765296 0.155484 -0.056367 0.982055 -0.179976 90.462624 0.770242 0.157469 0.618006 -2.044290 0.000000 0.000000 0.000000 1.000000
0.615217 -0.111804 -0.780389 0.136156 -0.051908 0.982000 -0.181610 90.274994 0.786647 0.152239 0.598339 -1.796089 0.000000 0.000000 0.000000 1.000000
0.622092 -0.119135 -0.773827 0.140096 -0.044453 0.981387 -0.186827 90.212692 0.781681 0.150622 0.605217 -1.516224 0.000000 0.000000 0.000000 1.000000
0.655006 -0.123618 -0.745443 0.170028 -0.035576 0.980388 -0.193839 90.308716 0.754786 0.153486 0.637762 -1.222226 0.000000 0.000000 0.000000 1.000000
0.706714 -0.126902 -0.696025 0.228747 -0.023931 0.978932 -0.202781 90.483734 0.707094 0.159965 0.688788 -0.931012 0.000000 0.000000 0.000000 1.000000
0.774602 -0.128007 -0.619359 0.291284 -0.008776 0.977033 -0.212906 90.641983 0.632388 0.170353 0.755689 -0.617357 0.000000 0.000000 0.000000 1.000000
0.855562 -0.118009 -0.504071 0.243678 0.006693 0.976113 -0.217159 90.739799 0.517657 0.182419 0.835915 -0.229922 0.000000 0.000000 0.000000 1.000000
0.934257 -0.093839 -0.344032 0.048393 0.019957 0.977002 -0.212293 90.834183 0.356041 0.191470 0.914644 0.272308 0.000000 0.000000 0.000000 1.000000
0.988184 -0.057716 -0.141992 -0.302882 0.028574 0.979524 -0.199291 90.972023 0.150587 0.192879 0.969599 0.934851 0.000000 0.000000 0.000000 1.000000
0.995922 -0.015934 0.088806 -0.707312 0.031704 0.983316 -0.179122 91.096191 -0.084470 0.181207 0.979811 1.799724 0.000000 0.000000 0.000000 1.000000
0.945954 0.021212 0.323605 -1.085812 0.030831 0.987457 -0.154852 91.179253 -0.322831 0.156460 0.933435 2.858632 0.000000 0.000000 0.000000 1.000000
0.845652 0.046572 0.531699 -1.324931 0.027405 0.991083 -0.130395 91.103600 -0.533031 0.124840 0.836835 3.972294 0.000000 0.000000 0.000000 1.000000
0.731085 0.056574 0.679936 -1.294186 0.023478 0.993880 -0.107940 90.838562 -0.681882 0.094877 0.725283 4.913010 0.000000 0.000000 0.000000 1.000000
0.645063 0.052160 0.762347 -1.075298 0.023199 0.995871 -0.087768 90.497437 -0.763777 0.074301 0.641189 5.543243 0.000000 0.000000 0.000000 1.000000
0.600670 0.040087 0.798491 -0.876060 0.029622 0.996941 -0.072333 90.214874 -0.798948 0.067101 0.597645 5.979997 0.000000 0.000000 0.000000 1.000000
0.577981 0.032736 0.815394 -0.869352 0.038982 0.996947 -0.067656 89.987381 -0.815119 0.070889 0.574940 6.427985 0.000000 0.000000 0.000000 1.000000
0.556598 0.035673 0.830016 -1.009401 0.045317 0.996287 -0.073209 89.830017 -0.829545 0.078362 0.552915 7.019031 0.000000 0.000000 0.000000 1.000000
0.538103 0.044960 0.841679 -1.183844 0.046821 0.995440 -0.083107 89.798004 -0.841578 0.084128 0.533544 7.605584 0.000000 0.000000 0.000000 1.000000
0.533624 0.055373 0.843907 -1.244571 0.044507 0.994633 -0.093406 89.841988 -0.844550 0.087404 0.528296 8.044679 0.000000 0.000000 0.000000 1.000000
0.549859 0.064886 0.832734 -1.060057 0.039889 0.993801 -0.103775 89.901154 -0.834305 0.090279 0.543862 8.351665 0.000000 0.000000 0.000000 1.000000
0.588108 0.070549 0.805700 -0.609384 0.035635 0.992961 -0.112956 90.087189 -0.807997 0.095141 0.581454 8.409539 0.000000 0.000000 0.000000 1.000000
0.645524 0.070624 0.760467 -0.161696 0.033095 0.992193 -0.120237 90.368790 -0.763022 0.102783 0.638148 8.010120 0.000000 0.000000 0.000000 1.000000
0.715253 0.066804 0.695666 0.173592 0.031088 0.991394 -0.127166 90.683220 -0.698174 0.112583 0.707021 7.243304 0.000000 0.000000 0.000000 1.000000
0.788759 0.062253 0.611542 0.405648 0.025889 0.990612 -0.134232 91.004807 -0.614157 0.121709 0.779743 6.436244 0.000000 0.000000 0.000000 1.000000
0.859092 0.057796 0.508547 0.550741 0.016954 0.989845 -0.141134 91.322571 -0.511540 0.129869 0.849389 5.725552 0.000000 0.000000 0.000000 1.000000
0.919191 0.053005 0.390229 0.582467 0.005365 0.989124 -0.146989 91.627014 -0.393776 0.137204 0.908909 5.030355 0.000000 0.000000 0.000000 1.000000
0.963306 0.049434 0.263813 0.514674 -0.009318 0.988460 -0.151198 91.922409 -0.268243 0.143192 0.952650 4.320203 0.000000 0.000000 0.000000 1.000000
0.989522 0.044368 0.137398 0.421757 -0.023171 0.988080 -0.152190 92.157272 -0.142513 0.147412 0.978754 3.585881 0.000000 0.000000 0.000000 1.000000
0.999255 0.035872 0.014227 0.347015 -0.033329 0.988071 -0.150350 92.255157 -0.019450 0.149764 0.988531 2.796138 0.000000 0.000000 0.000000 1.000000
0.994338 0.025243 -0.103224 0.292176 -0.040442 0.988172 -0.147920 92.286278 0.098269 0.151257 0.983598 1.953622 0.000000 0.000000 0.000000 1.000000
0.978318 0.014509 -0.206601 0.255099 -0.045547 0.988194 -0.146284 92.327324 0.202039 0.152522 0.967428 1.116385 0.000000 0.000000 0.000000 1.000000
0.958128 0.003511 -0.286317 0.236302 -0.047266 0.988147 -0.146052 92.413757 0.282411 0.153469 0.946938 0.402166 0.000000 0.000000 0.000000 1.000000
0.940119 -0.009716 -0.340707 0.220339 -0.043483 0.988007 -0.148160 92.450737 0.338061 0.154103 0.928422 -0.114744 0.000000 0.000000 0.000000 1.000000
0.924736 -0.025342 -0.379764 0.209036 -0.035609 0.987644 -0.152617 92.446808 0.378939 0.154653 0.912408 -0.491133 0.000000 0.000000 0.000000 1.000000
0.910772 -0.039771 -0.410989 0.245040 -0.028635 0.986870 -0.158955 92.362717 0.411915 0.156540 0.897675 -0.861657 0.000000 0.000000 0.000000 1.000000</float_array><technique_common><accessor source="#mixamorig_Hips-Matrix-animation-output-transform-array" count="42" stride="16"><param type="float4x4"/></accessor></technique_common></source><source id="mixamorig_Hips-Interpolations"><Name_array id="mixamorig_Hips-Interpolations-array" count="42">
 LINEAR LINEAR LINEAR LINEAR LINEAR LINEAR LINEAR LINEAR LINEAR LINEAR LINEAR
LINEAR LINEAR LINEAR LINEAR LINEAR LINEAR LINEAR LINEAR LINEAR LINEAR LINEAR LINEAR
LINEAR LINEAR LINEAR LINEAR LINEAR LINEAR LINEAR LINEAR LINEAR LINEAR LINEAR LINEAR
LINEAR LINEAR LINEAR LINEAR LINEAR LINEAR LINEAR</Name_array><technique_common><accessor source="#mixamorig_Hips-Interpolations-array" count="42"><param type="name"/></accessor></technique_common></source><sampler id="mixamorig_Hips-Matrix-animation-transform"><input semantic="INPUT" source="#mixamorig_Hips-Matrix-animation-input"/><input semantic="OUTPUT" source="#mixamorig_Hips-Matrix-animation-output-transform"/><input semantic="INTERPOLATION" source="#mixamorig_Hips-Interpolations"/></sampler><channel source="#mixamorig_Hips-Matrix-animation-transform" target="mixamorig_Hips/matrix"/></animation>
    <animation id="mixamorig_Spine-anim" name="mixamorig_Spine"><source id="mixamorig_Spine-Matrix-animation-input"><float_array id="mixamorig_Spine-Matrix-animation-input-array" count="42">

0.000000 0.033333 0.066667 0.100000 0.133333 0.166667 0.200000 0.233333 0.266667 0.300000 0.333333 0.366667 0.400000 0.433333 0.466667 0.500000
0.533333 0.566667 0.600000 0.633333 0.666667 0.700000 0.733333 0.766667 0.800000 0.833333 0.866667 0.900000 0.933333 0.966667 1.000000 1.033333
1.066667 1.100000 1.133333 1.166667 1.200000 1.233333 1.266667 1.300000 1.333333 1.366667</float_array><technique_common><accessor source="#mixamorig_Spine-Matrix-animation-input-array" count="42"><param name="TIME" type="float"/></accessor></technique_common></source><source id="mixamorig_Spine-Matrix-animation-output-transform"><float_array id="mixamorig_Spine-Matrix-animation-output-transform-array" count="672">

0.999985 0.005289 -0.001657 0.000000 -0.005331 0.999636 -0.026462 9.923500 0.001517 0.026470 0.999648 -1.227300 0.000000 0.000000 0.000000 1.000000
0.999943 0.009877 -0.004109 0.000000 -0.009991 0.999542 -0.028577 9.923500 0.003825 0.028617 0.999583 -1.227300 0.000000 0.000000 0.000000 1.000000
0.999905 0.012269 -0.006353 0.000000 -0.012470 0.999389 -0.032658 9.923500 0.005949 0.032734 0.999446 -1.227300 0.000000 0.000000 0.000000 1.000000
0.999870 0.012798 -0.009766 -0.000000 -0.013133 0.999299 -0.035044 9.923500 0.009311 0.035167 0.999338 -1.227300 0.000000 0.000000 0.000000 1.000000
0.999810 0.012562 -0.014899 0.000000 -0.013092 0.999266 -0.036003 9.923500 0.014436 0.036192 0.999241 -1.227300 0.000000 0.000000 0.000000 1.000000
0.999694 0.012309 -0.021465 0.000000 -0.013083 0.999256 -0.036276 9.923500 0.021003 0.036546 0.999111 -1.227300 0.000000 0.000000 0.000000 1.000000
0.999484 0.013251 -0.029266 0.000000 -0.014300 0.999253 -0.035910 9.923500 0.028769 0.036310 0.998926 -1.227300 0.000000 0.000000 0.000000 1.000000
0.999207 0.015086 -0.036851 0.000000 -0.016409 0.999222 -0.035862 9.923500 0.036281 0.036439 0.998677 -1.227300 0.000000 0.000000 0.000000 1.000000
0.998889 0.018751 -0.043226 0.000000 -0.020337 0.999125 -0.036549 9.923500 0.042503 0.037387 0.998397 -1.227300 0.000000 0.000000 0.000000 1.000000
0.998561 0.021416 -0.049167 0.000000 -0.023182 0.999096 -0.035641 9.923500 0.048359 0.036729 0.998154 -1.227300 0.000000 0.000000 0.000000 1.000000
0.998263 0.022636 -0.054384 0.000000 -0.024557 0.999089 -0.034906 9.923500 0.053544 0.036181 0.997910 -1.227300 0.000000 0.000000 0.000000 1.000000
0.998077 0.022495 -0.057758 -0.000000 -0.024514 0.999105 -0.034483 9.923500 0.056931 0.035832 0.997735 -1.227300 0.000000 0.000000 0.000000 1.000000
0.998105 0.019739 -0.058280 -0.000000 -0.021763 0.999175 -0.034301 9.923500 0.057555 0.035504 0.997711 -1.227300 0.000000 0.000000 0.000000 1.000000
0.998340 0.011790 -0.056368 0.000000 -0.013782 0.999290 -0.035070 9.923500 0.055915 0.035789 0.997794 -1.227300 0.000000 0.000000 0.000000 1.000000
0.998616 -0.001087 -0.052590 -0.000000 -0.000771 0.999377 -0.035294 9.923500 0.052596 0.035286 0.997992 -1.227300 0.000000 0.000000 0.000000 1.000000
0.998759 -0.017528 -0.046618 0.000000 0.015919 0.999272 -0.034660 9.923500 0.047191 0.033874 0.998311 -1.227300 0.000000 0.000000 0.000000 1.000000
0.998676 -0.034063 -0.038558 0.000000 0.032807 0.998925 -0.032746 9.923500 0.039632 0.031437 0.998720 -1.227300 0.000000 0.000000 0.000000 1.000000
0.998509 -0.046466 -0.028658 0.000000 0.045598 0.998503 -0.030210 9.923500 0.030018 0.028858 0.999133 -1.227300 0.000000 0.000000 0.000000 1.000000
0.998335 -0.054916 -0.017650 -0.000000 0.054411 0.998128 -0.027922 9.923500 0.019150 0.026915 0.999454 -1.227300 0.000000 0.000000 0.000000 1.000000
0.998109 -0.061125 -0.006542 0.000000 0.060935 0.997799 -0.026161 9.923500 0.008127 0.025713 0.999636 -1.227300 0.000000 0.000000 0.000000 1.000000
0.997954 -0.063806 0.004195 0.000000 0.063891 0.997642 -0.025055 9.923500 -0.002587 0.025271 0.999677 -1.227300 0.000000 0.000000 0.000000 1.000000
0.998034 -0.060815 0.015146 0.000000 0.061187 0.997801 -0.025489 9.923500 -0.013562 0.026366 0.999560 -1.227300 0.000000 0.000000 0.000000 1.000000
0.998208 -0.053978 0.025824 -0.000000 0.054682 0.998129 -0.027373 9.923500 -0.024298 0.028736 0.999292 -1.227300 0.000000 0.000000 0.000000 1.000000
0.998265 -0.048139 0.033892 0.000000 0.049135 0.998365 -0.029201 9.923500 -0.032431 0.030816 0.998999 -1.227300 0.000000 0.000000 0.000000 1.000000
0.998203 -0.045695 0.038757 -0.000000 0.046876 0.998446 -0.030123 9.923500 -0.037320 0.031885 0.998795 -1.227300 0.000000 0.000000 0.000000 1.000000
0.998146 -0.044358 0.041677 -0.000000 0.045650 0.998489 -0.030580 9.923500 -0.040258 0.032425 0.998663 -1.227300 0.000000 0.000000 0.000000 1.000000
0.998197 -0.041635 0.043230 0.000000 0.043029 0.998566 -0.031838 9.923500 -0.041842 0.033641 0.998558 -1.227300 0.000000 0.000000 0.000000 1.000000
0.998351 -0.037645 0.043327 0.000000 0.039128 0.998658 -0.033918 9.923500 -0.041992 0.035557 0.998485 -1.227300 0.000000 0.000000 0.000000 1.000000
0.998567 -0.033863 0.041439 0.000000 0.035292 0.998790 -0.034255 9.923500 -0.040229 0.035668 0.998554 -1.227300 0.000000 0.000000 0.000000 1.000000
0.998817 -0.031213 0.037294 0.000000 0.032393 0.998980 -0.031454 9.923500 -0.036274 0.032625 0.998809 -1.227300 0.000000 0.000000 0.000000 1.000000
0.999132 -0.027107 0.031632 0.000000 0.028041 0.999173 -0.029458 9.923500 -0.030807 0.030319 0.999065 -1.227300 0.000000 0.000000 0.000000 1.000000
0.999442 -0.021277 0.025729 -0.000000 0.022022 0.999336 -0.029029 9.923500 -0.025094 0.029579 0.999247 -1.227300 0.000000 0.000000 0.000000 1.000000
0.999659 -0.016185 0.020479 -0.000000 0.016767 0.999451 -0.028587 9.923500 -0.020005 0.028921 0.999382 -1.227300 0.000000 0.000000 0.000000 1.000000
0.999772 -0.014222 0.015928 0.000000 0.014662 0.999504 -0.027853 9.923500 -0.015524 0.028080 0.999485 -1.227300 0.000000 0.000000 0.000000 1.000000
0.999841 -0.012844 0.012394 0.000000 0.013178 0.999542 -0.027235 9.923500 -0.012038 0.027394 0.999552 -1.227300 0.000000 0.000000 0.000000 1.000000
0.999903 -0.009816 0.009911 0.000000 0.010085 0.999572 -0.027468 9.923500 -0.009637 0.027565 0.999574 -1.227300 0.000000 0.000000 0.000000 1.000000
0.999939 -0.007001 0.008494 0.000000 0.007236 0.999582 -0.027976 9.923500 -0.008295 0.028036 0.999573 -1.227300 0.000000 0.000000 0.000000 1.000000
0.999949 -0.006317 0.007856 0.000000 0.006536 0.999584 -0.028078 9.923500 -0.007676 0.028128 0.999575 -1.227300 0.000000 0.000000 0.000000 1.000000
0.999960 -0.005525 0.007072 -0.000000 0.005721 0.999592 -0.027971 9.923500 -0.006915 0.028010 0.999584 -1.227300 0.000000 0.000000 0.000000 1.000000
0.999986 -0.002898 0.004394 0.000000 0.003016 0.999626 -0.027179 9.923500 -0.004313 0.027192 0.999621 -1.227300 0.000000 0.000000 0.000000 1.000000
0.999998 0.001389 0.001083 0.000000 -0.001360 0.999649 -0.026476 9.923500 -0.001120 0.026475 0.999649 -1.227300 0.000000 0.000000 0.000000 1.000000
0.999985 0.005288 -0.001657 0.000000 -0.005330 0.999636 -0.026462 9.923500 0.001517 0.026471 0.999648 -1.227300 0.000000 0.000000 0.000000 1.000000</float_array><technique_common><accessor source="#mixamorig_Spine-Matrix-animation-output-transform-array" count="42" stride="16"><param type="float4x4"/></accessor></technique_common></source><source id="mixamorig_Spine-Interpolations"><Name_array id="mixamorig_Spine-Interpolations-array" count="42">
 LINEAR LINEAR LINEAR LINEAR LINEAR LINEAR LINEAR LINEAR LINEAR LINEAR LINEAR
LINEAR LINEAR LINEAR LINEAR LINEAR LINEAR LINEAR LINEAR LINEAR LINEAR LINEAR LINEAR
LINEAR LINEAR LINEAR LINEAR LINEAR LINEAR LINEAR LINEAR LINEAR LINEAR LINEAR LINEAR
LINEAR LINEAR LINEAR LINEAR LINEAR LINEAR LINEAR</Name_array><technique_common><accessor source="#mixamorig_Spine-Interpolations-array" count="42"><param type="name"/></accessor></technique_common></source><sampler id="mixamorig_Spine-Matrix-animation-transform"><input semantic="INPUT" source="#mixamorig_Spine-Matrix-animation-input"/><input semantic="OUTPUT" source="#mixamorig_Spine-Matrix-animation-output-transform"/><input semantic="INTERPOLATION" source="#mixamorig_Spine-Interpolations"/></sampler><channel source="#mixamorig_Spine-Matrix-animation-transform" target="mixamorig_Spine/matrix"/></animation>
    <animation id="mixamorig_Spine1-anim" name="mixamorig_Spine1"><source id="mixamorig_Spine1-Matrix-animation-input"><float_array id="mixamorig_Spine1-Matrix-animation-input-array" count="42">

0.000000 0.033333 0.066667 0.100000 0.133333 0.166667 0.200000 0.233333 0.266667 0.300000 0.333333 0.366667 0.400000 0.433333 0.466667 0.500000
0.533333 0.566667 0.600000 0.633333 0.666667 0.700000 0.733333 0.766667 0.800000 0.833333 0.866667 0.900000 0.933333 0.966667 1.000000 1.033333
1.066667 1.100000 1.133333 1.166667 1.200000 1.233333 1.266667 1.300000 1.333333 1.366667</float_array><technique_common><accessor source="#mixamorig_Spine1-Matrix-animation-input-array" count="42"><param name="TIME" type="float"/></accessor></technique_common></source><source id="mixamorig_Spine1-Matrix-animation-output-transform"><float_array id="mixamorig_Spine1-Matrix-animation-output-transform-array" count="672">

1.000000 0.000881 -0.000352 -0.000100 -0.000900 0.998446 -0.055729 11.645400 0.000302 0.055729 0.998446 -1.422300 0.000000 0.000000 0.000000 1.000000
0.999991 0.000458 -0.004148 -0.000100 -0.000701 0.998281 -0.058612 11.645400 0.004114 0.058614 0.998272 -1.422300 0.000000 0.000000 0.000000 1.000000
0.999967 -0.000324 -0.008085 -0.000100 -0.000202 0.997887 -0.064971 11.645400 0.008089 0.064971 0.997854 -1.422300 0.000000 0.000000 0.000000 1.000000
0.999896 -0.001509 -0.014376 -0.000100 0.000500 0.997551 -0.069944 11.645400 0.014446 0.069929 0.997447 -1.422300 0.000000 0.000000 0.000000 1.000000
0.999706 -0.002196 -0.024162 -0.000100 0.000435 0.997355 -0.072680 11.645400 0.024258 0.072648 0.997063 -1.422300 0.000000 0.000000 0.000000 1.000000
0.999323 -0.003141 -0.036644 -0.000100 0.000425 0.997266 -0.073893 11.645400 0.036776 0.073828 0.996593 -1.422300 0.000000 0.000000 0.000000 1.000000
0.998675 -0.003807 -0.051320 -0.000100 -0.000019 0.997232 -0.074351 11.645400 0.051461 0.074254 0.995911 -1.422300 0.000000 0.000000 0.000000 1.000000
0.997828 -0.003414 -0.065788 -0.000100 -0.001542 0.997173 -0.075125 11.645400 0.065859 0.075064 0.995002 -1.422300 0.000000 0.000000 0.000000 1.000000
0.996981 -0.001808 -0.077630 -0.000100 -0.004091 0.997117 -0.075768 11.645400 0.077543 0.075857 0.994099 -1.422300 0.000000 0.000000 0.000000 1.000000
0.996117 -0.001521 -0.088025 -0.000100 -0.005115 0.997162 -0.075113 11.645400 0.087889 0.075272 0.993282 -1.422300 0.000000 0.000000 0.000000 1.000000
0.995233 -0.002809 -0.097487 -0.000100 -0.004514 0.997187 -0.074819 11.645400 0.097423 0.074902 0.992421 -1.422300 0.000000 0.000000 0.000000 1.000000
0.994607 -0.005307 -0.103575 -0.000100 -0.002420 0.997231 -0.074330 11.645400 0.103683 0.074179 0.991840 -1.422300 0.000000 0.000000 0.000000 1.000000
0.994491 -0.008856 -0.104450 -0.000100 0.001153 0.997288 -0.073585 11.645400 0.104818 0.073059 0.991804 -1.422300 0.000000 0.000000 0.000000 1.000000
0.994701 -0.014619 -0.101762 -0.000100 0.007106 0.997248 -0.073797 11.645400 0.102560 0.072683 0.992068 -1.422300 0.000000 0.000000 0.000000 1.000000
0.995101 -0.022702 -0.096219 -0.000100 0.015640 0.997171 -0.073528 11.645400 0.097616 0.071663 0.992641 -1.422300 0.000000 0.000000 0.000000 1.000000
0.995703 -0.031830 -0.086968 -0.000100 0.025607 0.997093 -0.071757 11.645400 0.088999 0.069222 0.993623 -1.422300 0.000000 0.000000 0.000000 1.000000
0.996565 -0.038923 -0.073100 -0.000100 0.033959 0.997110 -0.067963 11.645400 0.075534 0.065247 0.995006 -1.422300 0.000000 0.000000 0.000000 1.000000
0.997736 -0.041545 -0.052889 -0.000100 0.038139 0.997230 -0.063863 11.645400 0.055395 0.061701 0.996556 -1.422300 0.000000 0.000000 0.000000 1.000000
0.998827 -0.040290 -0.026870 -0.000100 0.038575 0.997360 -0.061529 11.645400 0.029278 0.060420 0.997744 -1.422300 0.000000 0.000000 0.000000 1.000000
0.999349 -0.036056 0.001597 -0.000100 0.036086 0.997478 -0.061115 11.645400 0.000611 0.061133 0.998129 -1.422300 0.000000 0.000000 0.000000 1.000000
0.999124 -0.029784 0.029393 -0.000100 0.031559 0.997584 -0.061896 11.645400 -0.027479 0.062769 0.997650 -1.422300 0.000000 0.000000 0.000000 1.000000
0.998230 -0.021852 0.055307 -0.000100 0.025401 0.997607 -0.064302 11.645400 -0.053769 0.065593 0.996397 -1.422300 0.000000 0.000000 0.000000 1.000000
0.996936 -0.012733 0.077175 -0.000100 0.018000 0.997527 -0.067937 11.645400 -0.076119 0.069118 0.994700 -1.422300 0.000000 0.000000 0.000000 1.000000
0.995677 -0.004210 0.092784 -0.000100 0.010866 0.997392 -0.071353 11.645400 -0.092242 0.072053 0.993126 -1.422300 0.000000 0.000000 0.000000 1.000000
0.994738 0.002307 0.102421 -0.000100 0.005290 0.997255 -0.073848 11.645400 -0.102310 0.074001 0.991996 -1.422300 0.000000 0.000000 0.000000 1.000000
0.994233 0.007136 0.107006 -0.000100 0.000949 0.997159 -0.075315 11.645400 -0.107239 0.074982 0.991402 -1.422300 0.000000 0.000000 0.000000 1.000000
0.994228 0.010720 0.106752 -0.000100 -0.002591 0.997105 -0.075997 11.645400 -0.107258 0.075282 0.991377 -1.422300 0.000000 0.000000 0.000000 1.000000
0.994635 0.013724 0.102536 -0.000100 -0.005907 0.997078 -0.076157 11.645400 -0.103282 0.075143 0.991810 -1.422300 0.000000 0.000000 0.000000 1.000000
0.995408 0.016017 0.094374 -0.000100 -0.008961 0.997165 -0.074717 11.645400 -0.095303 0.073528 0.992729 -1.422300 0.000000 0.000000 0.000000 1.000000
0.996482 0.016807 0.082109 -0.000100 -0.010975 0.997418 -0.070977 11.645400 -0.083090 0.069826 0.994093 -1.422300 0.000000 0.000000 0.000000 1.000000
0.997626 0.016696 0.066807 -0.000100 -0.012178 0.997647 -0.067476 11.645400 -0.067777 0.066502 0.995482 -1.422300 0.000000 0.000000 0.000000 1.000000
0.998569 0.016246 0.050949 -0.000100 -0.012927 0.997813 -0.064819 11.645400 -0.051891 0.064068 0.996596 -1.422300 0.000000 0.000000 0.000000 1.000000
0.999193 0.015886 0.036889 -0.000100 -0.013572 0.997974 -0.062156 11.645400 -0.037802 0.061605 0.997384 -1.422300 0.000000 0.000000 0.000000 1.000000
0.999545 0.015492 0.025868 -0.000100 -0.013927 0.998124 -0.059626 11.645400 -0.026744 0.059238 0.997886 -1.422300 0.000000 0.000000 0.000000 1.000000
0.999711 0.015682 0.018226 -0.000100 -0.014605 0.998221 -0.057800 11.645400 -0.019100 0.057517 0.998162 -1.422300 0.000000 0.000000 0.000000 1.000000
0.999774 0.015963 0.014014 -0.000100 -0.015139 0.998255 -0.057076 11.645400 -0.014901 0.056851 0.998272 -1.422300 0.000000 0.000000 0.000000 1.000000
0.999806 0.015109 0.012628 -0.000100 -0.014367 0.998275 -0.056935 11.645400 -0.013466 0.056742 0.998298 -1.422300 0.000000 0.000000 0.000000 1.000000
0.999840 0.012579 0.012722 -0.000100 -0.011836 0.998308 -0.056925 11.645400 -0.013417 0.056765 0.998297 -1.422300 0.000000 0.000000 0.000000 1.000000
0.999878 0.009788 0.012204 -0.000100 -0.009074 0.998319 -0.057235 11.645400 -0.012743 0.057118 0.998286 -1.422300 0.000000 0.000000 0.000000 1.000000
0.999945 0.006200 0.008430 -0.000100 -0.005713 0.998384 -0.056540 11.645400 -0.008767 0.056489 0.998365 -1.422300 0.000000 0.000000 0.000000 1.000000
0.999989 0.002879 0.003601 -0.000100 -0.002674 0.998447 -0.055654 11.645400 -0.003756 0.055643 0.998444 -1.422300 0.000000 0.000000 0.000000 1.000000
1.000000 0.000881 -0.000352 -0.000100 -0.000900 0.998446 -0.055729 11.645400 0.000302 0.055729 0.998446 -1.422300 0.000000 0.000000 0.000000 1.000000</float_array><technique_common><accessor source="#mixamorig_Spine1-Matrix-animation-output-transform-array" count="42" stride="16"><param type="float4x4"/></accessor></technique_common></source><source id="mixamorig_Spine1-Interpolations"><Name_array id="mixamorig_Spine1-Interpolations-array" count="42">
 LINEAR LINEAR LINEAR LINEAR LINEAR LINEAR LINEAR LINEAR LINEAR LINEAR LINEAR
LINEAR LINEAR LINEAR LINEAR LINEAR LINEAR LINEAR LINEAR LINEAR LINEAR LINEAR LINEAR
LINEAR LINEAR LINEAR LINEAR LINEAR LINEAR LINEAR LINEAR LINEAR LINEAR LINEAR LINEAR
LINEAR LINEAR LINEAR LINEAR LINEAR LINEAR LINEAR</Name_array><technique_common><accessor source="#mixamorig_Spine1-Interpolations-array" count="42"><param type="name"/></accessor></technique_common></source><sampler id="mixamorig_Spine1-Matrix-animation-transform"><input semantic="INPUT" source="#mixamorig_Spine1-Matrix-animation-input"/><input semantic="OUTPUT" source="#mixamorig_Spine1-Matrix-animation-output-transform"/><input semantic="INTERPOLATION" source="#mixamorig_Spine1-Interpolations"/></sampler><channel source="#mixamorig_Spine1-Matrix-animation-transform" target="mixamorig_Spine1/matrix"/></animation>
    <animation id="mixamorig_Spine2-anim" name="mixamorig_Spine2"><source id="mixamorig_Spine2-Matrix-animation-input"><float_array id="mixamorig_Spine2-Matrix-animation-input-array" count="42">

0.000000 0.033333 0.066667 0.100000 0.133333 0.166667 0.200000 0.233333 0.266667 0.300000 0.333333 0.366667 0.400000 0.433333 0.466667 0.500000
0.533333 0.566667 0.600000 0.633333 0.666667 0.700000 0.733333 0.766667 0.800000 0.833333 0.866667 0.900000 0.933333 0.966667 1.000000 1.033333
1.066667 1.100000 1.133333 1.166667 1.200000 1.233333 1.266667 1.300000 1.333333 1.366667</float_array><technique_common><accessor source="#mixamorig_Spine2-Matrix-animation-input-array" count="42"><param name="TIME" type="float"/></accessor></technique_common></source><source id="mixamorig_Spine2-Matrix-animation-output-transform"><float_array id="mixamorig_Spine2-Matrix-animation-output-transform-array" count="672">

1.000000 0.000882 -0.000324 0.000100 -0.000898 0.998445 -0.055737 13.360200 0.000274 0.055737 0.998445 -1.626500 0.000000 0.000000 0.000000 1.000000
0.999991 0.000452 -0.004243 0.000100 -0.000700 0.998280 -0.058628 13.360200 0.004209 0.058630 0.998271 -1.626500 0.000000 0.000000 0.000000 1.000000
0.999966 -0.000335 -0.008290 0.000100 -0.000204 0.997889 -0.064943 13.360200 0.008294 0.064942 0.997855 -1.626500 0.000000 0.000000 0.000000 1.000000
0.999892 -0.001530 -0.014637 0.000100 0.000503 0.997556 -0.069866 13.360200 0.014708 0.069851 0.997449 -1.626500 0.000000 0.000000 0.000000 1.000000
0.999699 -0.002241 -0.024430 0.000100 0.000463 0.997364 -0.072555 13.360200 0.024528 0.072522 0.997065 -1.626500 0.000000 0.000000 0.000000 1.000000
0.999314 -0.003215 -0.036904 0.000100 0.000486 0.997278 -0.073725 13.360200 0.037041 0.073657 0.996596 -1.626500 0.000000 0.000000 0.000000 1.000000
0.998661 -0.003930 -0.051586 0.000100 0.000095 0.997249 -0.074128 13.360200 0.051736 0.074024 0.995914 -1.626500 0.000000 0.000000 0.000000 1.000000
0.997807 -0.003600 -0.066093 0.000100 -0.001359 0.997195 -0.074833 13.360200 0.066177 0.074759 0.995003 -1.626500 0.000000 0.000000 0.000000 1.000000
0.996948 -0.002053 -0.078045 0.000100 -0.003846 0.997149 -0.075357 13.360200 0.077977 0.075428 0.994098 -1.626500 0.000000 0.000000 0.000000 1.000000
0.996077 -0.001870 -0.088470 0.000100 -0.004755 0.997202 -0.074604 13.360200 0.088362 0.074732 0.993281 -1.626500 0.000000 0.000000 0.000000 1.000000
0.995186 -0.003255 -0.097949 0.000100 -0.004042 0.997235 -0.074203 13.360200 0.097920 0.074242 0.992421 -1.626500 0.000000 0.000000 0.000000 1.000000
0.994555 -0.005798 -0.104052 0.000100 -0.001887 0.997286 -0.073604 13.360200 0.104197 0.073400 0.991844 -1.626500 0.000000 0.000000 0.000000 1.000000
0.994438 -0.009319 -0.104906 0.000100 0.001665 0.997344 -0.072813 13.360200 0.105306 0.072233 0.991813 -1.626500 0.000000 0.000000 0.000000 1.000000
0.994659 -0.014976 -0.102125 0.000100 0.007510 0.997296 -0.073103 13.360200 0.102944 0.071945 0.992082 -1.626500 0.000000 0.000000 0.000000 1.000000
0.995077 -0.022949 -0.096415 0.000100 0.015923 0.997204 -0.073016 13.360200 0.097821 0.071121 0.992659 -1.626500 0.000000 0.000000 0.000000 1.000000
0.995700 -0.031997 -0.086931 0.000100 0.025799 0.997106 -0.071508 13.360200 0.088967 0.068958 0.993645 -1.626500 0.000000 0.000000 0.000000 1.000000
0.996582 -0.039053 -0.072799 0.000100 0.034109 0.997105 -0.067961 13.360200 0.075242 0.065246 0.995028 -1.626500 0.000000 0.000000 0.000000 1.000000
0.997762 -0.041612 -0.052338 0.000100 0.038234 0.997219 -0.063978 13.360200 0.054855 0.061834 0.996578 -1.626500 0.000000 0.000000 0.000000 1.000000
0.998848 -0.040282 -0.026074 0.000100 0.038614 0.997353 -0.061605 13.360200 0.028486 0.060528 0.997760 -1.626500 0.000000 0.000000 0.000000 1.000000
0.999351 -0.035940 0.002619 0.000100 0.036032 0.997487 -0.061004 13.360200 -0.000420 0.061059 0.998134 -1.626500 0.000000 0.000000 0.000000 1.000000
0.999099 -0.029467 0.030556 0.000100 0.031304 0.997616 -0.061496 13.360200 -0.028671 0.062397 0.997640 -1.626500 0.000000 0.000000 0.000000 1.000000
0.998178 -0.021293 0.056465 0.000100 0.024880 0.997665 -0.063611 13.360200 -0.054979 0.064900 0.996376 -1.626500 0.000000 0.000000 0.000000 1.000000
0.996864 -0.011993 0.078224 0.000100 0.017264 0.997600 -0.067057 13.360200 -0.077232 0.068197 0.994678 -1.626500 0.000000 0.000000 0.000000 1.000000
0.995594 -0.003343 0.093713 0.000100 0.009974 0.997470 -0.070379 13.360200 -0.093240 0.071004 0.993109 -1.626500 0.000000 0.000000 0.000000 1.000000
0.994650 0.003297 0.103250 0.000100 0.004253 0.997336 -0.072825 13.360200 -0.103215 0.072875 0.991986 -1.626500 0.000000 0.000000 0.000000 1.000000
0.994145 0.008236 0.107744 0.000100 -0.000212 0.997238 -0.074271 13.360200 -0.108058 0.073813 0.991401 -1.626500 0.000000 0.000000 0.000000 1.000000
0.994143 0.011796 0.107427 0.000100 -0.003731 0.997179 -0.074974 13.360200 -0.108008 0.074134 0.991382 -1.626500 0.000000 0.000000 0.000000 1.000000
0.994554 0.014583 0.103199 0.000100 -0.006818 0.997145 -0.075200 13.360200 -0.104001 0.074086 0.991814 -1.626500 0.000000 0.000000 0.000000 1.000000
0.995336 0.016640 0.095022 0.000100 -0.009619 0.997222 -0.073867 13.360200 -0.095987 0.072608 0.992731 -1.626500 0.000000 0.000000 0.000000 1.000000
0.996426 0.017392 0.082664 0.000100 -0.011584 0.997464 -0.070229 13.360200 -0.083676 0.069020 0.994100 -1.626500 0.000000 0.000000 0.000000 1.000000
0.997587 0.017196 0.067267 0.000100 -0.012688 0.997681 -0.066877 13.360200 -0.068261 0.065862 0.995491 -1.626500 0.000000 0.000000 0.000000 1.000000
0.998544 0.016581 0.051335 0.000100 -0.013258 0.997835 -0.064413 13.360200 -0.052292 0.063639 0.996602 -1.626500 0.000000 0.000000 0.000000 1.000000
0.999178 0.016091 0.037207 0.000100 -0.013767 0.997988 -0.061885 13.360200 -0.038128 0.061322 0.997390 -1.626500 0.000000 0.000000 0.000000 1.000000
0.999536 0.015612 0.026167 0.000100 -0.014036 0.998136 -0.059386 13.360200 -0.027045 0.058991 0.997892 -1.626500 0.000000 0.000000 0.000000 1.000000
0.999705 0.015756 0.018510 0.000100 -0.014668 0.998235 -0.057556 13.360200 -0.019384 0.057267 0.998171 -1.626500 0.000000 0.000000 0.000000 1.000000
0.999770 0.016012 0.014291 0.000100 -0.015175 0.998266 -0.056866 13.360200 -0.015176 0.056636 0.998280 -1.626500 0.000000 0.000000 0.000000 1.000000
0.999802 0.015145 0.012923 0.000100 -0.014388 0.998283 -0.056779 13.360200 -0.013760 0.056581 0.998303 -1.626500 0.000000 0.000000 0.000000 1.000000
0.999835 0.012622 0.013061 0.000100 -0.011862 0.998317 -0.056759 13.360200 -0.013755 0.056595 0.998302 -1.626500 0.000000 0.000000 0.000000 1.000000
0.999873 0.009848 0.012541 0.000100 -0.009117 0.998331 -0.057032 13.360200 -0.013082 0.056910 0.998294 -1.626500 0.000000 0.000000 0.000000 1.000000
0.999943 0.006244 0.008673 0.000100 -0.005745 0.998392 -0.056402 13.360200 -0.009011 0.056349 0.998370 -1.626500 0.000000 0.000000 0.000000 1.000000
0.999989 0.002891 0.003712 0.000100 -0.002680 0.998448 -0.055624 13.360200 -0.003867 0.055613 0.998445 -1.626500 0.000000 0.000000 0.000000 1.000000
1.000000 0.000882 -0.000324 0.000100 -0.000898 0.998445 -0.055737 13.360200 0.000274 0.055737 0.998445 -1.626500 0.000000 0.000000 0.000000 1.000000</float_array><technique_common><accessor source="#mixamorig_Spine2-Matrix-animation-output-transform-array" count="42" stride="16"><param type="float4x4"/></accessor></technique_common></source><source id="mixamorig_Spine2-Interpolations"><Name_array id="mixamorig_Spine2-Interpolations-array" count="42">
 LINEAR LINEAR LINEAR LINEAR LINEAR LINEAR LINEAR LINEAR LINEAR LINEAR LINEAR
LINEAR LINEAR LINEAR LINEAR LINEAR LINEAR LINEAR LINEAR LINEAR LINEAR LINEAR LINEAR
LINEAR LINEAR LINEAR LINEAR LINEAR LINEAR LINEAR LINEAR LINEAR LINEAR LINEAR LINEAR
LINEAR LINEAR LINEAR LINEAR LINEAR LINEAR LINEAR</Name_array><technique_common><accessor source="#mixamorig_Spine2-Interpolations-array" count="42"><param type="name"/></accessor></technique_common></source><sampler id="mixamorig_Spine2-Matrix-animation-transform"><input semantic="INPUT" source="#mixamorig_Spine2-Matrix-animation-input"/><input semantic="OUTPUT" source="#mixamorig_Spine2-Matrix-animation-output-transform"/><input semantic="INTERPOLATION" source="#mixamorig_Spine2-Interpolations"/></sampler><channel source="#mixamorig_Spine2-Matrix-animation-transform" target="mixamorig_Spine2/matrix"/></animation>
    <animation id="mixamorig_Neck-anim" name="mixamorig_Neck"><source id="mixamorig_Neck-Matrix-animation-input"><float_array id="mixamorig_Neck-Matrix-animation-input-array" count="42">

0.000000 0.033333 0.066667 0.100000 0.133333 0.166667 0.200000 0.233333 0.266667 0.300000 0.333333 0.366667 0.400000 0.433333 0.466667 0.500000
0.533333 0.566667 0.600000 0.633333 0.666667 0.700000 0.733333 0.766667 0.800000 0.833333 0.866667 0.900000 0.933333 0.966667 1.000000 1.033333
1.066667 1.100000 1.133333 1.166667 1.200000 1.233333 1.266667 1.300000 1.333333 1.366667</float_array><technique_common><accessor source="#mixamorig_Neck-Matrix-animation-input-array" count="42"><param name="TIME" type="float"/></accessor></technique_common></source><source id="mixamorig_Neck-Matrix-animation-output-transform"><float_array id="mixamorig_Neck-Matrix-animation-output-transform-array" count="672">

0.994807 0.080194 0.062667 -0.000000 -0.067051 0.979640 -0.189232 15.032500 -0.076567 0.184048 0.979931 0.792900 0.000000 0.000000 0.000000 1.000000
0.994714 0.080938 0.063186 -0.000000 -0.067792 0.979845 -0.187907 15.032500 -0.077121 0.182630 0.980152 0.792900 0.000000 0.000000 0.000000 1.000000
0.994566 0.080856 0.065577 -0.000000 -0.067270 0.979875 -0.187934 15.032500 -0.079453 0.182501 0.979990 0.792900 0.000000 0.000000 0.000000 1.000000
0.994009 0.083013 0.071094 -0.000000 -0.068398 0.979827 -0.187776 15.032500 -0.085248 0.181789 0.979636 0.792900 0.000000 0.000000 0.000000 1.000000
0.992983 0.087652 0.079384 -0.000000 -0.071586 0.979849 -0.186470 15.032500 -0.094129 0.179479 0.979248 0.792900 0.000000 0.000000 0.000000 1.000000
0.991764 0.092828 0.088248 0.000000 -0.075324 0.979976 -0.184319 15.032500 -0.103591 0.176154 0.978897 0.792900 0.000000 0.000000 0.000000 1.000000
0.990745 0.096806 0.095147 -0.000000 -0.078190 0.980012 -0.182927 15.032500 -0.110954 0.173794 0.978512 0.792900 0.000000 0.000000 0.000000 1.000000
0.990235 0.098385 0.098769 0.000000 -0.079162 0.980007 -0.182537 15.032500 -0.114754 0.172936 0.978225 0.792900 0.000000 0.000000 0.000000 1.000000
0.990326 0.097140 0.099088 0.000000 -0.077780 0.979968 -0.183336 15.032500 -0.114912 0.173856 0.978044 0.792900 0.000000 0.000000 0.000000 1.000000
0.990906 0.093749 0.096521 0.000000 -0.074619 0.979790 -0.185592 15.032500 -0.111969 0.176702 0.977875 0.792900 0.000000 0.000000 0.000000 1.000000
0.991867 0.088602 0.091379 0.000000 -0.070146 0.979581 -0.188414 15.032500 -0.106207 0.180472 0.977829 0.792900 0.000000 0.000000 0.000000 1.000000
0.992947 0.083411 0.084250 0.000000 -0.066194 0.979606 -0.189710 15.032500 -0.098356 0.182795 0.978219 0.792900 0.000000 0.000000 0.000000 1.000000
0.993994 0.079336 0.075377 0.000000 -0.063906 0.979953 -0.188703 15.032500 -0.088837 0.182752 0.979137 0.792900 0.000000 0.000000 0.000000 1.000000
0.995076 0.074875 0.064946 -0.000000 -0.061532 0.980346 -0.187447 15.032500 -0.077704 0.182528 0.980125 0.792900 0.000000 0.000000 0.000000 1.000000
0.996134 0.070007 0.053070 0.000000 -0.058980 0.980669 -0.186573 15.032500 -0.065105 0.182722 0.981007 0.792900 0.000000 0.000000 0.000000 1.000000
0.996927 0.066930 0.040718 0.000000 -0.058243 0.980793 -0.186152 15.032500 -0.052395 0.183208 0.981677 0.792900 0.000000 0.000000 0.000000 1.000000
0.997499 0.065600 0.026307 0.000000 -0.059572 0.980640 -0.186539 15.032500 -0.038035 0.184505 0.982095 0.792900 0.000000 0.000000 0.000000 1.000000
0.997822 0.065543 0.007381 0.000000 -0.062982 0.980062 -0.188447 15.032500 -0.019585 0.187572 0.982056 0.792900 0.000000 0.000000 0.000000 1.000000
0.997730 0.065973 -0.013469 0.000000 -0.067332 0.979062 -0.192103 15.032500 0.000513 0.192573 0.981282 0.792900 0.000000 0.000000 0.000000 1.000000
0.997292 0.067598 -0.028976 -0.000000 -0.071994 0.977812 -0.196725 15.032500 0.015034 0.198278 0.980030 0.792900 0.000000 0.000000 0.000000 1.000000
0.996733 0.071517 -0.037542 0.000000 -0.077654 0.976351 -0.201765 15.032500 0.022224 0.204021 0.978714 0.792900 0.000000 0.000000 0.000000 1.000000
0.996162 0.076648 -0.042262 0.000000 -0.083736 0.975125 -0.205229 15.032500 0.025480 0.207980 0.977801 0.792900 0.000000 0.000000 0.000000 1.000000
0.995750 0.080719 -0.044341 0.000000 -0.088148 0.974783 -0.205005 15.032500 0.026675 0.208043 0.977756 0.792900 0.000000 0.000000 0.000000 1.000000
0.995689 0.082260 -0.042865 0.000000 -0.089266 0.975362 -0.201741 15.032500 0.025213 0.204698 0.978500 0.792900 0.000000 0.000000 0.000000 1.000000
0.995941 0.080634 -0.040006 -0.000000 -0.086999 0.976342 -0.197960 15.032500 0.023097 0.200636 0.979393 0.792900 0.000000 0.000000 0.000000 1.000000
0.996447 0.075790 -0.036727 0.000000 -0.081572 0.977011 -0.196966 15.032500 0.020954 0.199262 0.979722 0.792900 0.000000 0.000000 0.000000 1.000000
0.997039 0.069376 -0.033175 0.000000 -0.074625 0.977030 -0.199608 15.032500 0.018565 0.201492 0.979314 0.792900 0.000000 0.000000 0.000000 1.000000
0.997561 0.063599 -0.028774 0.000000 -0.068155 0.976478 -0.204563 15.032500 0.015087 0.206025 0.978431 0.792900 0.000000 0.000000 0.000000 1.000000
0.997902 0.060492 -0.023058 0.000000 -0.063987 0.975729 -0.209426 15.032500 0.009830 0.210462 0.977553 0.792900 0.000000 0.000000 0.000000 1.000000
0.998017 0.060820 -0.016204 -0.000000 -0.062874 0.975243 -0.212010 15.032500 0.002909 0.212609 0.977133 0.792900 0.000000 0.000000 0.000000 1.000000
0.997928 0.063765 -0.008623 0.000000 -0.064142 0.975151 -0.212053 15.032500 -0.005113 0.212167 0.977220 0.792900 0.000000 0.000000 0.000000 1.000000
0.997781 0.066578 -0.000198 0.000000 -0.065115 0.975237 -0.211358 15.032500 -0.013879 0.210902 0.977409 0.792900 0.000000 0.000000 0.000000 1.000000
0.997599 0.068748 0.008406 -0.000000 -0.065443 0.975380 -0.210598 15.032500 -0.022677 0.209542 0.977537 0.792900 0.000000 0.000000 0.000000 1.000000
0.997425 0.069455 0.017864 0.000000 -0.064182 0.975651 -0.209730 15.032500 -0.031996 0.208043 0.977596 0.792900 0.000000 0.000000 0.000000 1.000000
0.997214 0.069444 0.027233 -0.000000 -0.062296 0.976140 -0.208015 15.032500 -0.041029 0.205739 0.977746 0.792900 0.000000 0.000000 0.000000 1.000000
0.996930 0.069299 0.036445 0.000000 -0.060386 0.976786 -0.205529 15.032500 -0.049842 0.202697 0.977972 0.792900 0.000000 0.000000 0.000000 1.000000
