<?xml version="1.0" encoding="utf-8"?>
<COLLADA xmlns="http://www.collada.org/2005/11/COLLADASchema" version="1.4.1">
  <asset><contributor><author>Mixamo</author><authoring_tool>COLLADA Mixamo exporter</authoring_tool><comments></comments></contributor><created>2018-10-16T10:18:15Z</created><modified>2018-10-16T10:18:15Z</modified><revision></revision><title></title><unit meter="0.010000"/><up_axis>Y_UP</up_axis></asset>
  <library_animations>
    <animation id="mixamorig_Hips-anim" name="mixamorig_Hips"><source id="mixamorig_Hips-Matrix-animation-input"><float_array id="mixamorig_Hips-Matrix-animation-input-array" count="56">

0.000000 0.033333 0.066667 0.100000 0.133333 0.166667 0.200000 0.233333 0.266667 0.300000 0.333333 0.366667 0.400000 0.433333 0.466667 0.500000
0.533333 0.566667 0.600000 0.633333 0.666667 0.700000 0.733333 0.766667 0.800000 0.833333 0.866667 0.900000 0.933333 0.966667 1.000000 1.033333
1.066667 1.100000 1.133333 1.166667 1.200000 1.233333 1.266667 1.300000 1.333333 1.366667 1.400000 1.433333 1.466667 1.500000 1.533333 1.566667
1.600000 1.633333 1.666667 1.700000 1.733333 1.766667 1.800000 1.833333</float_array><technique_common><accessor source="#mixamorig_Hips-Matrix-animation-input-array" count="56"><param name="TIME" type="float"/></accessor></technique_common></source><source id="mixamorig_Hips-Matrix-animation-output-transform"><float_array id="mixamorig_Hips-Matrix-animation-output-transform-array" count="896">

0.569020 0.029123 -0.821808 5.174160 0.036898 0.997462 0.060896 91.526512 0.821495 -0.064974 0.566501 3.905825 0.000000 0.000000 0.000000 1.000000
0.605536 0.020620 -0.795551 5.360431 0.040982 0.997530 0.057049 91.147202 0.794762 -0.067149 0.603195 3.973046 0.000000 0.000000 0.000000 1.000000
0.638641 0.018943 -0.769272 5.430135 0.047510 0.996819 0.063988 90.616196 0.768037 -0.077414 0.635709 4.158489 0.000000 0.000000 0.000000 1.000000
0.654821 0.028845 -0.755234 5.209111 0.054857 0.994822 0.085559 89.985580 0.753791 -0.097456 0.649847 4.426455 0.000000 0.000000 0.000000 1.000000
0.645488 0.051522 -0.762031 4.484474 0.061180 0.991028 0.118828 89.388229 0.761316 -0.123323 0.636545 4.725567 0.000000 0.000000 0.000000 1.000000
0.608710 0.084982 -0.788828 3.129029 0.062053 0.986102 0.154118 89.045731 0.790962 -0.142762 0.594977 5.040788 0.000000 0.000000 0.000000 1.000000
0.543114 0.125684 -0.830199 1.156949 0.049883 0.982158 0.181322 89.141251 0.838176 -0.139891 0.527154 5.339590 0.000000 0.000000 0.000000 1.000000
0.442073 0.168194 -0.881069 -1.273821 0.023636 0.979737 0.198889 89.601463 0.896668 -0.108748 0.429140 5.482282 0.000000 0.000000 0.000000 1.000000
0.300409 0.204332 -0.931667 -3.876799 -0.005376 0.977131 0.212570 90.115746 0.953795 -0.058850 0.294638 5.231154 0.000000 0.000000 0.000000 1.000000
0.132913 0.228837 -0.964348 -6.255274 -0.027377 0.973457 0.227225 90.395950 0.990750 -0.003801 0.135650 4.404314 0.000000 0.000000 0.000000 1.000000
-0.019519 0.244611 -0.969425 -8.091911 -0.048122 0.968256 0.245285 90.581055 0.998651 0.051439 -0.007128 2.943769 0.000000 0.000000 0.000000 1.000000
-0.116966 0.253674 -0.960192 -9.025909 -0.089682 0.960180 0.264595 90.680237 0.989078 0.117060 -0.089558 1.250536 0.000000 0.000000 0.000000 1.000000
-0.152668 0.252998 -0.955345 -9.096920 -0.152287 0.949109 0.275682 90.775574 0.976474 0.187574 -0.106370 -0.401809 0.000000 0.000000 0.000000 1.000000
-0.150447 0.243849 -0.958073 -8.594684 -0.215749 0.937646 0.272529 90.786140 0.964789 0.247704 -0.088456 -1.998672 0.000000 0.000000 0.000000 1.000000
-0.138540 0.226035 -0.964217 -7.786439 -0.265945 0.929355 0.256073 90.707115 0.953981 0.291905 -0.068640 -3.471890 0.000000 0.000000 0.000000 1.000000
-0.129305 0.192432 -0.972754 -6.799919 -0.304724 0.925809 0.223652 90.644882 0.943622 0.325341 -0.061073 -4.708315 0.000000 0.000000 0.000000 1.000000
-0.115315 0.134062 -0.984241 -5.597304 -0.338031 0.926417 0.165790 90.678802 0.934044 0.351822 -0.061512 -5.709865 0.000000 0.000000 0.000000 1.000000
-0.080712 0.056633 -0.995127 -4.133430 -0.367338 0.926420 0.082516 90.729836 0.926579 0.372208 -0.053969 -6.621208 0.000000 0.000000 0.000000 1.000000
-0.014825 -0.015396 -0.999772 -2.435713 -0.387618 0.921781 -0.008448 90.571182 0.921701 0.387404 -0.019633 -7.459939 0.000000 0.000000 0.000000 1.000000
0.076036 -0.061297 -0.995219 -0.523919 -0.391101 0.916291 -0.086316 89.905197 0.917202 0.395794 0.045698 -7.975203 0.000000 0.000000 0.000000 1.000000
0.168710 -0.080739 -0.982353 1.506963 -0.373483 0.917085 -0.139517 88.868599 0.912166 0.390430 0.124567 -8.111996 0.000000 0.000000 0.000000 1.000000
0.249027 -0.087562 -0.964530 3.548138 -0.342748 0.923486 -0.172328 87.742500 0.905820 0.373505 0.199961 -8.023232 0.000000 0.000000 0.000000 1.000000
0.326330 -0.092539 -0.940715 5.427726 -0.307884 0.930521 -0.198340 86.713737 0.893709 0.354356 0.275165 -7.869223 0.000000 0.000000 0.000000 1.000000
0.408885 -0.103067 -0.906747 6.899365 -0.266028 0.936986 -0.226465 86.159340 0.872950 0.333818 0.355701 -7.720484 0.000000 0.000000 0.000000 1.000000
0.479806 -0.131498 -0.867464 7.872145 -0.214683 0.941054 -0.261398 86.200294 0.850704 0.311650 0.423293 -7.526824 0.000000 0.000000 0.000000 1.000000
0.518636 -0.182521 -0.835286 8.392318 -0.164941 0.937238 -0.307212 86.532135 0.838935 0.297104 0.455980 -7.328878 0.000000 0.000000 0.000000 1.000000
0.531044 -0.240075 -0.812623 8.632664 -0.127087 0.925610 -0.356505 86.870789 0.837759 0.292594 0.461029 -7.154157 0.000000 0.000000 0.000000 1.000000
0.538765 -0.281404 -0.794068 8.772242 -0.099871 0.914582 -0.391873 87.200516 0.836515 0.290432 0.464641 -6.906960 0.000000 0.000000 0.000000 1.000000
0.550173 -0.293934 -0.781609 8.841086 -0.082414 0.912319 -0.401100 87.552490 0.830974 0.285090 0.477709 -6.557135 0.000000 0.000000 0.000000 1.000000
0.557883 -0.279447 -0.781457 8.742651 -0.077396 0.919985 -0.384237 87.803246 0.826303 0.274841 0.491616 -6.220740 0.000000 0.000000 0.000000 1.000000
0.557120 -0.246544 -0.792990 8.436122 -0.083176 0.933544 -0.348679 87.882614 0.826256 0.260214 0.499589 -5.925129 0.000000 0.000000 0.000000 1.000000
0.553568 -0.203078 -0.807664 7.989259 -0.092562 0.948801 -0.302007 87.873894 0.827644 0.241940 0.506429 -5.576944 0.000000 0.000000 0.000000 1.000000
0.556748 -0.157910 -0.815534 7.512312 -0.097289 0.962613 -0.252806 87.932732 0.824964 0.220092 0.520570 -5.107684 0.000000 0.000000 0.000000 1.000000
0.569114 -0.123297 -0.812962 7.083049 -0.091372 0.973087 -0.211547 88.162506 0.817166 0.194677 0.542531 -4.540917 0.000000 0.000000 0.000000 1.000000
0.582775 -0.102656 -0.806123 6.669727 -0.070520 0.981858 -0.176016 88.646469 0.809568 0.159426 0.564963 -3.642403 0.000000 0.000000 0.000000 1.000000
0.590561 -0.093102 -0.801605 6.314005 -0.042993 0.988282 -0.146458 89.198685 0.805847 0.120956 0.579638 -2.628920 0.000000 0.000000 0.000000 1.000000
0.593818 -0.085019 -0.800095 6.012279 -0.015927 0.992965 -0.117334 89.693581 0.804441 0.082419 0.588287 -1.611912 0.000000 0.000000 0.000000 1.000000
0.597140 -0.075022 -0.798621 5.733749 0.009231 0.996193 -0.086679 90.097473 0.802084 0.044387 0.595560 -0.632749 0.000000 0.000000 0.000000 1.000000
0.601344 -0.065390 -0.796310 5.454457 0.031927 0.997816 -0.057827 90.425377 0.798352 0.009350 0.602118 0.254848 0.000000 0.000000 0.000000 1.000000
0.604209 -0.054637 -0.794951 5.173590 0.048702 0.998313 -0.031597 90.717636 0.795336 -0.019624 0.605850 1.043693 0.000000 0.000000 0.000000 1.000000
0.604982 -0.038172 -0.795324 4.913489 0.055584 0.998438 -0.005640 90.992661 0.794297 -0.040795 0.606158 1.742066 0.000000 0.000000 0.000000 1.000000
0.604986 -0.016998 -0.796055 4.694213 0.053904 0.998353 0.019648 91.223557 0.794409 -0.054797 0.604906 2.333652 0.000000 0.000000 0.000000 1.000000
0.605092 0.001459 -0.796154 4.522235 0.049429 0.998000 0.039395 91.387314 0.794620 -0.063191 0.603810 2.810709 0.000000 0.000000 0.000000 1.000000
0.604609 0.011983 -0.796432 4.404695 0.046147 0.997680 0.050044 91.495529 0.795185 -0.067010 0.602653 3.192181 0.000000 0.000000 0.000000 1.000000
0.602604 0.016594 -0.797868 4.358421 0.044018 0.997571 0.053993 91.567169 0.796825 -0.067657 0.600410 3.491457 0.000000 0.000000 0.000000 1.000000
0.599193 0.019878 -0.800358 4.392137 0.041751 0.997556 0.056033 91.609062 0.799516 -0.066991 0.596898 3.705501 0.000000 0.000000 0.000000 1.000000
0.595313 0.023340 -0.803155 4.488040 0.039321 0.997534 0.058135 91.623802 0.802531 -0.066189 0.592928 3.842210 0.000000 0.000000 0.000000 1.000000
0.591949 0.025979 -0.805556 4.611967 0.037445 0.997515 0.059685 91.622147 0.805105 -0.065495 0.589506 3.930545 0.000000 0.000000 0.000000 1.000000
0.589557 0.027384 -0.807262 4.736170 0.036277 0.997519 0.060332 91.617645 0.806912 -0.064855 0.587101 3.994808 0.000000 0.000000 0.000000 1.000000
0.587863 0.028355 -0.808463 4.847825 0.035564 0.997513 0.060845 91.613586 0.808178 -0.064521 0.585393 4.037860 0.000000 0.000000 0.000000 1.000000
0.586189 0.029438 -0.809640 4.944607 0.035221 0.997469 0.061768 91.605881 0.809409 -0.064724 0.583668 4.056132 0.000000 0.000000 0.000000 1.000000
0.584199 0.030175 -0.811049 5.027000 0.035269 0.997421 0.062513 91.592415 0.810844 -0.065125 0.581628 4.053771 0.000000 0.000000 0.000000 1.000000
0.582136 0.029982 -0.812539 5.095462 0.035620 0.997420 0.062323 91.570992 0.812311 -0.065224 0.579566 4.036710 0.000000 0.000000 0.000000 1.000000
0.580341 0.029029 -0.813856 5.151375 0.036120 0.997464 0.061334 91.538528 0.813572 -0.064991 0.577821 4.006478 0.000000 0.000000 0.000000 1.000000
0.579022 0.027806 -0.814837 5.195422 0.036762 0.997511 0.060163 91.494614 0.814483 -0.064790 0.576559 3.964183 0.000000 0.000000 0.000000 1.000000
0.578262 0.026541 -0.815419 5.228683 0.037672 0.997536 0.059184 91.441956 0.814981 -0.064942 0.575837 3.912654 0.000000 0.000000 0.000000 1.000000</float_array><technique_common><accessor source="#mixamorig_Hips-Matrix-animation-output-transform-array" count="56" stride="16"><param type="float4x4"/></accessor></technique_common></source><source id="mixamorig_Hips-Interpolations"><Name_array id="mixamorig_Hips-Interpolations-array" count="56">
 LINEAR LINEAR LINEAR LINEAR LINEAR LINEAR LINEAR LINEAR LINEAR LINEAR LINEAR
LINEAR LINEAR LINEAR LINEAR LINEAR LINEAR LINEAR LINEAR LINEAR LINEAR LINEAR LINEAR
LINEAR LINEAR LINEAR LINEAR LINEAR LINEAR LINEAR LINEAR LINEAR LINEAR LINEAR LINEAR
LINEAR LINEAR LINEAR LINEAR LINEAR LINEAR LINEAR LINEAR LINEAR LINEAR LINEAR LINEAR
LINEAR LINEAR LINEAR LINEAR LINEAR LINEAR LINEAR LINEAR LINEAR</Name_array><technique_common><accessor source="#mixamorig_Hips-Interpolations-array" count="56"><param type="name"/></accessor></technique_common></source><sampler id="mixamorig_Hips-Matrix-animation-transform"><input semantic="INPUT" source="#mixamorig_Hips-Matrix-animation-input"/><input semantic="OUTPUT" source="#mixamorig_Hips-Matrix-animation-output-transform"/><input semantic="INTERPOLATION" source="#mixamorig_Hips-Interpolations"/></sampler><channel source="#mixamorig_Hips-Matrix-animation-transform" target="mixamorig_Hips/matrix"/></animation>
    <animation id="mixamorig_Spine-anim" name="mixamorig_Spine"><source id="mixamorig_Spine-Matrix-animation-input"><float_array id="mixamorig_Spine-Matrix-animation-input-array" count="56">

0.000000 0.033333 0.066667 0.100000 0.133333 0.166667 0.200000 0.233333 0.266667 0.300000 0.333333 0.366667 0.400000 0.433333 0.466667 0.500000
0.533333 0.566667 0.600000 0.633333 0.666667 0.700000 0.733333 0.766667 0.800000 0.833333 0.866667 0.900000 0.933333 0.966667 1.000000 1.033333
1.066667 1.100000 1.133333 1.166667 1.200000 1.233333 1.266667 1.300000 1.333333 1.366667 1.400000 1.433333 1.466667 1.500000 1.533333 1.566667
1.600000 1.633333 1.666667 1.700000 1.733333 1.766667 1.800000 1.833333</float_array><technique_common><accessor source="#mixamorig_Spine-Matrix-animation-input-array" count="56"><param name="TIME" type="float"/></accessor></technique_common></source><source id="mixamorig_Spine-Matrix-animation-output-transform"><float_array id="mixamorig_Spine-Matrix-animation-output-transform-array" count="896">

0.999750 0.021224 0.007072 0.000000 -0.020693 0.997463 -0.068113 9.923500 -0.008499 0.067949 0.997653 -1.227300 0.000000 0.000000 0.000000 1.000000
0.999818 0.017872 0.006667 0.000000 -0.017359 0.997375 -0.070300 9.923500 -0.007906 0.070172 0.997504 -1.227300 0.000000 0.000000 0.000000 1.000000
0.999837 0.015885 0.008575 0.000000 -0.015199 0.997083 -0.074795 9.923500 -0.009738 0.074652 0.997162 -1.227300 0.000000 0.000000 0.000000 1.000000
0.999752 0.017671 0.013580 0.000000 -0.016526 0.996640 -0.080226 9.923500 -0.014952 0.079982 0.996684 -1.227300 0.000000 0.000000 0.000000 1.000000
0.999534 0.023934 0.018969 0.000000 -0.022318 0.996445 -0.081232 9.923500 -0.020846 0.080771 0.996515 -1.227300 0.000000 0.000000 0.000000 1.000000
0.999201 0.033831 0.021295 0.000000 -0.032205 0.996844 -0.072564 9.923500 -0.023683 0.071820 0.997136 -1.227300 0.000000 0.000000 0.000000 1.000000
0.998707 0.046331 0.020929 0.000000 -0.045121 0.997465 -0.055015 9.923500 -0.023425 0.054000 0.998266 -1.227300 0.000000 0.000000 0.000000 1.000000
0.997957 0.060810 0.019620 0.000000 -0.060139 0.997639 -0.033152 9.923500 -0.021590 0.031904 0.999258 -1.227300 0.000000 0.000000 0.000000 1.000000
0.997024 0.075236 0.016829 -0.000000 -0.075079 0.997130 -0.009768 9.923500 -0.017515 0.008476 0.999811 -1.227300 0.000000 0.000000 0.000000 1.000000
0.996212 0.085818 0.014036 0.000000 -0.085997 0.996215 0.012693 9.923500 -0.012893 -0.013852 0.999821 -1.227300 0.000000 0.000000 0.000000 1.000000
0.995740 0.091173 0.013744 0.000000 -0.091531 0.995402 0.028228 9.923500 -0.011107 -0.029366 0.999507 -1.227300 0.000000 0.000000 0.000000 1.000000
0.996125 0.087401 0.009800 0.000000 -0.087684 0.995582 0.033579 9.923500 -0.006822 -0.034308 0.999388 -1.227300 0.000000 0.000000 0.000000 1.000000
0.996744 0.080628 -0.000246 0.000000 -0.080580 0.996257 0.031298 9.923500 0.002769 -0.031176 0.999510 -1.227300 0.000000 0.000000 0.000000 1.000000
0.996873 0.078156 -0.011620 0.000000 -0.077828 0.996616 0.026437 9.923500 0.013647 -0.025450 0.999583 -1.227300 0.000000 0.000000 0.000000 1.000000
0.996660 0.078886 -0.021116 -0.000000 -0.078428 0.996684 0.021674 9.923500 0.022756 -0.019946 0.999542 -1.227300 0.000000 0.000000 0.000000 1.000000
0.996418 0.079754 -0.028120 -0.000000 -0.079246 0.996679 0.018741 9.923500 0.029522 -0.016446 0.999429 -1.227300 0.000000 0.000000 0.000000 1.000000
0.996083 0.081687 -0.033851 0.000000 -0.081114 0.996543 0.017959 9.923500 0.035201 -0.015143 0.999266 -1.227300 0.000000 0.000000 0.000000 1.000000
0.995422 0.086818 -0.039981 0.000000 -0.086211 0.996138 0.016660 9.923500 0.041273 -0.013137 0.999062 -1.227300 0.000000 0.000000 0.000000 1.000000
0.994420 0.094276 -0.047340 0.000000 -0.093974 0.995538 0.008566 9.923500 0.047936 -0.004070 0.998842 -1.227300 0.000000 0.000000 0.000000 1.000000
0.993728 0.098182 -0.053530 0.000000 -0.098961 0.995018 -0.012088 9.923500 0.052076 0.017310 0.998493 -1.227300 0.000000 0.000000 0.000000 1.000000
0.993772 0.097739 -0.053518 0.000000 -0.100182 0.993949 -0.045039 9.923500 0.048792 0.050120 0.997551 -1.227300 0.000000 0.000000 0.000000 1.000000
0.994333 0.094484 -0.048730 0.000000 -0.098322 0.991644 -0.083513 9.923500 0.040432 0.087831 0.995315 -1.227300 0.000000 0.000000 0.000000 1.000000
0.995136 0.087335 -0.045568 0.000000 -0.092231 0.988532 -0.119578 9.923500 0.034603 0.123199 0.991779 -1.227300 0.000000 0.000000 0.000000 1.000000
0.996200 0.074007 -0.045916 0.000000 -0.080066 0.985682 -0.148395 9.923500 0.034276 0.151508 0.987862 -1.227300 0.000000 0.000000 0.000000 1.000000
0.997227 0.059051 -0.045286 0.000000 -0.065811 0.983881 -0.166274 9.923500 0.034738 0.168793 0.985039 -1.227300 0.000000 0.000000 0.000000 1.000000
0.997977 0.049532 -0.039861 0.000000 -0.055670 0.983607 -0.171518 9.923500 0.030712 0.173390 0.984374 -1.227300 0.000000 0.000000 0.000000 1.000000
0.998497 0.045366 -0.030740 0.000000 -0.049936 0.984279 -0.169416 9.923500 0.022571 0.170696 0.985065 -1.227300 0.000000 0.000000 0.000000 1.000000
0.998935 0.040403 -0.022287 0.000000 -0.043588 0.984736 -0.168511 9.923500 0.015138 0.169302 0.985448 -1.227300 0.000000 0.000000 0.000000 1.000000
0.999335 0.032760 -0.016032 0.000000 -0.035039 0.984351 -0.172703 9.923500 0.010124 0.173150 0.984843 -1.227300 0.000000 0.000000 0.000000 1.000000
0.999547 0.027993 -0.011083 0.000000 -0.029530 0.983294 -0.179613 9.923500 0.005870 0.179859 0.983675 -1.227300 0.000000 0.000000 0.000000 1.000000
0.999514 0.030055 -0.008301 0.000000 -0.031069 0.982531 -0.183490 9.923500 0.002641 0.183658 0.982987 -1.227300 0.000000 0.000000 0.000000 1.000000
0.999300 0.036258 -0.009158 0.000000 -0.037319 0.982676 -0.181535 9.923500 0.002417 0.181750 0.983342 -1.227300 0.000000 0.000000 0.000000 1.000000
0.999078 0.041081 -0.012443 0.000000 -0.042632 0.983425 -0.176231 9.923500 0.004997 0.176599 0.984270 -1.227300 0.000000 0.000000 0.000000 1.000000
0.999012 0.041937 -0.014739 -0.000000 -0.043838 0.984375 -0.170543 9.923500 0.007357 0.171021 0.985240 -1.227300 0.000000 0.000000 0.000000 1.000000
0.999127 0.039878 -0.012449 -0.000000 -0.041367 0.985997 -0.161549 9.923500 0.005833 0.161923 0.986786 -1.227300 0.000000 0.000000 0.000000 1.000000
0.999276 0.037591 -0.005799 0.000000 -0.038035 0.987796 -0.151040 9.923500 0.000051 0.151151 0.988511 -1.227300 0.000000 0.000000 0.000000 1.000000
0.999388 0.034906 0.002422 0.000000 -0.034215 0.989401 -0.141118 9.923500 -0.007322 0.140949 0.989990 -1.227300 0.000000 0.000000 0.000000 1.000000
0.999481 0.030844 0.009306 0.000000 -0.029347 0.990816 -0.131997 9.923500 -0.013292 0.131655 0.991206 -1.227300 0.000000 0.000000 0.000000 1.000000
0.999562 0.026325 0.013506 -0.000000 -0.024462 0.992071 -0.123278 9.923500 -0.016644 0.122894 0.992280 -1.227300 0.000000 0.000000 0.000000 1.000000
0.999629 0.022358 0.015568 0.000000 -0.020419 0.993135 -0.115175 9.923500 -0.018036 0.114815 0.993223 -1.227300 0.000000 0.000000 0.000000 1.000000
0.999684 0.018949 0.016511 0.000000 -0.017054 0.993984 -0.108194 9.923500 -0.018462 0.107878 0.993993 -1.227300 0.000000 0.000000 0.000000 1.000000
0.999731 0.016212 0.016578 -0.000000 -0.014436 0.994665 -0.102139 9.923500 -0.018146 0.101873 0.994632 -1.227300 0.000000 0.000000 0.000000 1.000000
0.999774 0.014314 0.015731 0.000000 -0.012732 0.995260 -0.096413 9.923500 -0.017036 0.096191 0.995217 -1.227300 0.000000 0.000000 0.000000 1.000000
0.999810 0.013142 0.014422 0.000000 -0.011778 0.995787 -0.090932 9.923500 -0.015556 0.090745 0.995753 -1.227300 0.000000 0.000000 0.000000 1.000000
0.999830 0.012850 0.013202 0.000000 -0.011664 0.996200 -0.086316 9.923500 -0.014261 0.086148 0.996180 -1.227300 0.000000 0.000000 0.000000 1.000000
0.999832 0.013648 0.012206 0.000000 -0.012589 0.996469 -0.083014 9.923500 -0.013296 0.082847 0.996474 -1.227300 0.000000 0.000000 0.000000 1.000000
0.999822 0.015101 0.011325 0.000000 -0.014138 0.996635 -0.080744 9.923500 -0.012507 0.080570 0.996671 -1.227300 0.000000 0.000000 0.000000 1.000000
0.999809 0.016541 0.010432 0.000000 -0.015667 0.996754 -0.078967 9.923500 -0.011704 0.078788 0.996823 -1.227300 0.000000 0.000000 0.000000 1.000000
0.999798 0.017749 0.009460 0.000000 -0.016965 0.996856 -0.077401 9.923500 -0.010804 0.077225 0.996955 -1.227300 0.000000 0.000000 0.000000 1.000000
0.999789 0.018702 0.008536 -0.000000 -0.018000 0.996944 -0.076021 9.923500 -0.009932 0.075852 0.997070 -1.227300 0.000000 0.000000 0.000000 1.000000
0.999782 0.019353 0.007892 0.000000 -0.018709 0.997024 -0.074787 9.923500 -0.009316 0.074623 0.997168 -1.227300 0.000000 0.000000 0.000000 1.000000
0.999776 0.019746 0.007569 0.000000 -0.019137 0.997108 -0.073544 9.923500 -0.008999 0.073383 0.997263 -1.227300 0.000000 0.000000 0.000000 1.000000
0.999773 0.019988 0.007397 0.000000 -0.019402 0.997201 -0.072206 9.923500 -0.008820 0.072046 0.997362 -1.227300 0.000000 0.000000 0.000000 1.000000
0.999771 0.020151 0.007235 0.000000 -0.019589 0.997294 -0.070853 9.923500 -0.008643 0.070695 0.997461 -1.227300 0.000000 0.000000 0.000000 1.000000
0.999770 0.020275 0.007055 0.000000 -0.019735 0.997379 -0.069606 9.923500 -0.008447 0.069451 0.997550 -1.227300 0.000000 0.000000 0.000000 1.000000
0.999769 0.020350 0.006860 0.000000 -0.019833 0.997453 -0.068511 9.923500 -0.008237 0.068359 0.997627 -1.227300 0.000000 0.000000 0.000000 1.000000</float_array><technique_common><accessor source="#mixamorig_Spine-Matrix-animation-output-transform-array" count="56" stride="16"><param type="float4x4"/></accessor></technique_common></source><source id="mixamorig_Spine-Interpolations"><Name_array id="mixamorig_Spine-Interpolations-array" count="56">
 LINEAR LINEAR LINEAR LINEAR LINEAR LINEAR LINEAR LINEAR LINEAR LINEAR LINEAR
LINEAR LINEAR LINEAR LINEAR LINEAR LINEAR LINEAR LINEAR LINEAR LINEAR LINEAR LINEAR
LINEAR LINEAR LINEAR LINEAR LINEAR LINEAR LINEAR LINEAR LINEAR LINEAR LINEAR LINEAR
LINEAR LINEAR LINEAR LINEAR LINEAR LINEAR LINEAR LINEAR LINEAR LINEAR LINEAR LINEAR
LINEAR LINEAR LINEAR LINEAR LINEAR LINEAR LINEAR LINEAR LINEAR</Name_array><technique_common><accessor source="#mixamorig_Spine-Interpolations-array" count="56"><param type="name"/></accessor></technique_common></source><sampler id="mixamorig_Spine-Matrix-animation-transform"><input semantic="INPUT" source="#mixamorig_Spine-Matrix-animation-input"/><input semantic="OUTPUT" source="#mixamorig_Spine-Matrix-animation-output-transform"/><input semantic="INTERPOLATION" source="#mixamorig_Spine-Interpolations"/></sampler><channel source="#mixamorig_Spine-Matrix-animation-transform" target="mixamorig_Spine/matrix"/></animation>
    <animation id="mixamorig_Spine1-anim" name="mixamorig_Spine1"><source id="mixamorig_Spine1-Matrix-animation-input"><float_array id="mixamorig_Spine1-Matrix-animation-input-array" count="56">

0.000000 0.033333 0.066667 0.100000 0.133333 0.166667 0.200000 0.233333 0.266667 0.300000 0.333333 0.366667 0.400000 0.433333 0.466667 0.500000
0.533333 0.566667 0.600000 0.633333 0.666667 0.700000 0.733333 0.766667 0.800000 0.833333 0.866667 0.900000 0.933333 0.966667 1.000000 1.033333
1.066667 1.100000 1.133333 1.166667 1.200000 1.233333 1.266667 1.300000 1.333333 1.366667 1.400000 1.433333 1.466667 1.500000 1.533333 1.566667
1.600000 1.633333 1.666667 1.700000 1.733333 1.766667 1.800000 1.833333</float_array><technique_common><accessor source="#mixamorig_Spine1-Matrix-animation-input-array" count="56"><param name="TIME" type="float"/></accessor></technique_common></source><source id="mixamorig_Spine1-Matrix-animation-output-transform"><float_array id="mixamorig_Spine1-Matrix-animation-output-transform-array" count="896">

0.999882 0.008434 0.012856 -0.000100 -0.006621 0.990815 -0.135064 11.645400 -0.013877 0.134963 0.990754 -1.422300 0.000000 0.000000 0.000000 1.000000
0.999901 0.006140 0.012637 -0.000100 -0.004321 0.990248 -0.139246 11.645400 -0.013368 0.139178 0.990177 -1.422300 0.000000 0.000000 0.000000 1.000000
0.999850 0.004864 0.016605 -0.000100 -0.002353 0.988983 -0.148009 11.645400 -0.017142 0.147948 0.988847 -1.422300 0.000000 0.000000 0.000000 1.000000
0.999649 0.005686 0.025873 -0.000100 -0.001513 0.987349 -0.158558 11.645400 -0.026447 0.158463 0.987011 -1.422300 0.000000 0.000000 0.000000 1.000000
0.999358 0.009939 0.034428 -0.000100 -0.004291 0.987047 -0.160374 11.645400 -0.035576 0.160124 0.986456 -1.422300 0.000000 0.000000 0.000000 1.000000
0.999215 0.018353 0.035098 -0.000100 -0.013139 0.989577 -0.143402 11.645400 -0.037364 0.142828 0.989042 -1.422300 0.000000 0.000000 0.000000 1.000000
0.999134 0.029946 0.028903 -0.000100 -0.026626 0.993672 -0.109118 11.645400 -0.031988 0.108254 0.993609 -1.422300 0.000000 0.000000 0.000000 1.000000
0.998945 0.041543 0.019552 -0.000100 -0.040169 0.997006 -0.066070 11.645400 -0.022238 0.065215 0.997623 -1.422300 0.000000 0.000000 0.000000 1.000000
0.998792 0.048723 0.006427 -0.000100 -0.048589 0.998627 -0.019592 11.645400 -0.007372 0.019256 0.999787 -1.422300 0.000000 0.000000 0.000000 1.000000
0.998801 0.048442 -0.007074 -0.000100 -0.048254 0.998529 0.024725 11.645400 0.008261 -0.024354 0.999669 -1.422300 0.000000 0.000000 0.000000 1.000000
0.998926 0.043494 -0.015951 -0.000100 -0.042557 0.997576 0.055050 11.645400 0.018307 -0.054312 0.998356 -1.422300 0.000000 0.000000 0.000000 1.000000
0.998788 0.041799 -0.025975 -0.000100 -0.040047 0.997103 0.064664 11.645400 0.028603 -0.063545 0.997569 -1.422300 0.000000 0.000000 0.000000 1.000000
0.998011 0.046011 -0.043089 -0.000100 -0.043446 0.997330 0.058690 11.645400 0.045674 -0.056701 0.997346 -1.422300 0.000000 0.000000 0.000000 1.000000
0.996579 0.053005 -0.063415 -0.000100 -0.050055 0.997628 0.047246 11.645400 0.065769 -0.043910 0.996868 -1.422300 0.000000 0.000000 0.000000 1.000000
0.995001 0.060965 -0.079095 -0.000100 -0.058195 0.997624 0.036870 11.645400 0.081155 -0.032083 0.996185 -1.422300 0.000000 0.000000 0.000000 1.000000
0.993576 0.072580 -0.086829 -0.000100 -0.070124 0.997056 0.031015 11.645400 0.088824 -0.024727 0.995740 -1.422300 0.000000 0.000000 0.000000 1.000000
0.992003 0.088691 -0.089800 -0.000100 -0.086310 0.995815 0.030062 11.645400 0.092090 -0.022071 0.995506 -1.422300 0.000000 0.000000 0.000000 1.000000
0.990051 0.104938 -0.093742 -0.000100 -0.102729 0.994312 0.028108 11.645400 0.096159 -0.018198 0.995200 -1.422300 0.000000 0.000000 0.000000 1.000000
0.988018 0.116914 -0.100751 -0.000100 -0.116273 0.993142 0.012233 11.645400 0.101490 -0.000371 0.994837 -1.422300 0.000000 0.000000 0.000000 1.000000
0.986644 0.123665 -0.106022 -0.000100 -0.127298 0.991464 -0.028188 11.645400 0.101631 0.041308 0.993964 -1.422300 0.000000 0.000000 0.000000 1.000000
0.986816 0.124930 -0.102889 -0.000100 -0.134510 0.986620 -0.092126 11.645400 0.090003 0.104751 0.990417 -1.422300 0.000000 0.000000 0.000000 1.000000
0.988772 0.117739 -0.092022 -0.000100 -0.131861 0.977170 -0.166586 11.645400 0.070307 0.176850 0.981723 -1.422300 0.000000 0.000000 0.000000 1.000000
0.991636 0.099873 -0.081750 -0.000100 -0.116652 0.964581 -0.236591 11.645400 0.055225 0.244149 0.968164 -1.422300 0.000000 0.000000 0.000000 1.000000
0.994195 0.074876 -0.077263 -0.000100 -0.094396 0.951612 -0.292444 11.645400 0.051628 0.298039 0.953156 -1.422300 0.000000 0.000000 0.000000 1.000000
0.995762 0.054402 -0.074147 -0.000100 -0.075731 0.942496 -0.325525 11.645400 0.052174 0.329761 0.942622 -1.422300 0.000000 0.000000 0.000000 1.000000
0.996804 0.047461 -0.064259 -0.000100 -0.066264 0.940506 -0.333254 11.645400 0.044619 0.336447 0.940645 -1.422300 0.000000 0.000000 0.000000 1.000000
0.997702 0.048723 -0.047074 -0.000100 -0.061510 0.942693 -0.327944 11.645400 0.028398 0.330086 0.943524 -1.422300 0.000000 0.000000 0.000000 1.000000
0.998522 0.045028 -0.030432 -0.000100 -0.052504 0.943846 -0.326188 11.645400 0.014036 0.327304 0.944815 -1.422300 0.000000 0.000000 0.000000 1.000000
0.999272 0.033633 -0.017991 -0.000100 -0.037716 0.941609 -0.334589 11.645400 0.005687 0.335024 0.942192 -1.422300 0.000000 0.000000 0.000000 1.000000
0.999676 0.024282 -0.007667 -0.000100 -0.025433 0.937137 -0.348033 11.645400 -0.001266 0.348115 0.937451 -1.422300 0.000000 0.000000 0.000000 1.000000
0.999703 0.024313 -0.001494 -0.000100 -0.023254 0.934289 -0.355758 11.645400 -0.007253 0.355687 0.934577 -1.422300 0.000000 0.000000 0.000000 1.000000
0.999534 0.030327 -0.003384 -0.000100 -0.029571 0.935286 -0.352654 11.645400 -0.007529 0.352590 0.935748 -1.422300 0.000000 0.000000 0.000000 1.000000
0.999352 0.034281 -0.010983 -0.000100 -0.035968 0.938637 -0.343026 11.645400 -0.001450 0.343198 0.939262 -1.422300 0.000000 0.000000 0.000000 1.000000
0.999304 0.033261 -0.016900 -0.000100 -0.036989 0.942473 -0.332230 11.645400 0.004878 0.332624 0.943047 -1.422300 0.000000 0.000000 0.000000 1.000000
0.999455 0.029971 -0.013860 -0.000100 -0.032813 0.948503 -0.315065 11.645400 0.003703 0.315348 0.948969 -1.422300 0.000000 0.000000 0.000000 1.000000
0.999607 0.027933 -0.002245 -0.000100 -0.027351 0.955069 -0.295120 11.645400 -0.006099 0.295065 0.955458 -1.422300 0.000000 0.000000 0.000000 1.000000
0.999588 0.025960 0.012279 -0.000100 -0.021561 0.960853 -0.276219 11.645400 -0.018969 0.275840 0.961016 -1.422300 0.000000 0.000000 0.000000 1.000000
0.999467 0.021970 0.024154 -0.000100 -0.014980 0.965848 -0.258676 11.645400 -0.029013 0.258176 0.965662 -1.422300 0.000000 0.000000 0.000000 1.000000
0.999377 0.016765 0.031047 -0.000100 -0.008762 0.970263 -0.241895 11.645400 -0.034179 0.241472 0.969806 -1.422300 0.000000 0.000000 0.000000 1.000000
0.999353 0.011812 0.033970 -0.000100 -0.003818 0.974035 -0.226365 11.645400 -0.035762 0.226089 0.973450 -1.422300 0.000000 0.000000 0.000000 1.000000
0.999368 0.007026 0.034852 -0.000100 0.000557 0.977060 -0.212962 11.645400 -0.035548 0.212846 0.976439 -1.422300 0.000000 0.000000 0.000000 1.000000
0.999412 0.002133 0.034220 -0.000100 0.004801 0.979527 -0.201255 11.645400 -0.033949 0.201301 0.978941 -1.422300 0.000000 0.000000 0.000000 1.000000
0.999487 -0.002059 0.031960 -0.000100 0.008102 0.981723 -0.190142 11.645400 -0.030984 0.190304 0.981236 -1.422300 0.000000 0.000000 0.000000 1.000000
0.999571 -0.004482 0.028950 -0.000100 0.009610 0.983708 -0.179515 11.645400 -0.027674 0.179717 0.983329 -1.422300 0.000000 0.000000 0.000000 1.000000
0.999644 -0.004850 0.026250 -0.000100 0.009260 0.985303 -0.170565 11.645400 -0.025037 0.170748 0.984997 -1.422300 0.000000 0.000000 0.000000 1.000000
0.999704 -0.003802 0.024023 -0.000100 0.007696 0.986406 -0.164148 11.645400 -0.023072 0.164284 0.986143 -1.422300 0.000000 0.000000 0.000000 1.000000
0.999755 -0.002387 0.022015 -0.000100 0.005874 0.987145 -0.159722 11.645400 -0.021350 0.159812 0.986917 -1.422300 0.000000 0.000000 0.000000 1.000000
0.999799 -0.001097 0.020021 -0.000100 0.004213 0.987708 -0.156251 11.645400 -0.019603 0.156304 0.987514 -1.422300 0.000000 0.000000 0.000000 1.000000
0.999839 0.000383 0.017939 -0.000100 0.002370 0.988192 -0.153200 11.645400 -0.017786 0.153218 0.988032 -1.422300 0.000000 0.000000 0.000000 1.000000
0.999870 0.002181 0.015993 -0.000100 0.000251 0.988606 -0.150523 11.645400 -0.016139 0.150508 0.988477 -1.422300 0.000000 0.000000 0.000000 1.000000
0.999886 0.003849 0.014618 -0.000100 -0.001642 0.988966 -0.148133 11.645400 -0.015027 0.148092 0.988859 -1.422300 0.000000 0.000000 0.000000 1.000000
0.999890 0.005057 0.013915 -0.000100 -0.002975 0.989322 -0.145713 11.645400 -0.014503 0.145656 0.989229 -1.422300 0.000000 0.000000 0.000000 1.000000
0.999890 0.005926 0.013563 -0.000100 -0.003925 0.989702 -0.143090 11.645400 -0.014271 0.143021 0.989617 -1.422300 0.000000 0.000000 0.000000 1.000000
0.999890 0.006649 0.013270 -0.000100 -0.004720 0.990080 -0.140428 11.645400 -0.014072 0.140350 0.990002 -1.422300 0.000000 0.000000 0.000000 1.000000
0.999890 0.007275 0.012952 -0.000100 -0.005419 0.990421 -0.137971 11.645400 -0.013831 0.137886 0.990352 -1.422300 0.000000 0.000000 0.000000 1.000000
0.999890 0.007784 0.012610 -0.000100 -0.006000 0.990717 -0.135810 11.645400 -0.013550 0.135719 0.990655 -1.422300 0.000000 0.000000 0.000000 1.000000</float_array><technique_common><accessor source="#mixamorig_Spine1-Matrix-animation-output-transform-array" count="56" stride="16"><param type="float4x4"/></accessor></technique_common></source><source id="mixamorig_Spine1-Interpolations"><Name_array id="mixamorig_Spine1-Interpolations-array" count="56">
 LINEAR LINEAR LINEAR LINEAR LINEAR LINEAR LINEAR LINEAR LINEAR LINEAR LINEAR
LINEAR LINEAR LINEAR LINEAR LINEAR LINEAR LINEAR LINEAR LINEAR LINEAR LINEAR LINEAR
LINEAR LINEAR LINEAR LINEAR LINEAR LINEAR LINEAR LINEAR LINEAR LINEAR LINEAR LINEAR
LINEAR LINEAR LINEAR LINEAR LINEAR LINEAR LINEAR LINEAR LINEAR LINEAR LINEAR LINEAR
LINEAR LINEAR LINEAR LINEAR LINEAR LINEAR LINEAR LINEAR LINEAR</Name_array><technique_common><accessor source="#mixamorig_Spine1-Interpolations-array" count="56"><param type="name"/></accessor></technique_common></source><sampler id="mixamorig_Spine1-Matrix-animation-transform"><input semantic="INPUT" source="#mixamorig_Spine1-Matrix-animation-input"/><input semantic="OUTPUT" source="#mixamorig_Spine1-Matrix-animation-output-transform"/><input semantic="INTERPOLATION" source="#mixamorig_Spine1-Interpolations"/></sampler><channel source="#mixamorig_Spine1-Matrix-animation-transform" target="mixamorig_Spine1/matrix"/></animation>
    <animation id="mixamorig_Spine2-anim" name="mixamorig_Spine2"><source id="mixamorig_Spine2-Matrix-animation-input"><float_array id="mixamorig_Spine2-Matrix-animation-input-array" count="56">

0.000000 0.033333 0.066667 0.100000 0.133333 0.166667 0.200000 0.233333 0.266667 0.300000 0.333333 0.366667 0.400000 0.433333 0.466667 0.500000
0.533333 0.566667 0.600000 0.633333 0.666667 0.700000 0.733333 0.766667 0.800000 0.833333 0.866667 0.900000 0.933333 0.966667 1.000000 1.033333
1.066667 1.100000 1.133333 1.166667 1.200000 1.233333 1.266667 1.300000 1.333333 1.366667 1.400000 1.433333 1.466667 1.500000 1.533333 1.566667
1.600000 1.633333 1.666667 1.700000 1.733333 1.766667 1.800000 1.833333</float_array><technique_common><accessor source="#mixamorig_Spine2-Matrix-animation-input-array" count="56"><param name="TIME" type="float"/></accessor></technique_common></source><source id="mixamorig_Spine2-Matrix-animation-output-transform"><float_array id="mixamorig_Spine2-Matrix-animation-output-transform-array" count="896">

0.999890 0.008374 0.012207 0.000100 -0.006648 0.990806 -0.135125 13.360200 -0.013227 0.135029 0.990753 -1.626500 0.000000 0.000000 0.000000 1.000000
0.999909 0.006082 0.012065 0.000100 -0.004343 0.990241 -0.139298 13.360200 -0.012794 0.139233 0.990177 -1.626500 0.000000 0.000000 0.000000 1.000000
0.999859 0.004801 0.016062 0.000100 -0.002370 0.988974 -0.148070 13.360200 -0.016596 0.148011 0.988846 -1.626500 0.000000 0.000000 0.000000 1.000000
0.999666 0.005599 0.025227 0.000100 -0.001526 0.987332 -0.158663 13.360200 -0.025796 0.158571 0.987010 -1.626500 0.000000 0.000000 0.000000 1.000000
0.999388 0.009821 0.033577 0.000100 -0.004305 0.987017 -0.160558 13.360200 -0.034718 0.160315 0.986455 -1.626500 0.000000 0.000000 0.000000 1.000000
0.999252 0.018239 0.034090 0.000100 -0.013161 0.989541 -0.143650 13.360200 -0.036353 0.143094 0.989041 -1.626500 0.000000 0.000000 0.000000 1.000000
0.999164 0.029872 0.027904 0.000100 -0.026653 0.993642 -0.109383 13.360200 -0.030994 0.108548 0.993608 -1.626500 0.000000 0.000000 0.000000 1.000000
0.998962 0.041514 0.018766 0.000100 -0.040187 0.996990 -0.066297 13.360200 -0.021462 0.065475 0.997623 -1.626500 0.000000 0.000000 0.000000 1.000000
0.998794 0.048721 0.006120 0.000100 -0.048592 0.998625 -0.019682 13.360200 -0.007070 0.019361 0.999788 -1.626500 0.000000 0.000000 0.000000 1.000000
0.998804 0.048433 -0.006711 0.000100 -0.048252 0.998526 0.024844 13.360200 0.007904 -0.024490 0.999669 -1.626500 0.000000 0.000000 0.000000 1.000000
0.998942 0.043450 -0.015059 0.000100 -0.042556 0.997561 0.055328 13.360200 0.017426 -0.054629 0.998355 -1.626500 0.000000 0.000000 0.000000 1.000000
0.998816 0.041722 -0.025033 0.000100 -0.040019 0.997077 0.065080 13.360200 0.027676 -0.064002 0.997566 -1.626500 0.000000 0.000000 0.000000 1.000000
0.998045 0.045881 -0.042438 0.000100 -0.043326 0.997301 0.059274 13.360200 0.045043 -0.057319 0.997339 -1.626500 0.000000 0.000000 0.000000 1.000000
0.996614 0.052750 -0.063071 0.000100 -0.049763 0.997606 0.048027 13.360200 0.065454 -0.044726 0.996853 -1.626500 0.000000 0.000000 0.000000 1.000000
0.995032 0.060596 -0.078986 0.000100 -0.057754 0.997616 0.037783 13.360200 0.081087 -0.033034 0.996159 -1.626500 0.000000 0.000000 0.000000 1.000000
0.993601 0.072153 -0.086898 0.000100 -0.069612 0.997063 0.031920 13.360200 0.088946 -0.025666 0.995706 -1.626500 0.000000 0.000000 0.000000 1.000000
0.992025 0.088247 -0.089994 0.000100 -0.085782 0.995835 0.030903 13.360200 0.092346 -0.022937 0.995463 -1.626500 0.000000 0.000000 0.000000 1.000000
0.990071 0.104479 -0.094042 0.000100 -0.102179 0.994344 0.028963 13.360200 0.096536 -0.019066 0.995147 -1.626500 0.000000 0.000000 0.000000 1.000000
0.988025 0.116413 -0.101265 0.000100 -0.115669 0.993200 0.013208 13.360200 0.102114 -0.001337 0.994772 -1.626500 0.000000 0.000000 0.000000 1.000000
0.986608 0.123153 -0.106951 0.000100 -0.126709 0.991570 -0.027091 13.360200 0.102713 0.040280 0.993895 -1.626500 0.000000 0.000000 0.000000 1.000000
0.986710 0.124469 -0.104453 0.000100 -0.134107 0.986784 -0.090957 13.360200 0.091751 0.103756 0.990362 -1.626500 0.000000 0.000000 0.000000 1.000000
0.988594 0.117297 -0.094467 0.000100 -0.131772 0.977383 -0.165406 13.360200 0.072929 0.175968 0.981691 -1.626500 0.000000 0.000000 0.000000 1.000000
0.991406 0.099295 -0.085179 0.000100 -0.116863 0.964834 -0.235453 13.360200 0.058804 0.243384 0.968146 -1.626500 0.000000 0.000000 0.000000 1.000000
0.993935 0.074131 -0.081222 0.000100 -0.094808 0.951889 -0.291407 13.360200 0.055712 0.297340 0.953145 -1.626500 0.000000 0.000000 0.000000 1.000000
0.995507 0.053699 -0.077990 0.000100 -0.076286 0.942759 -0.324632 13.360200 0.056094 0.329123 0.942619 -1.626500 0.000000 0.000000 0.000000 1.000000
0.996608 0.046968 -0.067578 0.000100 -0.066885 0.940701 -0.332579 13.360200 0.047950 0.335970 0.940651 -1.626500 0.000000 0.000000 0.000000 1.000000
0.997588 0.048363 -0.049789 0.000100 -0.062053 0.942803 -0.327523 13.360200 0.031101 0.329822 0.943531 -1.626500 0.000000 0.000000 0.000000 1.000000
0.998465 0.044685 -0.032733 0.000100 -0.052929 0.943902 -0.325956 13.360200 0.016332 0.327188 0.944818 -1.626500 0.000000 0.000000 0.000000 1.000000
0.999244 0.033255 -0.020120 0.000100 -0.038073 0.941638 -0.334468 13.360200 0.007823 0.334981 0.942192 -1.626500 0.000000 0.000000 0.000000 1.000000
0.999667 0.023819 -0.009905 0.000100 -0.025777 0.937147 -0.347980 13.360200 0.000994 0.348120 0.937450 -1.626500 0.000000 0.000000 0.000000 1.000000
0.999710 0.023737 -0.004051 0.000100 -0.023625 0.934284 -0.355745 13.360200 -0.004660 0.355737 0.934574 -1.626500 0.000000 0.000000 0.000000 1.000000
0.999540 0.029691 -0.006262 0.000100 -0.029991 0.935285 -0.352623 13.360200 -0.004613 0.352649 0.935744 -1.626500 0.000000 0.000000 0.000000 1.000000
0.999335 0.033652 -0.014033 0.000100 -0.036424 0.938657 -0.342922 13.360200 0.001632 0.343205 0.939259 -1.626500 0.000000 0.000000 0.000000 1.000000
0.999267 0.032679 -0.019929 0.000100 -0.037446 0.942512 -0.332067 13.360200 0.007932 0.332570 0.943045 -1.626500 0.000000 0.000000 0.000000 1.000000
0.999428 0.029459 -0.016624 0.000100 -0.033197 0.948533 -0.314935 13.360200 0.006490 0.315306 0.948968 -1.626500 0.000000 0.000000 0.000000 1.000000
0.999612 0.027479 -0.004645 0.000100 -0.027626 0.955069 -0.295095 13.360200 -0.003673 0.295109 0.955457 -1.626500 0.000000 0.000000 0.000000 1.000000
0.999621 0.025554 0.010242 0.000100 -0.021732 0.960823 -0.276309 13.360200 -0.016902 0.275981 0.961014 -1.626500 0.000000 0.000000 0.000000 1.000000
0.999514 0.021618 0.022471 0.000100 -0.015070 0.965804 -0.258836 13.360200 -0.027298 0.258372 0.965660 -1.626500 0.000000 0.000000 0.000000 1.000000
0.999424 0.016469 0.029671 0.000100 -0.008801 0.970218 -0.242075 13.360200 -0.032774 0.241674 0.969804 -1.626500 0.000000 0.000000 0.000000 1.000000
0.999394 0.011572 0.032830 0.000100 -0.003836 0.973995 -0.226539 13.360200 -0.034598 0.226275 0.973449 -1.626500 0.000000 0.000000 0.000000 1.000000
0.999403 0.006829 0.033872 0.000100 0.000547 0.977025 -0.213122 13.360200 -0.034550 0.213013 0.976438 -1.626500 0.000000 0.000000 0.000000 1.000000
0.999443 0.001964 0.033324 0.000100 0.004791 0.979496 -0.201404 13.360200 -0.033036 0.201452 0.978941 -1.626500 0.000000 0.000000 0.000000 1.000000
0.999514 -0.002206 0.031105 0.000100 0.008088 0.981696 -0.190282 13.360200 -0.030116 0.190441 0.981237 -1.626500 0.000000 0.000000 0.000000 1.000000
0.999593 -0.004607 0.028147 0.000100 0.009592 0.983686 -0.179641 13.360200 -0.026860 0.179837 0.983330 -1.626500 0.000000 0.000000 0.000000 1.000000
