<?xml version="1.0" encoding="utf-8"?>
<COLLADA xmlns="http://www.collada.org/2005/11/COLLADASchema" version="1.4.1">
  <asset><contributor><author>Mixamo</author><authoring_tool>COLLADA Mixamo exporter</authoring_tool><comments></comments></contributor><created>2018-10-20T15:53:53Z</created><modified>2018-10-20T15:53:53Z</modified><revision></revision><title></title><unit meter="0.010000"/><up_axis>Y_UP</up_axis></asset>
  <library_animations>
    <animation id="mixamorig_Hips-anim" name="mixamorig_Hips"><source id="mixamorig_Hips-Matrix-animation-input"><float_array id="mixamorig_Hips-Matrix-animation-input-array" count="39">

0.000000 0.033333 0.066667 0.100000 0.133333 0.166667 0.200000 0.233333 0.266667 0.300000 0.333333 0.366667 0.400000 0.433333 0.466667 0.500000
0.533333 0.566667 0.600000 0.633333 0.666667 0.700000 0.733333 0.766667 0.800000 0.833333 0.866667 0.900000 0.933333 0.966667 1.000000 1.033333
1.066667 1.100000 1.133333 1.166667 1.200000 1.233333 1.266667</float_array><technique_common><accessor source="#mixamorig_Hips-Matrix-animation-input-array" count="39"><param name="TIME" type="float"/></accessor></technique_common></source><source id="mixamorig_Hips-Matrix-animation-output-transform"><float_array id="mixamorig_Hips-Matrix-animation-output-transform-array" count="624">

0.766967 0.127152 -0.628963 0.448766 0.023920 0.973825 0.226038 95.903427 0.641241 -0.188408 0.743850 -0.608030 0.000000 0.000000 0.000000 1.000000
0.766597 0.125260 -0.629793 0.469514 0.024429 0.974390 0.223532 95.910934 0.641663 -0.186744 0.743905 -0.594165 0.000000 0.000000 0.000000 1.000000
0.766030 0.125137 -0.630507 0.482149 0.023380 0.974795 0.221874 95.962120 0.642379 -0.184703 0.743797 -0.562672 0.000000 0.000000 0.000000 1.000000
0.765458 0.126005 -0.631029 0.521164 0.021119 0.975193 0.220347 96.059700 0.643140 -0.181993 0.743808 -0.501666 0.000000 0.000000 0.000000 1.000000
0.765539 0.126480 -0.630835 0.621625 0.018624 0.975720 0.218230 96.192062 0.643120 -0.178812 0.744596 -0.399422 0.000000 0.000000 0.000000 1.000000
0.767101 0.126097 -0.629012 0.808421 0.016209 0.976370 0.215498 96.321190 0.641322 -0.175505 0.746930 -0.242240 0.000000 0.000000 0.000000 1.000000
0.769724 0.126590 -0.625699 1.093849 0.012616 0.976933 0.213171 96.400871 0.638252 -0.171977 0.750372 -0.004293 0.000000 0.000000 0.000000 1.000000
0.771304 0.129208 -0.623213 1.487077 0.007466 0.977273 0.211854 96.393616 0.636423 -0.168057 0.752810 0.347309 0.000000 0.000000 0.000000 1.000000
0.769952 0.132064 -0.624286 1.988934 0.002794 0.977641 0.210260 96.288521 0.638096 -0.163634 0.752368 0.839458 0.000000 0.000000 0.000000 1.000000
0.765620 0.132329 -0.629536 2.584268 0.000122 0.978584 0.205847 96.115135 0.643294 -0.157677 0.749207 1.495363 0.000000 0.000000 0.000000 1.000000
0.758764 0.129901 -0.638281 3.261621 -0.002120 0.980400 0.197008 95.947243 0.651362 -0.148130 0.744167 2.341785 0.000000 0.000000 0.000000 1.000000
0.747937 0.126779 -0.651550 4.042909 -0.006512 0.982945 0.183786 95.885086 0.663738 -0.133218 0.736006 3.400246 0.000000 0.000000 0.000000 1.000000
0.730224 0.123472 -0.671958 4.968484 -0.013338 0.985923 0.166669 96.002007 0.683078 -0.112743 0.721591 4.667587 0.000000 0.000000 0.000000 1.000000
0.704877 0.118183 -0.699414 6.040307 -0.020504 0.989005 0.146452 96.276741 0.709033 -0.088890 0.699551 6.095050 0.000000 0.000000 0.000000 1.000000
0.676087 0.110168 -0.728539 7.205489 -0.026156 0.991724 0.125693 96.594780 0.736358 -0.065924 0.673373 7.570559 0.000000 0.000000 0.000000 1.000000
0.650944 0.102336 -0.752196 8.419962 -0.030526 0.993599 0.108762 96.842796 0.758511 -0.047836 0.649902 8.946653 0.000000 0.000000 0.000000 1.000000
0.633420 0.097622 -0.767626 9.684267 -0.033257 0.994528 0.099036 96.949387 0.773093 -0.037202 0.633200 10.104327 0.000000 0.000000 0.000000 1.000000
0.620967 0.095803 -0.777960 11.020010 -0.033075 0.994821 0.096109 96.925934 0.783139 -0.033949 0.620919 11.035721 0.000000 0.000000 0.000000 1.000000
0.608447 0.095041 -0.787883 12.425439 -0.029451 0.994823 0.097260 96.821960 0.793048 -0.035974 0.608096 11.804273 0.000000 0.000000 0.000000 1.000000
0.594364 0.096390 -0.798398 13.886126 -0.025084 0.994530 0.101396 96.683426 0.803805 -0.040239 0.593531 12.468240 0.000000 0.000000 0.000000 1.000000
0.581319 0.101576 -0.807311 15.395803 -0.022025 0.993778 0.109177 96.499603 0.813378 -0.045686 0.579940 13.044706 0.000000 0.000000 0.000000 1.000000
0.571902 0.109730 -0.812950 16.964857 -0.019386 0.992544 0.120334 96.250648 0.820093 -0.053059 0.569765 13.547934 0.000000 0.000000 0.000000 1.000000
0.565755 0.118959 -0.815948 18.615955 -0.015582 0.990904 0.133663 95.889824 0.824426 -0.062906 0.562462 13.996180 0.000000 0.000000 0.000000 1.000000
0.560500 0.129129 -0.818026 20.377989 -0.010699 0.988816 0.148758 95.338600 0.828086 -0.074627 0.555612 14.397500 0.000000 0.000000 0.000000 1.000000
0.554262 0.141028 -0.820308 22.275644 -0.005650 0.986156 0.165723 94.572144 0.832323 -0.087219 0.547385 14.750468 0.000000 0.000000 0.000000 1.000000
0.546700 0.154237 -0.823001 24.344704 -0.000877 0.982993 0.183638 93.695892 0.837328 -0.099673 0.537538 15.042362 0.000000 0.000000 0.000000 1.000000
0.538617 0.167206 -0.825793 26.667719 0.003501 0.979658 0.200644 92.932930 0.842544 -0.110961 0.527075 15.232353 0.000000 0.000000 0.000000 1.000000
0.532108 0.178960 -0.827547 29.378378 0.006141 0.976565 0.215134 92.477119 0.846654 -0.119557 0.518539 15.242543 0.000000 0.000000 0.000000 1.000000
0.531210 0.189076 -0.825873 32.572628 0.002869 0.974373 0.224919 92.335007 0.847236 -0.121848 0.517054 14.997919 0.000000 0.000000 0.000000 1.000000
0.539171 0.195255 -0.819250 36.231159 -0.008985 0.974032 0.226232 92.389305 0.842148 -0.114616 0.526924 14.480625 0.000000 0.000000 0.000000 1.000000
0.553427 0.194980 -0.809754 40.215626 -0.025275 0.975697 0.217663 92.496910 0.832514 -0.099993 0.544905 13.756789 0.000000 0.000000 0.000000 1.000000
0.567208 0.189016 -0.801591 44.375114 -0.036321 0.978101 0.204937 92.625137 0.822773 -0.087127 0.561652 12.951538 0.000000 0.000000 0.000000 1.000000
0.577953 0.179397 -0.796108 48.724136 -0.032948 0.979872 0.196887 93.112144 0.815405 -0.087562 0.572231 12.143455 0.000000 0.000000 0.000000 1.000000
0.585811 0.170852 -0.792234 53.088421 -0.020620 0.980352 0.196174 93.823044 0.810186 -0.098585 0.577824 11.388661 0.000000 0.000000 0.000000 1.000000
0.590267 0.162479 -0.790686 57.374802 -0.005039 0.980255 0.197672 94.783546 0.807192 -0.112695 0.579431 10.753661 0.000000 0.000000 0.000000 1.000000
0.590336 0.152189 -0.792680 61.465176 0.009881 0.980627 0.195633 95.826439 0.807097 -0.123322 0.577396 10.327446 0.000000 0.000000 0.000000 1.000000
0.587839 0.141100 -0.796578 65.328140 0.021643 0.981576 0.189841 96.735565 0.808689 -0.128836 0.573955 10.154187 0.000000 0.000000 0.000000 1.000000
0.585848 0.131826 -0.799627 69.048180 0.029836 0.982504 0.183834 97.390663 0.809871 -0.131557 0.571665 10.167675 0.000000 0.000000 0.000000 1.000000
0.586314 0.123101 -0.800676 72.768044 0.038560 0.983025 0.179372 97.761414 0.809166 -0.136042 0.571614 10.284433 0.000000 0.000000 0.000000 1.000000</float_array><technique_common><accessor source="#mixamorig_Hips-Matrix-animation-output-transform-array" count="39" stride="16"><param type="float4x4"/></accessor></technique_common></source><source id="mixamorig_Hips-Interpolations"><Name_array id="mixamorig_Hips-Interpolations-array" count="39">
 LINEAR LINEAR LINEAR LINEAR LINEAR LINEAR LINEAR LINEAR LINEAR LINEAR LINEAR
LINEAR LINEAR LINEAR LINEAR LINEAR LINEAR LINEAR LINEAR LINEAR LINEAR LINEAR LINEAR
LINEAR LINEAR LINEAR LINEAR LINEAR LINEAR LINEAR LINEAR LINEAR LINEAR LINEAR LINEAR
LINEAR LINEAR LINEAR LINEAR</Name_array><technique_common><accessor source="#mixamorig_Hips-Interpolations-array" count="39"><param type="name"/></accessor></technique_common></source><sampler id="mixamorig_Hips-Matrix-animation-transform"><input semantic="INPUT" source="#mixamorig_Hips-Matrix-animation-input"/><input semantic="OUTPUT" source="#mixamorig_Hips-Matrix-animation-output-transform"/><input semantic="INTERPOLATION" source="#mixamorig_Hips-Interpolations"/></sampler><channel source="#mixamorig_Hips-Matrix-animation-transform" target="mixamorig_Hips/matrix"/></animation>
    <animation id="mixamorig_Spine-anim" name="mixamorig_Spine"><source id="mixamorig_Spine-Matrix-animation-input"><float_array id="mixamorig_Spine-Matrix-animation-input-array" count="39">

0.000000 0.033333 0.066667 0.100000 0.133333 0.166667 0.200000 0.233333 0.266667 0.300000 0.333333 0.366667 0.400000 0.433333 0.466667 0.500000
0.533333 0.566667 0.600000 0.633333 0.666667 0.700000 0.733333 0.766667 0.800000 0.833333 0.866667 0.900000 0.933333 0.966667 1.000000 1.033333
1.066667 1.100000 1.133333 1.166667 1.200000 1.233333 1.266667</float_array><technique_common><accessor source="#mixamorig_Spine-Matrix-animation-input-array" count="39"><param name="TIME" type="float"/></accessor></technique_common></source><source id="mixamorig_Spine-Matrix-animation-output-transform"><float_array id="mixamorig_Spine-Matrix-animation-output-transform-array" count="624">

0.999997 0.002063 -0.001011 0.000000 -0.002184 0.990286 -0.139028 9.923500 0.000714 0.139030 0.990288 -1.227300 0.000000 0.000000 0.000000 1.000000
0.999995 0.001923 0.002584 0.000000 -0.001535 0.989826 -0.142272 9.923500 -0.002832 0.142267 0.989824 -1.227300 0.000000 0.000000 0.000000 1.000000
0.999979 -0.000305 0.006403 0.000000 0.001246 0.989058 -0.147521 9.923500 -0.006287 0.147526 0.989038 -1.227300 0.000000 0.000000 0.000000 1.000000
0.999941 -0.004709 0.009824 -0.000000 0.006172 0.987940 -0.154712 9.923500 -0.008977 0.154763 0.987911 -1.227300 0.000000 0.000000 0.000000 1.000000
0.999882 -0.009982 0.011687 0.000000 0.011758 0.986489 -0.163405 9.923500 -0.009898 0.163524 0.986490 -1.227300 0.000000 0.000000 0.000000 1.000000
0.999825 -0.014909 0.011292 -0.000000 0.016645 0.984646 -0.173770 9.923500 -0.008528 0.173927 0.984722 -1.227300 0.000000 0.000000 0.000000 1.000000
0.999754 -0.019931 0.009757 0.000000 0.021406 0.982098 -0.187149 9.923500 -0.005852 0.187312 0.982283 -1.227300 0.000000 0.000000 0.000000 1.000000
0.999642 -0.025129 0.009168 -0.000000 0.026473 0.978559 -0.204259 9.923500 -0.003838 0.204429 0.978874 -1.227300 0.000000 0.000000 0.000000 1.000000
0.999534 -0.028755 0.010229 0.000000 0.030312 0.974350 -0.222986 9.923500 -0.003555 0.223192 0.974768 -1.227300 0.000000 0.000000 0.000000 1.000000
0.999476 -0.030039 0.012072 -0.000000 0.032056 0.970413 -0.239314 9.923500 -0.004526 0.239575 0.970867 -1.227300 0.000000 0.000000 0.000000 1.000000
0.999400 -0.031445 0.014509 -0.000000 0.034081 0.967408 -0.250917 9.923500 -0.006146 0.251261 0.967900 -1.227300 0.000000 0.000000 0.000000 1.000000
0.999152 -0.036358 0.019331 0.000000 0.040123 0.965174 -0.258515 9.923500 -0.009259 0.259071 0.965814 -1.227300 0.000000 0.000000 0.000000 1.000000
0.998548 -0.045586 0.028691 0.000000 0.051542 0.963355 -0.263230 9.923500 -0.015640 0.264327 0.964306 -1.227300 0.000000 0.000000 0.000000 1.000000
0.997500 -0.056530 0.042406 0.000000 0.065773 0.962117 -0.264585 9.923500 -0.025843 0.266713 0.963430 -1.227300 0.000000 0.000000 0.000000 1.000000
0.996226 -0.065245 0.057251 0.000000 0.078088 0.961666 -0.262871 9.923500 -0.037905 0.266349 0.963131 -1.227300 0.000000 0.000000 0.000000 1.000000
0.995138 -0.069717 0.069565 0.000000 0.085641 0.961356 -0.261649 9.923500 -0.048635 0.266335 0.962653 -1.227300 0.000000 0.000000 0.000000 1.000000
0.994509 -0.069334 0.078384 0.000000 0.087823 0.960276 -0.264871 9.923500 -0.056905 0.270301 0.961093 -1.227300 0.000000 0.000000 0.000000 1.000000
0.994265 -0.064355 0.085413 -0.000000 0.085409 0.958486 -0.272047 9.923500 -0.064360 0.277782 0.958486 -1.227300 0.000000 0.000000 0.000000 1.000000
0.994169 -0.055723 0.092321 -0.000000 0.079586 0.956844 -0.279492 9.923500 -0.072763 0.285210 0.955699 -1.227300 0.000000 0.000000 0.000000 1.000000
0.993974 -0.046586 0.099226 0.000000 0.073292 0.955556 -0.285553 9.923500 -0.081513 0.291105 0.953212 -1.227300 0.000000 0.000000 0.000000 1.000000
0.993694 -0.039057 0.105105 0.000000 0.068278 0.954315 -0.290896 9.923500 -0.088942 0.296238 0.950964 -1.227300 0.000000 0.000000 0.000000 1.000000
0.993471 -0.032749 0.109288 -0.000000 0.063909 0.953264 -0.295302 9.923500 -0.094509 0.300358 0.949133 -1.227300 0.000000 0.000000 0.000000 1.000000
0.993273 -0.026639 0.112687 0.000000 0.059375 0.952671 -0.298147 9.923500 -0.099412 0.302833 0.947845 -1.227300 0.000000 0.000000 0.000000 1.000000
0.992939 -0.020928 0.116764 0.000000 0.055373 0.952267 -0.300204 9.923500 -0.104907 0.304550 0.946702 -1.227300 0.000000 0.000000 0.000000 1.000000
0.992422 -0.016440 0.121775 -0.000000 0.052877 0.951699 -0.302445 9.923500 -0.110921 0.306592 0.945356 -1.227300 0.000000 0.000000 0.000000 1.000000
0.991832 -0.013824 0.126802 0.000000 0.052161 0.951145 -0.304307 9.923500 -0.116401 0.308436 0.944097 -1.227300 0.000000 0.000000 0.000000 1.000000
0.991255 -0.013678 0.131249 -0.000000 0.053522 0.950805 -0.305132 9.923500 -0.120619 0.309488 0.943222 -1.227300 0.000000 0.000000 0.000000 1.000000
0.990587 -0.017473 0.135764 0.000000 0.058744 0.950109 -0.306337 9.923500 -0.123638 0.311429 0.942192 -1.227300 0.000000 0.000000 0.000000 1.000000
0.989602 -0.028670 0.140947 0.000000 0.071495 0.948347 -0.309072 9.923500 -0.124806 0.315936 0.940536 -1.227300 0.000000 0.000000 0.000000 1.000000
0.988056 -0.048628 0.146220 0.000000 0.092599 0.945832 -0.311172 9.923500 -0.123168 0.320995 0.939038 -1.227300 0.000000 0.000000 0.000000 1.000000
0.985890 -0.072006 0.151118 -0.000000 0.116528 0.943326 -0.310736 9.923500 -0.120179 0.323961 0.938406 -1.227300 0.000000 0.000000 0.000000 1.000000
0.983870 -0.088150 0.155658 0.000000 0.133625 0.940674 -0.311893 9.923500 -0.118930 0.327662 0.937280 -1.227300 0.000000 0.000000 0.000000 1.000000
0.983491 -0.087149 0.158587 0.000000 0.134998 0.936959 -0.322309 9.923500 -0.120501 0.338397 0.933256 -1.227300 0.000000 0.000000 0.000000 1.000000
0.984135 -0.074025 0.161238 -0.000000 0.126095 0.931152 -0.342136 9.923500 -0.124810 0.357039 0.925713 -1.227300 0.000000 0.000000 0.000000 1.000000
0.984873 -0.055419 0.164176 -0.000000 0.112495 0.925148 -0.362554 9.923500 -0.131795 0.375538 0.917388 -1.227300 0.000000 0.000000 0.000000 1.000000
0.985128 -0.037207 0.167745 -0.000000 0.098479 0.922276 -0.373777 9.923500 -0.140800 0.384738 0.912224 -1.227300 0.000000 0.000000 0.000000 1.000000
0.984809 -0.022592 0.172166 0.000000 0.086580 0.923345 -0.374082 9.923500 -0.150517 0.383305 0.911275 -1.227300 0.000000 0.000000 0.000000 1.000000
0.984256 -0.010782 0.176419 0.000000 0.076185 0.926534 -0.368417 9.923500 -0.159486 0.376057 0.912768 -1.227300 0.000000 0.000000 0.000000 1.000000
0.984028 0.003479 0.177977 0.000000 0.062095 0.930300 -0.361506 9.923500 -0.166830 0.366784 0.915225 -1.227300 0.000000 0.000000 0.000000 1.000000</float_array><technique_common><accessor source="#mixamorig_Spine-Matrix-animation-output-transform-array" count="39" stride="16"><param type="float4x4"/></accessor></technique_common></source><source id="mixamorig_Spine-Interpolations"><Name_array id="mixamorig_Spine-Interpolations-array" count="39">
 LINEAR LINEAR LINEAR LINEAR LINEAR LINEAR LINEAR LINEAR LINEAR LINEAR LINEAR
LINEAR LINEAR LINEAR LINEAR LINEAR LINEAR LINEAR LINEAR LINEAR LINEAR LINEAR LINEAR
LINEAR LINEAR LINEAR LINEAR LINEAR LINEAR LINEAR LINEAR LINEAR LINEAR LINEAR LINEAR
LINEAR LINEAR LINEAR LINEAR</Name_array><technique_common><accessor source="#mixamorig_Spine-Interpolations-array" count="39"><param type="name"/></accessor></technique_common></source><sampler id="mixamorig_Spine-Matrix-animation-transform"><input semantic="INPUT" source="#mixamorig_Spine-Matrix-animation-input"/><input semantic="OUTPUT" source="#mixamorig_Spine-Matrix-animation-output-transform"/><input semantic="INTERPOLATION" source="#mixamorig_Spine-Interpolations"/></sampler><channel source="#mixamorig_Spine-Matrix-animation-transform" target="mixamorig_Spine/matrix"/></animation>
    <animation id="mixamorig_Spine1-anim" name="mixamorig_Spine1"><source id="mixamorig_Spine1-Matrix-animation-input"><float_array id="mixamorig_Spine1-Matrix-animation-input-array" count="39">

0.000000 0.033333 0.066667 0.100000 0.133333 0.166667 0.200000 0.233333 0.266667 0.300000 0.333333 0.366667 0.400000 0.433333 0.466667 0.500000
0.533333 0.566667 0.600000 0.633333 0.666667 0.700000 0.733333 0.766667 0.800000 0.833333 0.866667 0.900000 0.933333 0.966667 1.000000 1.033333
1.066667 1.100000 1.133333 1.166667 1.200000 1.233333 1.266667</float_array><technique_common><accessor source="#mixamorig_Spine1-Matrix-animation-input-array" count="39"><param name="TIME" type="float"/></accessor></technique_common></source><source id="mixamorig_Spine1-Matrix-animation-output-transform"><float_array id="mixamorig_Spine1-Matrix-animation-output-transform-array" count="624">

0.999913 0.013020 -0.002191 -0.000100 -0.013108 0.959158 -0.282566 11.645400 -0.001578 0.282570 0.959245 -1.422300 0.000000 0.000000 0.000000 1.000000
0.999866 0.016237 -0.002155 -0.000100 -0.016201 0.960939 -0.276287 11.645400 -0.002415 0.276285 0.961073 -1.422300 0.000000 0.000000 0.000000 1.000000
0.999801 0.019839 -0.002195 -0.000100 -0.019695 0.962693 -0.269879 11.645400 -0.003241 0.269868 0.962892 -1.422300 0.000000 0.000000 0.000000 1.000000
0.999718 0.023647 -0.002353 -0.000100 -0.023433 0.964468 -0.263157 11.645400 -0.003954 0.263138 0.964750 -1.422300 0.000000 0.000000 0.000000 1.000000
0.999627 0.027195 -0.002671 -0.000100 -0.026972 0.966303 -0.255991 11.645400 -0.004381 0.255967 0.966676 -1.422300 0.000000 0.000000 0.000000 1.000000
0.999542 0.030099 -0.003154 -0.000100 -0.029938 0.968186 -0.248436 11.645400 -0.004424 0.248417 0.968643 -1.422300 0.000000 0.000000 0.000000 1.000000
0.999468 0.032412 -0.003685 -0.000100 -0.032346 0.970086 -0.240596 11.645400 -0.004223 0.240587 0.970618 -1.422300 0.000000 0.000000 0.000000 1.000000
0.999404 0.034270 -0.004036 -0.000100 -0.034269 0.971990 -0.232511 11.645400 -0.004045 0.232511 0.972585 -1.422300 0.000000 0.000000 0.000000 1.000000
0.999359 0.035564 -0.004082 -0.000100 -0.035573 0.973849 -0.224395 11.645400 -0.004005 0.224396 0.974490 -1.422300 0.000000 0.000000 0.000000 1.000000
0.999335 0.036247 -0.003930 -0.000100 -0.036238 0.975592 -0.216583 11.645400 -0.004017 0.216581 0.976256 -1.422300 0.000000 0.000000 0.000000 1.000000
0.999322 0.036634 -0.003716 -0.000100 -0.036602 0.977240 -0.208955 11.645400 -0.004023 0.208949 0.977918 -1.422300 0.000000 0.000000 0.000000 1.000000
0.999299 0.037285 -0.003381 -0.000100 -0.037203 0.978887 -0.200986 11.645400 -0.004185 0.200971 0.979588 -1.422300 0.000000 0.000000 0.000000 1.000000
0.999248 0.038675 -0.002733 -0.000100 -0.038477 0.980503 -0.192700 11.645400 -0.004773 0.192661 0.981254 -1.422300 0.000000 0.000000 0.000000 1.000000
0.999159 0.040961 -0.001735 -0.000100 -0.040574 0.981898 -0.185016 11.645400 -0.005875 0.184931 0.982734 -1.422300 0.000000 0.000000 0.000000 1.000000
0.999042 0.043763 -0.000609 -0.000100 -0.043168 0.982971 -0.178619 11.645400 -0.007218 0.178474 0.983918 -1.422300 0.000000 0.000000 0.000000 1.000000
0.998926 0.046330 0.000364 -0.000100 -0.045569 0.983884 -0.172902 11.645400 -0.008368 0.172700 0.984939 -1.422300 0.000000 0.000000 0.000000 1.000000
0.998828 0.048395 0.001115 -0.000100 -0.047533 0.984863 -0.166690 11.645400 -0.009165 0.166441 0.986009 -1.422300 0.000000 0.000000 0.000000 1.000000
0.998720 0.050545 0.001772 -0.000100 -0.049614 0.985920 -0.159690 11.645400 -0.009819 0.159398 0.987166 -1.422300 0.000000 0.000000 0.000000 1.000000
0.998562 0.053560 0.002414 -0.000100 -0.052566 0.986898 -0.152544 11.645400 -0.010552 0.152197 0.988294 -1.422300 0.000000 0.000000 0.000000 1.000000
0.998320 0.057861 0.002935 -0.000100 -0.056817 0.987695 -0.145709 11.645400 -0.011330 0.145298 0.989323 -1.422300 0.000000 0.000000 0.000000 1.000000
0.997994 0.063233 0.003192 -0.000100 -0.062175 0.988322 -0.139119 11.645400 -0.011952 0.138641 0.990271 -1.422300 0.000000 0.000000 0.000000 1.000000
0.997615 0.068944 0.003201 -0.000100 -0.067912 0.988834 -0.132650 11.645400 -0.012311 0.132116 0.991158 -1.422300 0.000000 0.000000 0.000000 1.000000
0.997223 0.074401 0.003154 -0.000100 -0.073409 0.989279 -0.126245 11.645400 -0.012513 0.125663 0.991994 -1.422300 0.000000 0.000000 0.000000 1.000000
0.996840 0.079370 0.003211 -0.000100 -0.078415 0.989692 -0.119840 11.645400 -0.012690 0.119209 0.992788 -1.422300 0.000000 0.000000 0.000000 1.000000
0.996503 0.083490 0.003376 -0.000100 -0.082569 0.990097 -0.113533 11.645400 -0.012822 0.112857 0.993529 -1.422300 0.000000 0.000000 0.000000 1.000000
0.996264 0.086286 0.003570 -0.000100 -0.085403 0.990523 -0.107563 11.645400 -0.012818 0.106856 0.994192 -1.422300 0.000000 0.000000 0.000000 1.000000
0.996105 0.088100 0.003746 -0.000100 -0.087260 0.990949 -0.102007 11.645400 -0.012699 0.101283 0.994777 -1.422300 0.000000 0.000000 0.000000 1.000000
0.995906 0.090307 0.003876 -0.000100 -0.089510 0.991273 -0.096774 11.645400 -0.012581 0.096031 0.995299 -1.422300 0.000000 0.000000 0.000000 1.000000
0.995558 0.094071 0.003808 -0.000100 -0.093327 0.991396 -0.091782 11.645400 -0.012409 0.091019 0.995772 -1.422300 0.000000 0.000000 0.000000 1.000000
0.995064 0.099180 0.003354 -0.000100 -0.098516 0.991340 -0.086826 11.645400 -0.011937 0.086067 0.996218 -1.422300 0.000000 0.000000 0.000000 1.000000
0.994536 0.104364 0.002644 -0.000100 -0.103804 0.991264 -0.081364 11.645400 -0.011112 0.080645 0.996681 -1.422300 0.000000 0.000000 0.000000 1.000000
0.994089 0.108546 0.002053 -0.000100 -0.108090 0.991323 -0.074806 11.645400 -0.010155 0.074142 0.997196 -1.422300 0.000000 0.000000 0.000000 1.000000
0.993731 0.111781 0.001828 -0.000100 -0.111404 0.991481 -0.067494 11.645400 -0.009357 0.066867 0.997718 -1.422300 0.000000 0.000000 0.000000 1.000000
0.993429 0.114436 0.001996 -0.000100 -0.114106 0.991619 -0.060594 11.645400 -0.008913 0.059968 0.998160 -1.422300 0.000000 0.000000 0.000000 1.000000
0.993185 0.116520 0.002411 -0.000100 -0.116216 0.991723 -0.054575 11.645400 -0.008750 0.053923 0.998507 -1.422300 0.000000 0.000000 0.000000 1.000000
0.992909 0.118842 0.002911 -0.000100 -0.118560 0.991745 -0.048845 11.645400 -0.008692 0.048153 0.998802 -1.422300 0.000000 0.000000 0.000000 1.000000
0.992464 0.122491 0.003419 -0.000100 -0.122235 0.991584 -0.042656 11.645400 -0.008615 0.041917 0.999084 -1.422300 0.000000 0.000000 0.000000 1.000000
0.991903 0.126944 0.003801 -0.000100 -0.126727 0.991288 -0.035898 11.645400 -0.008325 0.035126 0.999348 -1.422300 0.000000 0.000000 0.000000 1.000000
0.991439 0.130510 0.003869 -0.000100 -0.130344 0.991042 -0.029100 11.645400 -0.007632 0.028346 0.999569 -1.422300 0.000000 0.000000 0.000000 1.000000</float_array><technique_common><accessor source="#mixamorig_Spine1-Matrix-animation-output-transform-array" count="39" stride="16"><param type="float4x4"/></accessor></technique_common></source><source id="mixamorig_Spine1-Interpolations"><Name_array id="mixamorig_Spine1-Interpolations-array" count="39">
 LINEAR LINEAR LINEAR LINEAR LINEAR LINEAR LINEAR LINEAR LINEAR LINEAR LINEAR
LINEAR LINEAR LINEAR LINEAR LINEAR LINEAR LINEAR LINEAR LINEAR LINEAR LINEAR LINEAR
LINEAR LINEAR LINEAR LINEAR LINEAR LINEAR LINEAR LINEAR LINEAR LINEAR LINEAR LINEAR
LINEAR LINEAR LINEAR LINEAR</Name_array><technique_common><accessor source="#mixamorig_Spine1-Interpolations-array" count="39"><param type="name"/></accessor></technique_common></source><sampler id="mixamorig_Spine1-Matrix-animation-transform"><input semantic="INPUT" source="#mixamorig_Spine1-Matrix-animation-input"/><input semantic="OUTPUT" source="#mixamorig_Spine1-Matrix-animation-output-transform"/><input semantic="INTERPOLATION" source="#mixamorig_Spine1-Interpolations"/></sampler><channel source="#mixamorig_Spine1-Matrix-animation-transform" target="mixamorig_Spine1/matrix"/></animation>
    <animation id="mixamorig_Spine2-anim" name="mixamorig_Spine2"><source id="mixamorig_Spine2-Matrix-animation-input"><float_array id="mixamorig_Spine2-Matrix-animation-input-array" count="39">

0.000000 0.033333 0.066667 0.100000 0.133333 0.166667 0.200000 0.233333 0.266667 0.300000 0.333333 0.366667 0.400000 0.433333 0.466667 0.500000
0.533333 0.566667 0.600000 0.633333 0.666667 0.700000 0.733333 0.766667 0.800000 0.833333 0.866667 0.900000 0.933333 0.966667 1.000000 1.033333
1.066667 1.100000 1.133333 1.166667 1.200000 1.233333 1.266667</float_array><technique_common><accessor source="#mixamorig_Spine2-Matrix-animation-input-array" count="39"><param name="TIME" type="float"/></accessor></technique_common></source><source id="mixamorig_Spine2-Matrix-animation-output-transform"><float_array id="mixamorig_Spine2-Matrix-animation-output-transform-array" count="624">

0.999915 0.012585 -0.003367 0.000100 -0.013024 0.959159 -0.282566 13.360200 -0.000327 0.282586 0.959242 -1.626500 0.000000 0.000000 0.000000 1.000000
0.999897 0.013305 -0.005351 0.000100 -0.014271 0.959775 -0.280408 13.360200 0.001405 0.280456 0.959866 -1.626500 0.000000 0.000000 0.000000 1.000000
0.999869 0.014407 -0.007429 0.000100 -0.015906 0.960411 -0.278132 13.360200 0.003128 0.278214 0.960514 -1.626500 0.000000 0.000000 0.000000 1.000000
0.999830 0.015720 -0.009646 0.000100 -0.017770 0.961123 -0.275550 13.360200 0.004940 0.275674 0.961238 -1.626500 0.000000 0.000000 0.000000 1.000000
0.999787 0.016780 -0.012031 0.000100 -0.019424 0.961953 -0.272522 13.360200 0.007000 0.272698 0.962074 -1.626500 0.000000 0.000000 0.000000 1.000000
0.999746 0.017203 -0.014576 0.000100 -0.020492 0.962893 -0.269105 13.360200 0.009406 0.269335 0.963001 -1.626500 0.000000 0.000000 0.000000 1.000000
0.999707 0.017037 -0.017167 0.000100 -0.020985 0.963908 -0.265409 13.360200 0.012026 0.265691 0.963983 -1.626500 0.000000 0.000000 0.000000 1.000000
0.999674 0.016416 -0.019568 0.000100 -0.020965 0.964979 -0.261487 13.360200 0.014590 0.261812 0.965009 -1.626500 0.000000 0.000000 0.000000 1.000000
0.999650 0.015235 -0.021626 0.000100 -0.020295 0.966049 -0.257560 13.360200 0.016968 0.257908 0.966020 -1.626500 0.000000 0.000000 0.000000 1.000000
0.999635 0.013447 -0.023421 0.000100 -0.018959 0.967029 -0.253958 13.360200 0.019234 0.254309 0.966932 -1.626500 0.000000 0.000000 0.000000 1.000000
0.999620 0.011366 -0.025095 0.000100 -0.017296 0.967946 -0.250561 13.360200 0.021443 0.250900 0.967775 -1.626500 0.000000 0.000000 0.000000 1.000000
0.999600 0.009557 -0.026617 0.000100 -0.015836 0.968924 -0.246850 13.360200 0.023431 0.247173 0.968688 -1.626500 0.000000 0.000000 0.000000 1.000000
0.999576 0.008503 -0.027841 0.000100 -0.015015 0.969948 -0.242847 13.360200 0.024940 0.243162 0.969665 -1.626500 0.000000 0.000000 0.000000 1.000000
0.999551 0.008351 -0.028763 0.000100 -0.015001 0.970792 -0.239453 13.360200 0.025924 0.239777 0.970482 -1.626500 0.000000 0.000000 0.000000 1.000000
0.999524 0.008714 -0.029593 0.000100 -0.015495 0.971305 -0.237332 13.360200 0.026675 0.237678 0.970978 -1.626500 0.000000 0.000000 0.000000 1.000000
0.999494 0.008845 -0.030546 0.000100 -0.015807 0.971654 -0.235877 13.360200 0.027594 0.236241 0.971303 -1.626500 0.000000 0.000000 0.000000 1.000000
0.999463 0.008497 -0.031653 0.000100 -0.015673 0.972128 -0.233928 13.360200 0.028783 0.234298 0.971739 -1.626500 0.000000 0.000000 0.000000 1.000000
0.999427 0.008260 -0.032825 0.000100 -0.015633 0.972782 -0.231193 13.360200 0.030022 0.231573 0.972354 -1.626500 0.000000 0.000000 0.000000 1.000000
0.999380 0.008895 -0.034069 0.000100 -0.016446 0.973453 -0.228294 13.360200 0.031134 0.228712 0.972996 -1.626500 0.000000 0.000000 0.000000 1.000000
0.999309 0.010799 -0.035555 0.000100 -0.018555 0.974027 -0.225670 13.360200 0.032194 0.226174 0.973555 -1.626500 0.000000 0.000000 0.000000 1.000000
0.999205 0.013748 -0.037425 0.000100 -0.021770 0.974518 -0.223251 13.360200 0.033402 0.223888 0.974042 -1.626500 0.000000 0.000000 0.000000 1.000000
0.999071 0.017013 -0.039598 0.000100 -0.025358 0.974960 -0.220928 13.360200 0.034847 0.221727 0.974486 -1.626500 0.000000 0.000000 0.000000 1.000000
0.998925 0.020017 -0.041821 0.000100 -0.028700 0.975377 -0.218667 13.360200 0.036414 0.219632 0.974903 -1.626500 0.000000 0.000000 0.000000 1.000000
0.998781 0.022544 -0.043909 0.000100 -0.031539 0.975792 -0.216417 13.360200 0.037967 0.217538 0.975313 -1.626500 0.000000 0.000000 0.000000 1.000000
0.998656 0.024235 -0.045812 0.000100 -0.033520 0.976194 -0.214291 13.360200 0.039528 0.215539 0.975695 -1.626500 0.000000 0.000000 0.000000 1.000000
0.998566 0.024609 -0.047544 0.000100 -0.034186 0.976553 -0.212544 13.360200 0.041199 0.213865 0.975994 -1.626500 0.000000 0.000000 0.000000 1.000000
0.998501 0.024003 -0.049184 0.000100 -0.033887 0.976847 -0.211240 13.360200 0.042975 0.212590 0.976196 -1.626500 0.000000 0.000000 0.000000 1.000000
0.998419 0.023782 -0.050928 0.000100 -0.033997 0.977057 -0.210245 13.360200 0.044759 0.211644 0.976321 -1.626500 0.000000 0.000000 0.000000 1.000000
0.998274 0.025082 -0.053094 0.000100 -0.035690 0.977172 -0.209429 13.360200 0.046629 0.210963 0.976381 -1.626500 0.000000 0.000000 0.000000 1.000000
0.998056 0.027663 -0.055853 0.000100 -0.038759 0.977235 -0.208590 13.360200 0.048811 0.210349 0.976407 -1.626500 0.000000 0.000000 0.000000 1.000000
0.997805 0.030290 -0.058889 0.000100 -0.041901 0.977393 -0.207237 13.360200 0.051281 0.209250 0.976517 -1.626500 0.000000 0.000000 0.000000 1.000000
0.997586 0.031957 -0.061648 0.000100 -0.043981 0.977807 -0.204837 13.360200 0.053734 0.207054 0.976853 -1.626500 0.000000 0.000000 0.000000 1.000000
0.997420 0.032760 -0.063871 0.000100 -0.045054 0.978405 -0.201728 13.360200 0.055883 0.204085 0.977357 -1.626500 0.000000 0.000000 0.000000 1.000000
0.997300 0.033057 -0.065575 0.000100 -0.045536 0.978931 -0.199049 13.360200 0.057614 0.201497 0.977793 -1.626500 0.000000 0.000000 0.000000 1.000000
0.997219 0.032816 -0.066915 0.000100 -0.045463 0.979295 -0.197268 13.360200 0.059056 0.199761 0.978063 -1.626500 0.000000 0.000000 0.000000 1.000000
0.997132 0.032810 -0.068204 0.000100 -0.045623 0.979590 -0.195761 13.360200 0.060389 0.198311 0.978277 -1.626500 0.000000 0.000000 0.000000 1.000000
0.996984 0.034116 -0.069706 0.000100 -0.047077 0.979925 -0.193729 13.360200 0.061698 0.196427 0.978575 -1.626500 0.000000 0.000000 0.000000 1.000000
0.996786 0.036205 -0.071460 0.000100 -0.049306 0.980335 -0.191081 13.360200 0.063137 0.193991 0.978970 -1.626500 0.000000 0.000000 0.000000 1.000000
0.996605 0.037369 -0.073363 0.000100 -0.050647 0.980780 -0.188426 13.360200 0.064912 0.191502 0.979343 -1.626500 0.000000 0.000000 0.000000 1.000000</float_array><technique_common><accessor source="#mixamorig_Spine2-Matrix-animation-output-transform-array" count="39" stride="16"><param type="float4x4"/></accessor></technique_common></source><source id="mixamorig_Spine2-Interpolations"><Name_array id="mixamorig_Spine2-Interpolations-array" count="39">
 LINEAR LINEAR LINEAR LINEAR LINEAR LINEAR LINEAR LINEAR LINEAR LINEAR LINEAR
LINEAR LINEAR LINEAR LINEAR LINEAR LINEAR LINEAR LINEAR LINEAR LINEAR LINEAR LINEAR
LINEAR LINEAR LINEAR LINEAR LINEAR LINEAR LINEAR LINEAR LINEAR LINEAR LINEAR LINEAR
LINEAR LINEAR LINEAR LINEAR</Name_array><technique_common><accessor source="#mixamorig_Spine2-Interpolations-array" count="39"><param type="name"/></accessor></technique_common></source><sampler id="mixamorig_Spine2-Matrix-animation-transform"><input semantic="INPUT" source="#mixamorig_Spine2-Matrix-animation-input"/><input semantic="OUTPUT" source="#mixamorig_Spine2-Matrix-animation-output-transform"/><input semantic="INTERPOLATION" source="#mixamorig_Spine2-Interpolations"/></sampler><channel source="#mixamorig_Spine2-Matrix-animation-transform" target="mixamorig_Spine2/matrix"/></animation>
    <animation id="mixamorig_Neck-anim" name="mixamorig_Neck"><source id="mixamorig_Neck-Matrix-animation-input"><float_array id="mixamorig_Neck-Matrix-animation-input-array" count="39">

0.000000 0.033333 0.066667 0.100000 0.133333 0.166667 0.200000 0.233333 0.266667 0.300000 0.333333 0.366667 0.400000 0.433333 0.466667 0.500000
0.533333 0.566667 0.600000 0.633333 0.666667 0.700000 0.733333 0.766667 0.800000 0.833333 0.866667 0.900000 0.933333 0.966667 1.000000 1.033333
1.066667 1.100000 1.133333 1.166667 1.200000 1.233333 1.266667</float_array><technique_common><accessor source="#mixamorig_Neck-Matrix-animation-input-array" count="39"><param name="TIME" type="float"/></accessor></technique_common></source><source id="mixamorig_Neck-Matrix-animation-output-transform"><float_array id="mixamorig_Neck-Matrix-animation-output-transform-array" count="624">

0.991382 -0.014493 0.130197 0.000000 0.015452 0.999860 -0.006358 15.032500 -0.130086 0.008315 0.991468 0.792900 0.000000 0.000000 0.000000 1.000000
0.991411 -0.015270 0.129886 -0.000000 0.016245 0.999847 -0.006451 15.032500 -0.129768 0.008505 0.991508 0.792900 0.000000 0.000000 0.000000 1.000000
0.991457 -0.016265 0.129416 0.000000 0.017277 0.999828 -0.006695 15.032500 -0.129285 0.008874 0.991568 0.792900 0.000000 0.000000 0.000000 1.000000
0.991511 -0.017381 0.128858 0.000000 0.018452 0.999804 -0.007122 15.032500 -0.128709 0.009440 0.991637 0.792900 0.000000 0.000000 0.000000 1.000000
0.991572 -0.018705 0.128201 0.000000 0.019811 0.999777 -0.007354 15.032500 -0.128035 0.009832 0.991721 0.792900 0.000000 0.000000 0.000000 1.000000
0.991660 -0.020704 0.127205 0.000000 0.021753 0.999740 -0.006863 15.032500 -0.127029 0.009573 0.991853 0.792900 0.000000 0.000000 0.000000 1.000000
0.991791 -0.023802 0.125635 0.000000 0.024678 0.999681 -0.005417 15.032500 -0.125466 0.008472 0.992062 0.792900 0.000000 0.000000 0.000000 1.000000
0.991926 -0.027549 0.123793 0.000000 0.028145 0.999599 -0.003065 15.032500 -0.123659 0.006525 0.992303 0.792900 0.000000 0.000000 0.000000 1.000000
0.992007 -0.030799 0.122364 -0.000000 0.031022 0.999519 0.000081 15.032500 -0.122307 0.003716 0.992485 0.792900 0.000000 0.000000 0.000000 1.000000
0.992027 -0.032702 0.121710 0.000000 0.032520 0.999465 0.003483 15.032500 -0.121759 0.000502 0.992560 0.792900 0.000000 0.000000 0.000000 1.000000
0.992013 -0.033091 0.121714 -0.000000 0.032598 0.999450 0.006040 15.032500 -0.121847 -0.002024 0.992547 0.792900 0.000000 0.000000 0.000000 1.000000
0.991975 -0.032263 0.122247 -0.000000 0.031627 0.999474 0.007134 15.032500 -0.122413 -0.003211 0.992474 0.792900 0.000000 0.000000 0.000000 1.000000
0.991860 -0.030749 0.123562 0.000000 0.030079 0.999521 0.007285 15.032500 -0.123727 -0.003510 0.992310 0.792900 0.000000 0.000000 0.000000 1.000000
0.991620 -0.029275 0.125827 0.000000 0.028590 0.999565 0.007246 15.032500 -0.125985 -0.003588 0.992026 0.792900 0.000000 0.000000 0.000000 1.000000
0.991310 -0.028632 0.128395 0.000000 0.027948 0.999584 0.007127 15.032500 -0.128546 -0.003477 0.991697 0.792900 0.000000 0.000000 0.000000 1.000000
0.991066 -0.028976 0.130190 0.000000 0.028337 0.999576 0.006762 15.032500 -0.130331 -0.003013 0.991466 0.792900 0.000000 0.000000 0.000000 1.000000
0.990955 -0.029230 0.130975 -0.000000 0.028674 0.999570 0.006126 15.032500 -0.131098 -0.002314 0.991367 0.792900 0.000000 0.000000 0.000000 1.000000
0.990888 -0.027732 0.131801 0.000000 0.027305 0.999614 0.005048 15.032500 -0.131890 -0.001403 0.991263 0.792900 0.000000 0.000000 0.000000 1.000000
0.990738 -0.023971 0.133657 0.000000 0.023746 0.999713 0.003272 15.032500 -0.133697 -0.000068 0.991022 0.792900 0.000000 0.000000 0.000000 1.000000
0.990517 -0.019572 0.135986 0.000000 0.019630 0.999807 0.000916 15.032500 -0.135977 0.001763 0.990710 0.792900 0.000000 0.000000 0.000000 1.000000
0.990370 -0.016755 0.137428 0.000000 0.017144 0.999852 -0.001641 15.032500 -0.137380 0.003981 0.990510 0.792900 0.000000 0.000000 0.000000 1.000000
0.990361 -0.016099 0.137573 -0.000000 0.016802 0.999851 -0.003949 15.032500 -0.137489 0.006222 0.990484 0.792900 0.000000 0.000000 0.000000 1.000000
0.990419 -0.016561 0.137100 -0.000000 0.017463 0.999833 -0.005381 15.032500 -0.136988 0.007724 0.990543 0.792900 0.000000 0.000000 0.000000 1.000000
0.990460 -0.016837 0.136770 -0.000000 0.017759 0.999827 -0.005529 15.032500 -0.136654 0.007905 0.990587 0.792900 0.000000 0.000000 0.000000 1.000000
0.990444 -0.015981 0.136987 0.000000 0.016812 0.999847 -0.004910 15.032500 -0.136887 0.007166 0.990561 0.792900 0.000000 0.000000 0.000000 1.000000
0.990327 -0.013411 0.138101 0.000000 0.014262 0.999885 -0.005173 15.032500 -0.138016 0.007092 0.990405 0.792900 0.000000 0.000000 0.000000 1.000000
0.990081 -0.009544 0.140173 0.000000 0.010791 0.999909 -0.008142 15.032500 -0.140083 0.009574 0.990093 0.792900 0.000000 0.000000 0.000000 1.000000
0.989816 -0.006042 0.142226 0.000000 0.008108 0.999870 -0.013957 15.032500 -0.142124 0.014968 0.989736 0.792900 0.000000 0.000000 0.000000 1.000000
0.989774 -0.004880 0.142560 0.000000 0.007820 0.999768 -0.020067 15.032500 -0.142429 0.020977 0.989583 0.792900 0.000000 0.000000 0.000000 1.000000
0.990066 -0.006801 0.140437 -0.000000 0.010138 0.999683 -0.023059 15.032500 -0.140236 0.024254 0.989821 0.792900 0.000000 0.000000 0.000000 1.000000
0.990491 -0.010364 0.137184 0.000000 0.013483 0.999671 -0.021826 15.032500 -0.136913 0.023468 0.990305 0.792900 0.000000 0.000000 0.000000 1.000000
0.990778 -0.013212 0.134853 0.000000 0.015794 0.999712 -0.018093 15.032500 -0.134575 0.020056 0.990700 0.792900 0.000000 0.000000 0.000000 1.000000
0.990910 -0.014937 0.133694 -0.000000 0.016930 0.999762 -0.013783 15.032500 -0.133456 0.015921 0.990927 0.792900 0.000000 0.000000 0.000000 1.000000
0.991013 -0.016255 0.132776 0.000000 0.017725 0.999794 -0.009894 15.032500 -0.132587 0.012159 0.991097 0.792900 0.000000 0.000000 0.000000 1.000000
0.991048 -0.016152 0.132524 0.000000 0.017335 0.999819 -0.007779 15.032500 -0.132374 0.010006 0.991149 0.792900 0.000000 0.000000 0.000000 1.000000
0.990962 -0.014211 0.133390 0.000000 0.015445 0.999847 -0.008220 15.032500 -0.133252 0.010206 0.991030 0.792900 0.000000 0.000000 0.000000 1.000000
0.990917 -0.012691 0.133875 0.000000 0.014105 0.999854 -0.009620 15.032500 -0.133733 0.011420 0.990952 0.792900 0.000000 0.000000 0.000000 1.000000
0.991080 -0.013169 0.132618 -0.000000 0.014535 0.999851 -0.009338 15.032500 -0.132476 0.011182 0.991123 0.792900 0.000000 0.000000 0.000000 1.000000
0.991382 -0.014493 0.130197 0.000000 0.015452 0.999860 -0.006358 15.032500 -0.130086 0.008315 0.991468 0.792900 0.000000 0.000000 0.000000 1.000000</float_array><technique_common><accessor source="#mixamorig_Neck-Matrix-animation-output-transform-array" count="39" stride="16"><param type="float4x4"/></accessor></technique_common></source><source id="mixamorig_Neck-Interpolations"><Name_array id="mixamorig_Neck-Interpolations-array" count="39">
 LINEAR LINEAR LINEAR LINEAR LINEAR LINEAR LINEAR LINEAR LINEAR LINEAR LINEAR
LINEAR LINEAR LINEAR LINEAR LINEAR LINEAR LINEAR LINEAR LINEAR LINEAR LINEAR LINEAR
LINEAR LINEAR LINEAR LINEAR LINEAR LINEAR LINEAR LINEAR LINEAR LINEAR LINEAR LINEAR
LINEAR LINEAR LINEAR LINEAR</Name_array><technique_common><accessor source="#mixamorig_Neck-Interpolations-array" count="39"><param type="name"/></accessor></technique_common></source><sampler id="mixamorig_Neck-Matrix-animation-transform"><input semantic="INPUT" source="#mixamorig_Neck-Matrix-animation-input"/><input semantic="OUTPUT" source="#mixamorig_Neck-Matrix-animation-output-transform"/><input semantic="INTERPOLATION" source="#mixamorig_Neck-Interpolations"/></sampler><channel source="#mixamorig_Neck-Matrix-animation-transform" target="mixamorig_Neck/matrix"/></animation>
    <animation id="mixamorig_Head-anim" name="mixamorig_Head"><source id="mixamorig_Head-Matrix-animation-input"><float_array id="mixamorig_Head-Matrix-animation-input-array" count="39">

0.000000 0.033333 0.066667 0.100000 0.133333 0.166667 0.200000 0.233333 0.266667 0.300000 0.333333 0.366667 0.400000 0.433333 0.466667 0.500000
