<?xml version="1.0" encoding="utf-8"?>
<COLLADA xmlns="http://www.collada.org/2005/11/COLLADASchema" version="1.4.1">
  <asset><contributor><author>Mixamo</author><authoring_tool>COLLADA Mixamo exporter</authoring_tool><comments></comments></contributor><created>2018-10-16T10:17:25Z</created><modified>2018-10-16T10:17:25Z</modified><revision></revision><title></title><unit meter="0.010000"/><up_axis>Y_UP</up_axis></asset>
  <library_animations>
    <animation id="mixamorig_Hips-anim" name="mixamorig_Hips"><source id="mixamorig_Hips-Matrix-animation-input"><float_array id="mixamorig_Hips-Matrix-animation-input-array" count="27">

0.000000 0.033333 0.066667 0.100000 0.133333 0.166667 0.200000 0.233333 0.266667 0.300000 0.333333 0.366667 0.400000 0.433333 0.466667 0.500000
0.533333 0.566667 0.600000 0.633333 0.666667 0.700000 0.733333 0.766667 0.800000 0.833333 0.866667</float_array><technique_common><accessor source="#mixamorig_Hips-Matrix-animation-input-array" count="27"><param name="TIME" type="float"/></accessor></technique_common></source><source id="mixamorig_Hips-Matrix-animation-output-transform"><float_array id="mixamorig_Hips-Matrix-animation-output-transform-array" count="432">

0.995069 -0.061127 0.078110 0.266804 0.062513 0.997925 -0.015413 91.921021 -0.077006 0.020220 0.996826 -0.965761 0.000000 0.000000 0.000000 1.000000
0.995544 -0.045081 0.082829 -0.234078 0.046379 0.998828 -0.013812 91.409363 -0.082109 0.017592 0.996468 4.554372 0.000000 0.000000 0.000000 1.000000
0.997008 -0.025396 0.073010 -0.769747 0.026212 0.999604 -0.010238 91.186302 -0.072721 0.012121 0.997279 9.955403 0.000000 0.000000 0.000000 1.000000
0.998589 -0.002181 0.053055 -1.275475 0.002457 0.999984 -0.005137 91.328873 -0.053043 0.005260 0.998578 15.083749 0.000000 0.000000 0.000000 1.000000
0.999254 0.015084 0.035544 -1.753371 -0.015023 0.999885 -0.001983 91.874382 -0.035570 0.001448 0.999366 20.146015 0.000000 0.000000 0.000000 1.000000
0.999297 0.020940 0.031107 -2.172017 -0.020809 0.999773 -0.004510 92.838348 -0.031194 0.003860 0.999506 25.299215 0.000000 0.000000 0.000000 1.000000
0.999188 0.017584 0.036258 -2.449805 -0.017153 0.999779 -0.012173 93.939919 -0.036464 0.011541 0.999268 30.543123 0.000000 0.000000 0.000000 1.000000
0.999383 0.011418 0.033214 -2.510199 -0.010673 0.999689 -0.022540 94.827354 -0.033461 0.022172 0.999194 35.797470 0.000000 0.000000 0.000000 1.000000
0.999965 0.005246 0.006533 -2.364895 -0.005008 0.999342 -0.035913 95.351929 -0.006717 0.035879 0.999334 41.013268 0.000000 0.000000 0.000000 1.000000
0.999205 -0.001257 -0.039856 -2.092415 -0.000840 0.998618 -0.052547 95.555000 0.039867 0.052539 0.997823 46.169029 0.000000 0.000000 0.000000 1.000000
0.996262 -0.004552 -0.086268 -1.753114 -0.001268 0.997733 -0.067290 95.352509 0.086379 0.067148 0.993997 51.269001 0.000000 0.000000 0.000000 1.000000
0.992981 -0.000099 -0.118274 -1.378638 -0.008608 0.997287 -0.073105 94.637817 0.117961 0.073610 0.990286 56.362366 0.000000 0.000000 0.000000 1.000000
0.990357 0.006773 -0.138375 -1.028634 -0.016661 0.997378 -0.070421 93.588211 0.137535 0.072048 0.987873 61.533577 0.000000 0.000000 0.000000 1.000000
0.987746 0.004514 -0.156007 -0.760418 -0.014955 0.997720 -0.065815 92.688141 0.155354 0.067342 0.985561 66.768303 0.000000 0.000000 0.000000 1.000000
0.985050 -0.013776 -0.171718 -0.554663 0.003174 0.998079 -0.061867 92.214432 0.172240 0.060397 0.983202 72.086182 0.000000 0.000000 0.000000 1.000000
0.983091 -0.044702 -0.177575 -0.338414 0.035477 0.997867 -0.054793 92.021889 0.179646 0.047566 0.982581 77.433678 0.000000 0.000000 0.000000 1.000000
0.981034 -0.086404 -0.173510 -0.113058 0.080097 0.995857 -0.043043 91.726227 0.176510 0.028329 0.983891 82.615105 0.000000 0.000000 0.000000 1.000000
0.978220 -0.119382 -0.169807 0.162212 0.115394 0.992765 -0.033199 91.624260 0.172542 0.012881 0.984918 87.600891 0.000000 0.000000 0.000000 1.000000
0.975585 -0.133871 -0.174107 0.397597 0.130138 0.990955 -0.032736 92.020378 0.176915 0.009279 0.984182 92.690338 0.000000 0.000000 0.000000 1.000000
0.975054 -0.130508 -0.179550 0.511950 0.125461 0.991323 -0.039232 92.850998 0.183112 0.015727 0.982966 97.887878 0.000000 0.000000 0.000000 1.000000
0.978293 -0.117287 -0.170843 0.482794 0.111390 0.992814 -0.043737 93.801033 0.174745 0.023757 0.984327 103.125641 0.000000 0.000000 0.000000 1.000000
0.984927 -0.101255 -0.140239 0.370322 0.096254 0.994470 -0.042012 94.511116 0.143718 0.027880 0.989226 108.303558 0.000000 0.000000 0.000000 1.000000
0.991849 -0.085536 -0.094441 0.274788 0.082372 0.995918 -0.036917 94.765739 0.097213 0.028837 0.994846 113.401466 0.000000 0.000000 0.000000 1.000000
0.996278 -0.072701 -0.046322 0.251764 0.071253 0.996939 -0.032183 94.481125 0.048520 0.028763 0.998408 118.440987 0.000000 0.000000 0.000000 1.000000
0.997890 -0.064865 -0.002721 0.279231 0.064765 0.997511 -0.027894 93.737961 0.004524 0.027659 0.999607 123.445450 0.000000 0.000000 0.000000 1.000000
0.997380 -0.061804 0.037596 0.294443 0.062675 0.997782 -0.022428 92.779068 -0.036127 0.024725 0.999041 128.446609 0.000000 0.000000 0.000000 1.000000
0.995092 -0.060567 0.078255 0.268488 0.061953 0.997960 -0.015404 91.877625 -0.077163 0.020176 0.996814 133.460464 0.000000 0.000000 0.000000 1.000000</float_array><technique_common><accessor source="#mixamorig_Hips-Matrix-animation-output-transform-array" count="27" stride="16"><param type="float4x4"/></accessor></technique_common></source><source id="mixamorig_Hips-Interpolations"><Name_array id="mixamorig_Hips-Interpolations-array" count="27">
 LINEAR LINEAR LINEAR LINEAR LINEAR LINEAR LINEAR LINEAR LINEAR LINEAR LINEAR
LINEAR LINEAR LINEAR LINEAR LINEAR LINEAR LINEAR LINEAR LINEAR LINEAR LINEAR LINEAR
LINEAR LINEAR LINEAR LINEAR</Name_array><technique_common><accessor source="#mixamorig_Hips-Interpolations-array" count="27"><param type="name"/></accessor></technique_common></source><sampler id="mixamorig_Hips-Matrix-animation-transform"><input semantic="INPUT" source="#mixamorig_Hips-Matrix-animation-input"/><input semantic="OUTPUT" source="#mixamorig_Hips-Matrix-animation-output-transform"/><input semantic="INTERPOLATION" source="#mixamorig_Hips-Interpolations"/></sampler><channel source="#mixamorig_Hips-Matrix-animation-transform" target="mixamorig_Hips/matrix"/></animation>
    <animation id="mixamorig_Spine-anim" name="mixamorig_Spine"><source id="mixamorig_Spine-Matrix-animation-input"><float_array id="mixamorig_Spine-Matrix-animation-input-array" count="27">

0.000000 0.033333 0.066667 0.100000 0.133333 0.166667 0.200000 0.233333 0.266667 0.300000 0.333333 0.366667 0.400000 0.433333 0.466667 0.500000
0.533333 0.566667 0.600000 0.633333 0.666667 0.700000 0.733333 0.766667 0.800000 0.833333 0.866667</float_array><technique_common><accessor source="#mixamorig_Spine-Matrix-animation-input-array" count="27"><param name="TIME" type="float"/></accessor></technique_common></source><source id="mixamorig_Spine-Matrix-animation-output-transform"><float_array id="mixamorig_Spine-Matrix-animation-output-transform-array" count="432">

0.999560 0.012402 -0.026929 0.000000 -0.013178 0.999497 -0.028850 9.923500 0.026558 0.029193 0.999221 -1.227300 0.000000 0.000000 0.000000 1.000000
0.999567 0.004838 -0.029012 -0.000000 -0.005718 0.999524 -0.030309 9.923500 0.028851 0.030461 0.999119 -1.227300 0.000000 0.000000 0.000000 1.000000
0.999546 -0.001762 -0.030069 -0.000000 0.000831 0.999521 -0.030937 9.923500 0.030109 0.030898 0.999069 -1.227300 0.000000 0.000000 0.000000 1.000000
0.999576 -0.005287 -0.028634 0.000000 0.004419 0.999531 -0.030308 9.923500 0.028781 0.030169 0.999130 -1.227300 0.000000 0.000000 0.000000 1.000000
0.999608 -0.007473 -0.026985 -0.000000 0.006645 0.999508 -0.030666 9.923500 0.027200 0.030475 0.999165 -1.227300 0.000000 0.000000 0.000000 1.000000
0.999630 -0.009134 -0.025602 0.000000 0.008328 0.999472 -0.031416 9.923500 0.025875 0.031191 0.999178 -1.227300 0.000000 0.000000 0.000000 1.000000
0.999646 -0.009925 -0.024703 0.000000 0.009145 0.999462 -0.031489 9.923500 0.025002 0.031252 0.999199 -1.227300 0.000000 0.000000 0.000000 1.000000
0.999690 -0.011320 -0.022182 -0.000000 0.010644 0.999482 -0.030386 9.923500 0.022514 0.030140 0.999292 -1.227300 0.000000 0.000000 0.000000 1.000000
0.999788 -0.013763 -0.015304 0.000000 0.013335 0.999527 -0.027717 9.923500 0.015678 0.027507 0.999499 -1.227300 0.000000 0.000000 0.000000 1.000000
0.999856 -0.016320 -0.004676 0.000000 0.016206 0.999593 -0.023476 9.923500 0.005057 0.023397 0.999713 -1.227300 0.000000 0.000000 0.000000 1.000000
0.999762 -0.020916 0.006132 0.000000 0.021026 0.999607 -0.018517 9.923500 -0.005743 0.018641 0.999810 -1.227300 0.000000 0.000000 0.000000 1.000000
0.999485 -0.028778 0.014208 0.000000 0.028978 0.999481 -0.014053 9.923500 -0.013797 0.014457 0.999800 -1.227300 0.000000 0.000000 0.000000 1.000000
0.999330 -0.031740 0.018241 -0.000000 0.031953 0.999423 -0.011505 9.923500 -0.017866 0.012080 0.999767 -1.227300 0.000000 0.000000 0.000000 1.000000
0.999601 -0.021858 0.017904 0.000000 0.022069 0.999689 -0.011649 9.923500 -0.017643 0.012040 0.999772 -1.227300 0.000000 0.000000 0.000000 1.000000
0.999897 -0.003190 0.014000 0.000000 0.003377 0.999905 -0.013394 9.923500 -0.013956 0.013440 0.999812 -1.227300 0.000000 0.000000 0.000000 1.000000
0.999876 0.013139 0.008730 0.000000 -0.013006 0.999802 -0.015074 9.923500 -0.008927 0.014959 0.999848 -1.227300 0.000000 0.000000 0.000000 1.000000
0.999442 0.032852 0.006034 0.000000 -0.032745 0.999320 -0.016969 9.923500 -0.006588 0.016761 0.999838 -1.227300 0.000000 0.000000 0.000000 1.000000
0.998651 0.051434 0.007182 0.000000 -0.051287 0.998497 -0.019301 9.923500 -0.008164 0.018907 0.999788 -1.227300 0.000000 0.000000 0.000000 1.000000
0.997788 0.065678 0.010296 0.000000 -0.065450 0.997632 -0.021148 9.923500 -0.011660 0.020427 0.999723 -1.227300 0.000000 0.000000 0.000000 1.000000
0.997402 0.070960 0.012430 -0.000000 -0.070679 0.997262 -0.021753 9.923500 -0.013940 0.020818 0.999686 -1.227300 0.000000 0.000000 0.000000 1.000000
0.997581 0.068601 0.011217 0.000000 -0.068348 0.997427 -0.021632 9.923500 -0.012672 0.020813 0.999703 -1.227300 0.000000 0.000000 0.000000 1.000000
0.997988 0.063140 0.005852 0.000000 -0.063002 0.997784 -0.021386 9.923500 -0.007189 0.020974 0.999754 -1.227300 0.000000 0.000000 0.000000 1.000000
0.998421 0.056120 -0.002371 0.000000 -0.056158 0.998195 -0.021263 9.923500 0.001173 0.021363 0.999771 -1.227300 0.000000 0.000000 0.000000 1.000000
0.998842 0.046803 -0.011152 0.000000 -0.047040 0.998650 -0.022053 9.923500 0.010105 0.022552 0.999695 -1.227300 0.000000 0.000000 0.000000 1.000000
0.999181 0.035594 -0.019226 0.000000 -0.036060 0.999050 -0.024467 9.923500 0.018336 0.025140 0.999516 -1.227300 0.000000 0.000000 0.000000 1.000000
0.999434 0.023694 -0.023863 -0.000000 -0.024331 0.999346 -0.026755 9.923500 0.023213 0.027321 0.999357 -1.227300 0.000000 0.000000 0.000000 1.000000
0.999564 0.011834 -0.027058 0.000000 -0.012615 0.999504 -0.028866 9.923500 0.026703 0.029195 0.999217 -1.227300 0.000000 0.000000 0.000000 1.000000</float_array><technique_common><accessor source="#mixamorig_Spine-Matrix-animation-output-transform-array" count="27" stride="16"><param type="float4x4"/></accessor></technique_common></source><source id="mixamorig_Spine-Interpolations"><Name_array id="mixamorig_Spine-Interpolations-array" count="27">
 LINEAR LINEAR LINEAR LINEAR LINEAR LINEAR LINEAR LINEAR LINEAR LINEAR LINEAR
LINEAR LINEAR LINEAR LINEAR LINEAR LINEAR LINEAR LINEAR LINEAR LINEAR LINEAR LINEAR
LINEAR LINEAR LINEAR LINEAR</Name_array><technique_common><accessor source="#mixamorig_Spine-Interpolations-array" count="27"><param type="name"/></accessor></technique_common></source><sampler id="mixamorig_Spine-Matrix-animation-transform"><input semantic="INPUT" source="#mixamorig_Spine-Matrix-animation-input"/><input semantic="OUTPUT" source="#mixamorig_Spine-Matrix-animation-output-transform"/><input semantic="INTERPOLATION" source="#mixamorig_Spine-Interpolations"/></sampler><channel source="#mixamorig_Spine-Matrix-animation-transform" target="mixamorig_Spine/matrix"/></animation>
    <animation id="mixamorig_Spine1-anim" name="mixamorig_Spine1"><source id="mixamorig_Spine1-Matrix-animation-input"><float_array id="mixamorig_Spine1-Matrix-animation-input-array" count="27">

0.000000 0.033333 0.066667 0.100000 0.133333 0.166667 0.200000 0.233333 0.266667 0.300000 0.333333 0.366667 0.400000 0.433333 0.466667 0.500000
0.533333 0.566667 0.600000 0.633333 0.666667 0.700000 0.733333 0.766667 0.800000 0.833333 0.866667</float_array><technique_common><accessor source="#mixamorig_Spine1-Matrix-animation-input-array" count="27"><param name="TIME" type="float"/></accessor></technique_common></source><source id="mixamorig_Spine1-Matrix-animation-output-transform"><float_array id="mixamorig_Spine1-Matrix-animation-output-transform-array" count="432">

0.996790 0.021277 -0.077183 -0.000100 -0.025657 0.998089 -0.056214 11.645400 0.075839 0.058014 0.995431 -1.422300 0.000000 0.000000 0.000000 1.000000
0.996187 0.012810 -0.086295 -0.000100 -0.017922 0.998113 -0.058722 11.645400 0.085380 0.060045 0.994538 -1.422300 0.000000 0.000000 0.000000 1.000000
0.995895 0.005020 -0.090374 -0.000100 -0.010518 0.998116 -0.060453 11.645400 0.089900 0.061155 0.994071 -1.422300 0.000000 0.000000 0.000000 1.000000
0.996472 -0.000869 -0.083924 -0.000100 -0.004303 0.998103 -0.061419 11.645400 0.083818 0.061564 0.994578 -1.422300 0.000000 0.000000 0.000000 1.000000
0.997196 -0.002946 -0.074775 -0.000100 -0.001807 0.997986 -0.063411 11.645400 0.074811 0.063368 0.995182 -1.422300 0.000000 0.000000 0.000000 1.000000
0.997721 -0.000286 -0.067468 -0.000100 -0.004066 0.997919 -0.064355 11.645400 0.067346 0.064483 0.995644 -1.422300 0.000000 0.000000 0.000000 1.000000
0.998106 0.005509 -0.061271 -0.000100 -0.009378 0.997967 -0.063047 11.645400 0.060799 0.063502 0.996128 -1.422300 0.000000 0.000000 0.000000 1.000000
0.998632 0.012550 -0.050770 -0.000100 -0.015571 0.998104 -0.059550 11.645400 0.049926 0.060259 0.996933 -1.422300 0.000000 0.000000 0.000000 1.000000
0.999286 0.020383 -0.031825 -0.000100 -0.022079 0.998304 -0.053862 11.645400 0.030673 0.054526 0.998041 -1.422300 0.000000 0.000000 0.000000 1.000000
0.999564 0.028522 -0.007585 -0.000100 -0.028845 0.998497 -0.046610 11.645400 0.006244 0.046809 0.998884 -1.422300 0.000000 0.000000 0.000000 1.000000
0.999292 0.035096 0.013524 -0.000100 -0.034532 0.998606 -0.039913 11.645400 -0.014906 0.039418 0.999112 -1.422300 0.000000 0.000000 0.000000 1.000000
0.998911 0.038373 0.026548 -0.000100 -0.037417 0.998664 -0.035636 11.645400 -0.027880 0.034604 0.999012 -1.422300 0.000000 0.000000 0.000000 1.000000
0.998630 0.039471 0.034357 -0.000100 -0.038309 0.998692 -0.033849 11.645400 -0.035648 0.032486 0.998836 -1.422300 0.000000 0.000000 0.000000 1.000000
0.998238 0.041991 0.041916 -0.000100 -0.040604 0.998616 -0.033421 11.645400 -0.043261 0.031660 0.998562 -1.422300 0.000000 0.000000 0.000000 1.000000
0.997577 0.049536 0.048851 -0.000100 -0.047919 0.998282 -0.033727 11.645400 -0.050438 0.031305 0.998236 -1.422300 0.000000 0.000000 0.000000 1.000000
0.996726 0.062976 0.050705 -0.000100 -0.061229 0.997499 -0.035313 11.645400 -0.052802 0.032093 0.998089 -1.422300 0.000000 0.000000 0.000000 1.000000
0.995769 0.079369 0.046310 -0.000100 -0.077600 0.996228 -0.038821 11.645400 -0.049217 0.035063 0.998172 -1.422300 0.000000 0.000000 0.000000 1.000000
0.994933 0.092188 0.040127 -0.000100 -0.090474 0.994986 -0.042626 11.645400 -0.043856 0.038780 0.998285 -1.422300 0.000000 0.000000 0.000000 1.000000
0.994699 0.096212 0.036292 -0.000100 -0.094580 0.994531 -0.044300 11.645400 -0.040356 0.040633 0.998359 -1.422300 0.000000 0.000000 0.000000 1.000000
0.995225 0.091773 0.033242 -0.000100 -0.090289 0.994956 -0.043704 11.645400 -0.037085 0.040494 0.998491 -1.422300 0.000000 0.000000 0.000000 1.000000
0.996208 0.083072 0.025864 -0.000100 -0.081920 0.995719 -0.042807 11.645400 -0.029309 0.040526 0.998749 -1.422300 0.000000 0.000000 0.000000 1.000000
0.997260 0.073090 0.011408 -0.000100 -0.072544 0.996456 -0.042584 11.645400 -0.014480 0.041640 0.999028 -1.422300 0.000000 0.000000 0.000000 1.000000
0.998016 0.062426 -0.008209 -0.000100 -0.062722 0.997110 -0.042873 11.645400 0.005509 0.043303 0.999047 -1.422300 0.000000 0.000000 0.000000 1.000000
0.998260 0.051214 -0.029234 -0.000100 -0.052490 0.997621 -0.044689 11.645400 0.026875 0.046146 0.998573 -1.422300 0.000000 0.000000 0.000000 1.000000
0.997966 0.040015 -0.049619 -0.000100 -0.042462 0.997882 -0.049287 11.645400 0.047542 0.051293 0.997551 -1.422300 0.000000 0.000000 0.000000 1.000000
0.997465 0.030390 -0.064336 -0.000100 -0.033827 0.998021 -0.053014 11.645400 0.062598 0.055056 0.996519 -1.422300 0.000000 0.000000 0.000000 1.000000
0.996790 0.021277 -0.077183 -0.000100 -0.025657 0.998089 -0.056214 11.645400 0.075839 0.058014 0.995431 -1.422300 0.000000 0.000000 0.000000 1.000000</float_array><technique_common><accessor source="#mixamorig_Spine1-Matrix-animation-output-transform-array" count="27" stride="16"><param type="float4x4"/></accessor></technique_common></source><source id="mixamorig_Spine1-Interpolations"><Name_array id="mixamorig_Spine1-Interpolations-array" count="27">
 LINEAR LINEAR LINEAR LINEAR LINEAR LINEAR LINEAR LINEAR LINEAR LINEAR LINEAR
LINEAR LINEAR LINEAR LINEAR LINEAR LINEAR LINEAR LINEAR LINEAR LINEAR LINEAR LINEAR
LINEAR LINEAR LINEAR LINEAR</Name_array><technique_common><accessor source="#mixamorig_Spine1-Interpolations-array" count="27"><param type="name"/></accessor></technique_common></source><sampler id="mixamorig_Spine1-Matrix-animation-transform"><input semantic="INPUT" source="#mixamorig_Spine1-Matrix-animation-input"/><input semantic="OUTPUT" source="#mixamorig_Spine1-Matrix-animation-output-transform"/><input semantic="INTERPOLATION" source="#mixamorig_Spine1-Interpolations"/></sampler><channel source="#mixamorig_Spine1-Matrix-animation-transform" target="mixamorig_Spine1/matrix"/></animation>
    <animation id="mixamorig_Spine2-anim" name="mixamorig_Spine2"><source id="mixamorig_Spine2-Matrix-animation-input"><float_array id="mixamorig_Spine2-Matrix-animation-input-array" count="27">

0.000000 0.033333 0.066667 0.100000 0.133333 0.166667 0.200000 0.233333 0.266667 0.300000 0.333333 0.366667 0.400000 0.433333 0.466667 0.500000
0.533333 0.566667 0.600000 0.633333 0.666667 0.700000 0.733333 0.766667 0.800000 0.833333 0.866667</float_array><technique_common><accessor source="#mixamorig_Spine2-Matrix-animation-input-array" count="27"><param name="TIME" type="float"/></accessor></technique_common></source><source id="mixamorig_Spine2-Matrix-animation-output-transform"><float_array id="mixamorig_Spine2-Matrix-animation-output-transform-array" count="432">

0.996790 0.021366 -0.077155 0.000100 -0.025749 0.998083 -0.056273 13.360200 0.075805 0.058079 0.995430 -1.626500 0.000000 0.000000 0.000000 1.000000
0.996193 0.012922 -0.086215 0.000100 -0.018038 0.998105 -0.058834 13.360200 0.085292 0.060165 0.994538 -1.626500 0.000000 0.000000 0.000000 1.000000
0.995903 0.005094 -0.090281 0.000100 -0.010596 0.998107 -0.060574 13.360200 0.089802 0.061282 0.994072 -1.626500 0.000000 0.000000 0.000000 1.000000
0.996474 -0.000949 -0.083900 0.000100 -0.004224 0.998101 -0.061453 13.360200 0.083799 0.061591 0.994577 -1.626500 0.000000 0.000000 0.000000 1.000000
0.997193 -0.003110 -0.074811 0.000100 -0.001641 0.997989 -0.063367 13.360200 0.074858 0.063312 0.995182 -1.626500 0.000000 0.000000 0.000000 1.000000
0.997717 -0.000415 -0.067525 0.000100 -0.003936 0.997923 -0.064297 13.360200 0.067411 0.064416 0.995644 -1.626500 0.000000 0.000000 0.000000 1.000000
0.998104 0.005461 -0.061304 0.000100 -0.009331 0.997968 -0.063024 13.360200 0.060835 0.063476 0.996127 -1.626500 0.000000 0.000000 0.000000 1.000000
0.998634 0.012561 -0.050727 0.000100 -0.015581 0.998102 -0.059584 13.360200 0.049883 0.060292 0.996934 -1.626500 0.000000 0.000000 0.000000 1.000000
0.999290 0.020402 -0.031679 0.000100 -0.022092 0.998300 -0.053933 13.360200 0.030525 0.054595 0.998042 -1.626500 0.000000 0.000000 0.000000 1.000000
0.999566 0.028523 -0.007371 0.000100 -0.028837 0.998495 -0.046646 13.360200 0.006029 0.046839 0.998884 -1.626500 0.000000 0.000000 0.000000 1.000000
0.999289 0.035127 0.013723 0.000100 -0.034556 0.998609 -0.039830 13.360200 -0.015103 0.039327 0.999112 -1.626500 0.000000 0.000000 0.000000 1.000000
0.998902 0.038511 0.026666 0.000100 -0.037557 0.998667 -0.035405 13.360200 -0.027994 0.034365 0.999017 -1.626500 0.000000 0.000000 0.000000 1.000000
0.998619 0.039722 0.034387 0.000100 -0.038571 0.998693 -0.033528 13.360200 -0.035674 0.032156 0.998846 -1.626500 0.000000 0.000000 0.000000 1.000000
0.998228 0.042261 0.041895 0.000100 -0.040887 0.998615 -0.033118 13.360200 -0.043236 0.031346 0.998573 -1.626500 0.000000 0.000000 0.000000 1.000000
0.997569 0.049740 0.048802 0.000100 -0.048136 0.998279 -0.033509 13.360200 -0.050385 0.031078 0.998246 -1.626500 0.000000 0.000000 0.000000 1.000000
0.996721 0.063133 0.050606 0.000100 -0.061397 0.997494 -0.035160 13.360200 -0.052699 0.031937 0.998100 -1.626500 0.000000 0.000000 0.000000 1.000000
0.995765 0.079511 0.046148 0.000100 -0.077753 0.996221 -0.038705 13.360200 -0.049051 0.034953 0.998185 -1.626500 0.000000 0.000000 0.000000 1.000000
0.994930 0.092295 0.039944 0.000100 -0.090591 0.994978 -0.042562 13.360200 -0.043672 0.038728 0.998295 -1.626500 0.000000 0.000000 0.000000 1.000000
0.994699 0.096262 0.036153 0.000100 -0.094634 0.994526 -0.044305 13.360200 -0.040220 0.040649 0.998364 -1.626500 0.000000 0.000000 0.000000 1.000000
0.995227 0.091780 0.033164 0.000100 -0.090297 0.994953 -0.043753 13.360200 -0.037012 0.040550 0.998492 -1.626500 0.000000 0.000000 0.000000 1.000000
0.996210 0.083064 0.025802 0.000100 -0.081913 0.995718 -0.042860 13.360200 -0.029252 0.040584 0.998748 -1.626500 0.000000 0.000000 0.000000 1.000000
0.997262 0.073083 0.011310 0.000100 -0.072540 0.996455 -0.042604 13.360200 -0.014384 0.041667 0.999028 -1.626500 0.000000 0.000000 0.000000 1.000000
0.998015 0.062420 -0.008347 0.000100 -0.062722 0.997111 -0.042847 13.360200 0.005648 0.043285 0.999047 -1.626500 0.000000 0.000000 0.000000 1.000000
0.998256 0.051209 -0.029374 0.000100 -0.052489 0.997624 -0.044631 13.360200 0.027018 0.046095 0.998572 -1.626500 0.000000 0.000000 0.000000 1.000000
0.997961 0.040015 -0.049724 0.000100 -0.042465 0.997884 -0.049227 13.360200 0.047649 0.051238 0.997549 -1.626500 0.000000 0.000000 0.000000 1.000000
0.997461 0.030430 -0.064379 0.000100 -0.033868 0.998020 -0.053006 13.360200 0.062638 0.055052 0.996517 -1.626500 0.000000 0.000000 0.000000 1.000000
0.996790 0.021366 -0.077155 0.000100 -0.025749 0.998083 -0.056273 13.360200 0.075805 0.058079 0.995430 -1.626500 0.000000 0.000000 0.000000 1.000000</float_array><technique_common><accessor source="#mixamorig_Spine2-Matrix-animation-output-transform-array" count="27" stride="16"><param type="float4x4"/></accessor></technique_common></source><source id="mixamorig_Spine2-Interpolations"><Name_array id="mixamorig_Spine2-Interpolations-array" count="27">
 LINEAR LINEAR LINEAR LINEAR LINEAR LINEAR LINEAR LINEAR LINEAR LINEAR LINEAR
LINEAR LINEAR LINEAR LINEAR LINEAR LINEAR LINEAR LINEAR LINEAR LINEAR LINEAR LINEAR
LINEAR LINEAR LINEAR LINEAR</Name_array><technique_common><accessor source="#mixamorig_Spine2-Interpolations-array" count="27"><param type="name"/></accessor></technique_common></source><sampler id="mixamorig_Spine2-Matrix-animation-transform"><input semantic="INPUT" source="#mixamorig_Spine2-Matrix-animation-input"/><input semantic="OUTPUT" source="#mixamorig_Spine2-Matrix-animation-output-transform"/><input semantic="INTERPOLATION" source="#mixamorig_Spine2-Interpolations"/></sampler><channel source="#mixamorig_Spine2-Matrix-animation-transform" target="mixamorig_Spine2/matrix"/></animation>
    <animation id="mixamorig_Neck-anim" name="mixamorig_Neck"><source id="mixamorig_Neck-Matrix-animation-input"><float_array id="mixamorig_Neck-Matrix-animation-input-array" count="27">

0.000000 0.033333 0.066667 0.100000 0.133333 0.166667 0.200000 0.233333 0.266667 0.300000 0.333333 0.366667 0.400000 0.433333 0.466667 0.500000
0.533333 0.566667 0.600000 0.633333 0.666667 0.700000 0.733333 0.766667 0.800000 0.833333 0.866667</float_array><technique_common><accessor source="#mixamorig_Neck-Matrix-animation-input-array" count="27"><param name="TIME" type="float"/></accessor></technique_common></source><source id="mixamorig_Neck-Matrix-animation-output-transform"><float_array id="mixamorig_Neck-Matrix-animation-output-transform-array" count="432">

0.999952 0.003254 0.009254 0.000000 -0.003123 0.999895 -0.014167 15.032500 -0.009300 0.014137 0.999857 0.792900 0.000000 0.000000 0.000000 1.000000
0.999918 0.006404 0.011112 -0.000000 -0.006280 0.999918 -0.011184 15.032500 -0.011183 0.011113 0.999876 0.792900 0.000000 0.000000 0.000000 1.000000
0.999884 0.008148 0.012851 -0.000000 -0.008042 0.999934 -0.008246 15.032500 -0.012918 0.008142 0.999883 0.792900 0.000000 0.000000 0.000000 1.000000
0.999885 0.006172 0.013853 0.000000 -0.006093 0.999965 -0.005704 15.032500 -0.013887 0.005619 0.999888 0.792900 0.000000 0.000000 0.000000 1.000000
0.999913 0.002317 0.012951 0.000000 -0.002258 0.999987 -0.004576 15.032500 -0.012961 0.004546 0.999906 0.792900 0.000000 0.000000 0.000000 1.000000
0.999945 0.000376 0.010493 -0.000000 -0.000325 0.999988 -0.004895 15.032500 -0.010494 0.004892 0.999933 0.792900 0.000000 0.000000 0.000000 1.000000
0.999969 0.001977 0.007681 -0.000000 -0.001931 0.999980 -0.005974 15.032500 -0.007693 0.005959 0.999953 0.792900 0.000000 0.000000 0.000000 1.000000
0.999971 0.005327 0.005366 0.000000 -0.005289 0.999961 -0.007125 15.032500 -0.005404 0.007097 0.999960 0.792900 0.000000 0.000000 0.000000 1.000000
0.999964 0.007615 0.003631 0.000000 -0.007587 0.999941 -0.007794 15.032500 -0.003690 0.007767 0.999963 0.792900 0.000000 0.000000 0.000000 1.000000
0.999967 0.007795 0.002344 0.000000 -0.007777 0.999940 -0.007707 15.032500 -0.002404 0.007688 0.999968 0.792900 0.000000 0.000000 0.000000 1.000000
0.999980 0.006238 0.001371 0.000000 -0.006228 0.999953 -0.007451 15.032500 -0.001418 0.007442 0.999971 0.792900 0.000000 0.000000 0.000000 1.000000
0.999995 0.003035 0.000370 -0.000000 -0.003032 0.999961 -0.008246 15.032500 -0.000395 0.008245 0.999966 0.792900 0.000000 0.000000 0.000000 1.000000
0.999998 -0.001942 -0.000953 0.000000 0.001932 0.999944 -0.010444 15.032500 0.000973 0.010442 0.999945 0.792900 0.000000 0.000000 0.000000 1.000000
0.999966 -0.007920 -0.002356 -0.000000 0.007889 0.999887 -0.012798 15.032500 0.002457 0.012779 0.999915 0.792900 0.000000 0.000000 0.000000 1.000000
0.999908 -0.013139 -0.003311 -0.000000 0.013091 0.999817 -0.013984 15.032500 0.003494 0.013940 0.999897 0.792900 0.000000 0.000000 0.000000 1.000000
0.999868 -0.015870 -0.003611 0.000000 0.015816 0.999771 -0.014415 15.032500 0.003839 0.014356 0.999890 0.792900 0.000000 0.000000 0.000000 1.000000
0.999876 -0.015415 -0.003296 -0.000000 0.015361 0.999760 -0.015630 15.032500 0.003536 0.015578 0.999872 0.792900 0.000000 0.000000 0.000000 1.000000
0.999919 -0.012541 -0.002250 -0.000000 0.012498 0.999759 -0.018040 15.032500 0.002476 0.018011 0.999835 0.792900 0.000000 0.000000 0.000000 1.000000
0.999957 -0.009215 -0.000455 0.000000 0.009204 0.999749 -0.020444 15.032500 0.000643 0.020439 0.999791 0.792900 0.000000 0.000000 0.000000 1.000000
0.999971 -0.007448 0.001544 0.000000 0.007480 0.999731 -0.021949 15.032500 -0.001380 0.021960 0.999758 0.792900 0.000000 0.000000 0.000000 1.000000
0.999965 -0.007764 0.002954 0.000000 0.007830 0.999704 -0.023054 15.032500 -0.002774 0.023076 0.999730 0.792900 0.000000 0.000000 0.000000 1.000000
0.999955 -0.008852 0.003513 0.000000 0.008935 0.999667 -0.024209 15.032500 -0.003297 0.024240 0.999701 0.792900 0.000000 0.000000 0.000000 1.000000
0.999953 -0.008927 0.003713 0.000000 0.009015 0.999657 -0.024582 15.032500 -0.003492 0.024615 0.999691 0.792900 0.000000 0.000000 0.000000 1.000000
0.999965 -0.007241 0.004303 0.000000 0.007339 0.999704 -0.023180 15.032500 -0.004134 0.023211 0.999722 0.792900 0.000000 0.000000 0.000000 1.000000
0.999975 -0.004283 0.005601 0.000000 0.004395 0.999785 -0.020267 15.032500 -0.005513 0.020291 0.999779 0.792900 0.000000 0.000000 0.000000 1.000000
0.999973 -0.000592 0.007378 -0.000000 0.000719 0.999852 -0.017198 15.032500 -0.007367 0.017203 0.999825 0.792900 0.000000 0.000000 0.000000 1.000000
0.999952 0.003254 0.009255 0.000000 -0.003123 0.999895 -0.014167 15.032500 -0.009300 0.014137 0.999857 0.792900 0.000000 0.000000 0.000000 1.000000</float_array><technique_common><accessor source="#mixamorig_Neck-Matrix-animation-output-transform-array" count="27" stride="16"><param type="float4x4"/></accessor></technique_common></source><source id="mixamorig_Neck-Interpolations"><Name_array id="mixamorig_Neck-Interpolations-array" count="27">
 LINEAR LINEAR LINEAR LINEAR LINEAR LINEAR LINEAR LINEAR LINEAR LINEAR LINEAR
LINEAR LINEAR LINEAR LINEAR LINEAR LINEAR LINEAR LINEAR LINEAR LINEAR LINEAR LINEAR
LINEAR LINEAR LINEAR LINEAR</Name_array><technique_common><accessor source="#mixamorig_Neck-Interpolations-array" count="27"><param type="name"/></accessor></technique_common></source><sampler id="mixamorig_Neck-Matrix-animation-transform"><input semantic="INPUT" source="#mixamorig_Neck-Matrix-animation-input"/><input semantic="OUTPUT" source="#mixamorig_Neck-Matrix-animation-output-transform"/><input semantic="INTERPOLATION" source="#mixamorig_Neck-Interpolations"/></sampler><channel source="#mixamorig_Neck-Matrix-animation-transform" target="mixamorig_Neck/matrix"/></animation>
    <animation id="mixamorig_Head-anim" name="mixamorig_Head"><source id="mixamorig_Head-Matrix-animation-input"><float_array id="mixamorig_Head-Matrix-animation-input-array" count="27">

0.000000 0.033333 0.066667 0.100000 0.133333 0.166667 0.200000 0.233333 0.266667 0.300000 0.333333 0.366667 0.400000 0.433333 0.466667 0.500000
0.533333 0.566667 0.600000 0.633333 0.666667 0.700000 0.733333 0.766667 0.800000 0.833333 0.866667</float_array><technique_common><accessor source="#mixamorig_Head-Matrix-animation-input-array" count="27"><param name="TIME" type="float"/></accessor></technique_common></source><source id="mixamorig_Head-Matrix-animation-output-transform"><float_array id="mixamorig_Head-Matrix-animation-output-transform-array" count="432">

0.999113 -0.005550 0.041738 0.000000 -0.001962 0.984058 0.177836 10.321800 -0.042060 -0.177760 0.983175 3.142400 0.000000 0.000000 0.000000 1.000000
0.998654 0.006282 0.051479 0.000000 -0.015620 0.982977 0.183065 10.321800 -0.049452 -0.183623 0.981752 3.142400 0.000000 0.000000 0.000000 1.000000
0.997986 0.015713 0.061462 -0.000000 -0.027060 0.981715 0.188422 10.321800 -0.057377 -0.189705 0.980163 3.142400 0.000000 0.000000 0.000000 1.000000
0.997415 0.017885 0.069588 0.000000 -0.031252 0.980097 0.196045 10.321800 -0.064697 -0.197713 0.978123 3.142400 0.000000 0.000000 0.000000 1.000000
0.997737 0.009382 0.066578 -0.000000 -0.022665 0.979193 0.201662 10.321800 -0.063300 -0.202715 0.977190 3.142400 0.000000 0.000000 0.000000 1.000000
0.998680 -0.006489 0.050950 0.000000 -0.003656 0.980492 0.196523 10.321800 -0.051231 -0.196450 0.979175 3.142400 0.000000 0.000000 0.000000 1.000000
0.999326 -0.021392 0.029846 -0.000000 0.015620 0.983227 0.181716 10.321800 -0.033233 -0.181127 0.982898 3.142400 0.000000 0.000000 0.000000 1.000000
0.999505 -0.029240 0.011645 -0.000000 0.026931 0.986038 0.164331 10.321800 -0.016287 -0.163936 0.986337 3.142400 0.000000 0.000000 0.000000 1.000000
0.999551 -0.029962 -0.000003 0.000000 0.029619 0.988122 0.150788 10.321800 -0.004515 -0.150720 0.988566 3.142400 0.000000 0.000000 0.000000 1.000000
0.999605 -0.027473 -0.005888 0.000000 0.028039 0.988879 0.146058 10.321800 0.001810 -0.146165 0.989259 3.142400 0.000000 0.000000 0.000000 1.000000
0.999626 -0.025993 -0.008541 0.000000 0.026992 0.987941 0.152463 10.321800 0.004475 -0.152636 0.988272 3.142400 0.000000 0.000000 0.000000 1.000000
0.999575 -0.027212 -0.010420 0.000000 0.028559 0.985910 0.164822 10.321800 0.005788 -0.165050 0.986268 3.142400 0.000000 0.000000 0.000000 1.000000
0.999469 -0.030111 -0.012489 0.000000 0.031812 0.984594 0.171936 10.321800 0.007120 -0.172242 0.985029 3.142400 0.000000 0.000000 0.000000 1.000000
0.999320 -0.034119 -0.013987 0.000000 0.035982 0.985210 0.167528 10.321800 0.008065 -0.167918 0.985768 3.142400 0.000000 0.000000 0.000000 1.000000
0.999040 -0.041222 -0.014818 -0.000000 0.043043 0.986598 0.157390 10.321800 0.008131 -0.157877 0.987425 3.142400 0.000000 0.000000 0.000000 1.000000
0.998476 -0.052596 -0.016704 0.000000 0.054530 0.986840 0.152229 10.321800 0.008478 -0.152908 0.988204 3.142400 0.000000 0.000000 0.000000 1.000000
0.997756 -0.064024 -0.019619 -0.000000 0.066297 0.985685 0.155015 10.321800 0.009413 -0.155968 0.987717 3.142400 0.000000 0.000000 0.000000 1.000000
0.997471 -0.068356 -0.019463 0.000000 0.070589 0.984705 0.159292 10.321800 0.008276 -0.160263 0.987040 3.142400 0.000000 0.000000 0.000000 1.000000
0.997888 -0.063690 -0.012782 0.000000 0.064911 0.985260 0.158273 10.321800 0.002513 -0.158768 0.987313 3.142400 0.000000 0.000000 0.000000 1.000000
0.998429 -0.055992 -0.001942 0.000000 0.055642 0.986951 0.151099 10.321800 -0.006544 -0.150970 0.988517 3.142400 0.000000 0.000000 0.000000 1.000000
0.998614 -0.052139 0.007144 0.000000 0.050606 0.988642 0.141511 10.321800 -0.014441 -0.140953 0.989911 3.142400 0.000000 0.000000 0.000000 1.000000
0.998544 -0.052759 0.011208 0.000000 0.050778 0.989622 0.134426 10.321800 -0.018184 -0.133661 0.990860 3.142400 0.000000 0.000000 0.000000 1.000000
0.998536 -0.052665 0.012323 0.000000 0.050538 0.989641 0.134378 10.321800 -0.019272 -0.133558 0.990854 3.142400 0.000000 0.000000 0.000000 1.000000
0.998808 -0.046341 0.015326 0.000000 0.043661 0.988628 0.143902 10.321800 -0.021820 -0.143061 0.989473 3.142400 0.000000 0.000000 0.000000 1.000000
0.999200 -0.032806 0.022873 0.000000 0.028696 0.986487 0.161308 10.321800 -0.027855 -0.160523 0.986639 3.142400 0.000000 0.000000 0.000000 1.000000
0.999302 -0.018953 0.032201 0.000000 0.013172 0.985166 0.171099 10.321800 -0.034966 -0.170556 0.984727 3.142400 0.000000 0.000000 0.000000 1.000000
0.999113 -0.005550 0.041738 0.000000 -0.001962 0.984058 0.177836 10.321800 -0.042060 -0.177760 0.983175 3.142400 0.000000 0.000000 0.000000 1.000000</float_array><technique_common><accessor source="#mixamorig_Head-Matrix-animation-output-transform-array" count="27" stride="16"><param type="float4x4"/></accessor></technique_common></source><source id="mixamorig_Head-Interpolations"><Name_array id="mixamorig_Head-Interpolations-array" count="27">
 LINEAR LINEAR LINEAR LINEAR LINEAR LINEAR LINEAR LINEAR LINEAR LINEAR LINEAR
LINEAR LINEAR LINEAR LINEAR LINEAR LINEAR LINEAR LINEAR LINEAR LINEAR LINEAR LINEAR
LINEAR LINEAR LINEAR LINEAR</Name_array><technique_common><accessor source="#mixamorig_Head-Interpolations-array" count="27"><param type="name"/></accessor></technique_common></source><sampler id="mixamorig_Head-Matrix-animation-transform"><input semantic="INPUT" source="#mixamorig_Head-Matrix-animation-input"/><input semantic="OUTPUT" source="#mixamorig_Head-Matrix-animation-output-transform"/><input semantic="INTERPOLATION" source="#mixamorig_Head-Interpolations"/></sampler><channel source="#mixamorig_Head-Matrix-animation-transform" target="mixamorig_Head/matrix"/></animation>
    <animation id="mixamorig_LeftShoulder-anim" name="mixamorig_LeftShoulder"><source id="mixamorig_LeftShoulder-Matrix-animation-input"><float_array id="mixamorig_LeftShoulder-Matrix-animation-input-array" count="27">

0.000000 0.033333 0.066667 0.100000 0.133333 0.166667 0.200000 0.233333 0.266667 0.300000 0.333333 0.366667 0.400000 0.433333 0.466667 0.500000
0.533333 0.566667 0.600000 0.633333 0.666667 0.700000 0.733333 0.766667 0.800000 0.833333 0.866667</float_array><technique_common><accessor source="#mixamorig_LeftShoulder-Matrix-animation-input-array" count="27"><param name="TIME" type="float"/></accessor></technique_common></source><source id="mixamorig_LeftShoulder-Matrix-animation-output-transform"><float_array id="mixamorig_LeftShoulder-Matrix-animation-output-transform-array" count="432">

0.974468 0.198818 -0.104321 6.105800 -0.201297 0.979435 -0.013689 9.110400 0.099454 0.034339 0.994449 0.705600 0.000000 0.000000 0.000000 1.000000
0.974177 0.200923 -0.103001 6.105800 -0.203375 0.979004 -0.013771 9.110400 0.098072 0.034363 0.994586 0.705600 0.000000 0.000000 0.000000 1.000000
0.974029 0.202421 -0.101451 6.105800 -0.204832 0.978699 -0.013827 9.110400 0.096491 0.034249 0.994744 0.705600 0.000000 0.000000 0.000000 1.000000
0.974137 0.202615 -0.100026 6.105800 -0.204977 0.978669 -0.013823 9.110400 0.095091 0.033969 0.994889 0.705600 0.000000 0.000000 0.000000 1.000000
0.974039 0.202955 -0.100284 6.105800 -0.205329 0.978595 -0.013839 9.110400 0.095328 0.034071 0.994863 0.705600 0.000000 0.000000 0.000000 1.000000
0.973774 0.203934 -0.100873 6.105800 -0.206337 0.978383 -0.013882 9.110400 0.095862 0.034331 0.994802 0.705600 0.000000 0.000000 0.000000 1.000000
0.973968 0.203900 -0.099047 6.105800 -0.206239 0.978403 -0.013866 9.110400 0.094080 0.033932 0.994986 0.705600 0.000000 0.000000 0.000000 1.000000
0.975001 0.201366 -0.093943 6.105800 -0.203509 0.978977 -0.013716 9.110400 0.089207 0.032491 0.995483 0.705600 0.000000 0.000000 0.000000 1.000000
0.976209 0.197890 -0.088635 6.105800 -0.199831 0.979737 -0.013496 9.110400 0.084168 0.030887 0.995973 0.705600 0.000000 0.000000 0.000000 1.000000
0.976543 0.196676 -0.087651 6.105800 -0.198576 0.979994 -0.013426 9.110400 0.083257 0.030516 0.996061 0.705600 0.000000 0.000000 0.000000 1.000000
0.975826 0.198089 -0.092328 6.105800 -0.200151 0.979671 -0.013551 9.110400 0.087766 0.031703 0.995636 0.705600 0.000000 0.000000 0.000000 1.000000
0.974930 0.199030 -0.099489 6.105800 -0.201341 0.979426 -0.013655 9.110400 0.094724 0.033344 0.994945 0.705600 0.000000 0.000000 0.000000 1.000000
0.974816 0.197063 -0.104400 6.105800 -0.199528 0.979798 -0.013611 9.110400 0.099608 0.034099 0.994442 0.705600 0.000000 0.000000 0.000000 1.000000
0.975635 0.192903 -0.104525 6.105800 -0.195334 0.980645 -0.013446 9.110400 0.099908 0.033535 0.994431 0.705600 0.000000 0.000000 0.000000 1.000000
0.976774 0.188800 -0.101327 6.105800 -0.191083 0.981485 -0.013232 9.110400 0.096953 0.032287 0.994765 0.705600 0.000000 0.000000 0.000000 1.000000
0.977481 0.186451 -0.098833 6.105800 -0.188629 0.981961 -0.013089 9.110400 0.094610 0.031437 0.995018 0.705600 0.000000 0.000000 0.000000 1.000000
0.977365 0.186626 -0.099642 6.105800 -0.188833 0.981922 -0.013109 9.110400 0.095394 0.031628 0.994937 0.705600 0.000000 0.000000 0.000000 1.000000
0.976626 0.189025 -0.102331 6.105800 -0.191344 0.981434 -0.013251 9.110400 0.097927 0.032521 0.994662 0.705600 0.000000 0.000000 0.000000 1.000000
0.975984 0.191681 -0.103506 6.105800 -0.194064 0.980898 -0.013376 9.110400 0.098965 0.033141 0.994539 0.705600 0.000000 0.000000 0.000000 1.000000
0.976059 0.192080 -0.102046 6.105800 -0.194418 0.980828 -0.013379 9.110400 0.097519 0.032898 0.994690 0.705600 0.000000 0.000000 0.000000 1.000000
0.976644 0.190039 -0.100260 6.105800 -0.192297 0.981247 -0.013269 9.110400 0.095858 0.032239 0.994873 0.705600 0.000000 0.000000 0.000000 1.000000
0.976955 0.188186 -0.100718 6.105800 -0.190443 0.981610 -0.013190 9.110400 0.096383 0.032067 0.994828 0.705600 0.000000 0.000000 0.000000 1.000000
0.976599 0.188713 -0.103157 6.105800 -0.191057 0.981490 -0.013245 9.110400 0.098748 0.032644 0.994577 0.705600 0.000000 0.000000 0.000000 1.000000
0.975892 0.191141 -0.105357 6.105800 -0.193584 0.980992 -0.013374 9.110400 0.100798 0.033447 0.994345 0.705600 0.000000 0.000000 0.000000 1.000000
