<?xml version="1.0" encoding="utf-8"?>
<COLLADA xmlns="http://www.collada.org/2005/11/COLLADASchema" version="1.4.1">
  <asset><contributor><author>Mixamo</author><authoring_tool>COLLADA Mixamo exporter</authoring_tool><comments></comments></contributor><created>2018-12-17T10:21:20Z</created><modified>2018-12-17T10:21:20Z</modified><revision></revision><title></title><unit meter="0.010000"/><up_axis>Y_UP</up_axis></asset>
  <library_animations>
    <animation id="mixamorig_Hips-anim" name="mixamorig_Hips"><source id="mixamorig_Hips-Matrix-animation-input"><float_array id="mixamorig_Hips-Matrix-animation-input-array" count="121">

0.000000 0.033333 0.066667 0.100000 0.133333 0.166667 0.200000 0.233333 0.266667 0.300000 0.333333 0.366667 0.400000 0.433333 0.466667 0.500000
0.533333 0.566667 0.600000 0.633333 0.666667 0.700000 0.733333 0.766667 0.800000 0.833333 0.866667 0.900000 0.933333 0.966667 1.000000 1.033333
1.066667 1.100000 1.133333 1.166667 1.200000 1.233333 1.266667 1.300000 1.333333 1.366667 1.400000 1.433333 1.466667 1.500000 1.533333 1.566667
1.600000 1.633333 1.666667 1.700000 1.733333 1.766667 1.800000 1.833333 1.866667 1.900000 1.933333 1.966667 2.000000 2.033333 2.066667 2.100000
2.133333 2.166667 2.200000 2.233333 2.266667 2.300000 2.333333 2.366667 2.400000 2.433333 2.466667 2.500000 2.533333 2.566667 2.600000 2.633333
2.666667 2.700000 2.733333 2.766667 2.800000 2.833333 2.866667 2.900000 2.933333 2.966667 3.000000 3.033333 3.066667 3.100000 3.133333 3.166667
3.200000 3.233333 3.266667 3.300000 3.333333 3.366667 3.400000 3.433333 3.466667 3.500000 3.533333 3.566667 3.600000 3.633333 3.666667 3.700000
3.733333 3.766667 3.800000 3.833333 3.866667 3.900000 3.933333 3.966667 4.000000</float_array><technique_common><accessor source="#mixamorig_Hips-Matrix-animation-input-array" count="121"><param name="TIME" type="float"/></accessor></technique_common></source><source id="mixamorig_Hips-Matrix-animation-output-transform"><float_array id="mixamorig_Hips-Matrix-animation-output-transform-array" count="1936">

0.808916 0.025801 -0.587357 10.894618 0.015750 0.997727 0.065519 95.063660 0.587713 -0.062250 0.806671 2.978291 0.000000 0.000000 0.000000 1.000000
0.809546 0.023640 -0.586581 10.795272 0.017345 0.997789 0.064151 95.046791 0.586801 -0.062108 0.807346 2.888937 0.000000 0.000000 0.000000 1.000000
0.810126 0.021977 -0.585844 10.688265 0.018267 0.997866 0.062693 95.016815 0.585971 -0.061491 0.807995 2.787455 0.000000 0.000000 0.000000 1.000000
0.810899 0.019847 -0.584849 10.565228 0.019337 0.997970 0.060678 95.002029 0.584866 -0.060513 0.808869 2.655318 0.000000 0.000000 0.000000 1.000000
0.811392 0.017572 -0.584239 10.436152 0.020578 0.998070 0.058597 94.979668 0.584141 -0.059568 0.809464 2.500636 0.000000 0.000000 0.000000 1.000000
0.811530 0.014922 -0.584120 10.297353 0.022400 0.998144 0.056620 94.962997 0.583881 -0.059033 0.809690 2.318674 0.000000 0.000000 0.000000 1.000000
0.811454 0.011931 -0.584294 10.144968 0.024606 0.998208 0.054555 94.939056 0.583898 -0.058646 0.809706 2.104416 0.000000 0.000000 0.000000 1.000000
0.810737 0.008537 -0.585348 9.977307 0.026947 0.998290 0.051882 94.917953 0.584790 -0.057836 0.809121 1.864168 0.000000 0.000000 0.000000 1.000000
0.809691 0.004881 -0.586837 9.778815 0.029461 0.998367 0.048952 94.893440 0.586117 -0.056924 0.808224 1.577325 0.000000 0.000000 0.000000 1.000000
0.807632 0.000443 -0.589686 9.549283 0.032786 0.998419 0.045653 94.874176 0.588775 -0.056204 0.806341 1.248846 0.000000 0.000000 0.000000 1.000000
0.804440 -0.003653 -0.594023 9.292179 0.035690 0.998472 0.042192 94.858597 0.592961 -0.055142 0.803341 0.889075 0.000000 0.000000 0.000000 1.000000
0.800240 -0.007557 -0.599632 8.988789 0.038554 0.998500 0.038868 94.845245 0.598439 -0.054223 0.799331 0.484887 0.000000 0.000000 0.000000 1.000000
0.794625 -0.011434 -0.606992 8.666081 0.042822 0.998388 0.037251 94.816078 0.605588 -0.055593 0.793834 0.037732 0.000000 0.000000 0.000000 1.000000
0.787327 -0.014510 -0.616364 8.328527 0.046593 0.998264 0.036016 94.761765 0.614772 -0.057074 0.786637 -0.438127 0.000000 0.000000 0.000000 1.000000
0.777436 -0.015732 -0.628765 7.966291 0.047644 0.998288 0.033932 94.691254 0.627155 -0.056337 0.776855 -0.924794 0.000000 0.000000 0.000000 1.000000
0.765525 -0.016312 -0.643200 7.622127 0.046827 0.998440 0.030412 94.607422 0.641700 -0.053401 0.765094 -1.411878 0.000000 0.000000 0.000000 1.000000
0.752268 -0.015769 -0.658669 7.305478 0.044788 0.998625 0.027245 94.499054 0.657333 -0.049996 0.751940 -1.873823 0.000000 0.000000 0.000000 1.000000
0.737292 -0.014619 -0.675416 7.023486 0.042491 0.998790 0.024766 94.390465 0.674237 -0.046959 0.737021 -2.294597 0.000000 0.000000 0.000000 1.000000
0.723645 -0.014522 -0.690019 6.788438 0.041492 0.998886 0.022492 94.271278 0.688924 -0.044906 0.723441 -2.619056 0.000000 0.000000 0.000000 1.000000
0.707144 -0.015541 -0.706899 6.658133 0.047068 0.998575 0.025131 94.215446 0.705501 -0.051044 0.706868 -2.871591 0.000000 0.000000 0.000000 1.000000
0.694914 -0.016217 -0.718910 6.563280 0.052463 0.998225 0.028194 94.204254 0.717177 -0.057309 0.694531 -3.051420 0.000000 0.000000 0.000000 1.000000
0.688572 -0.018583 -0.724929 6.541575 0.057205 0.997948 0.028754 94.228584 0.722908 -0.061269 0.688223 -3.143318 0.000000 0.000000 0.000000 1.000000
0.683899 -0.020887 -0.729277 6.603157 0.061980 0.997640 0.029550 94.276230 0.726939 -0.065409 0.683580 -3.069772 0.000000 0.000000 0.000000 1.000000
0.682060 -0.022756 -0.730942 6.713930 0.067053 0.997251 0.031521 94.415642 0.728215 -0.070511 0.681711 -2.815833 0.000000 0.000000 0.000000 1.000000
0.681597 -0.023504 -0.731350 6.839168 0.071156 0.996876 0.034278 94.590431 0.728260 -0.075403 0.681140 -2.403123 0.000000 0.000000 0.000000 1.000000
0.683678 -0.022675 -0.729431 6.996430 0.070347 0.996910 0.034944 94.736267 0.726385 -0.075204 0.683161 -1.850993 0.000000 0.000000 0.000000 1.000000
0.686230 -0.020320 -0.727101 7.214168 0.070281 0.996785 0.038474 94.827003 0.723981 -0.077503 0.685452 -1.106241 0.000000 0.000000 0.000000 1.000000
0.690823 -0.018054 -0.722798 7.442616 0.063390 0.997351 0.035673 94.882690 0.720239 -0.070462 0.690138 -0.273843 0.000000 0.000000 0.000000 1.000000
0.699139 -0.014274 -0.714843 7.681984 0.055884 0.997833 0.034731 94.906700 0.712798 -0.064230 0.698422 0.683333 0.000000 0.000000 0.000000 1.000000
0.713544 -0.010410 -0.700533 7.879611 0.048597 0.998217 0.034667 94.974792 0.698923 -0.058780 0.712778 1.766611 0.000000 0.000000 0.000000 1.000000
0.732414 -0.007367 -0.680819 8.045067 0.042931 0.998451 0.035380 95.038483 0.679504 -0.055142 0.731596 3.026003 0.000000 0.000000 0.000000 1.000000
0.753751 -0.005626 -0.657136 8.195712 0.037493 0.998703 0.034455 95.111214 0.656090 -0.050608 0.752984 4.349857 0.000000 0.000000 0.000000 1.000000
0.779516 -0.006714 -0.626347 8.366156 0.032724 0.999014 0.030017 95.244995 0.625527 -0.043895 0.778966 5.758332 0.000000 0.000000 0.000000 1.000000
0.805701 -0.008675 -0.592259 8.521722 0.029497 0.999240 0.025491 95.442741 0.591588 -0.038009 0.805344 7.060689 0.000000 0.000000 0.000000 1.000000
0.833140 -0.013343 -0.552902 8.694868 0.029461 0.999360 0.020276 95.666420 0.552277 -0.033182 0.833000 8.253817 0.000000 0.000000 0.000000 1.000000
0.862945 -0.020687 -0.504874 8.854469 0.032564 0.999361 0.014711 95.848480 0.504247 -0.029136 0.863068 9.379036 0.000000 0.000000 0.000000 1.000000
0.892712 -0.031951 -0.449494 8.966536 0.038879 0.999225 0.006188 95.967964 0.448947 -0.023000 0.893262 10.449512 0.000000 0.000000 0.000000 1.000000
0.920750 -0.042226 -0.387861 9.011806 0.044448 0.999006 -0.003246 96.015160 0.387613 -0.014251 0.921712 11.500561 0.000000 0.000000 0.000000 1.000000
0.945687 -0.049643 -0.321265 9.035553 0.047980 0.998762 -0.013098 96.034683 0.321518 -0.003027 0.946899 12.442477 0.000000 0.000000 0.000000 1.000000
0.966249 -0.046418 -0.253394 9.098537 0.041905 0.998853 -0.023181 95.990341 0.254180 0.011780 0.967085 13.193136 0.000000 0.000000 0.000000 1.000000
0.981611 -0.032306 -0.188138 9.201711 0.026210 0.999051 -0.034798 95.904343 0.189084 0.029227 0.981526 13.626686 0.000000 0.000000 0.000000 1.000000
0.992287 -0.006044 -0.123816 9.252390 0.000534 0.999010 -0.044486 95.774765 0.123962 0.044077 0.991308 13.614268 0.000000 0.000000 0.000000 1.000000
0.995939 0.036864 -0.082133 9.125154 -0.040922 0.997995 -0.048276 95.618004 0.080188 0.051441 0.995451 13.124492 0.000000 0.000000 0.000000 1.000000
0.996000 0.066918 -0.059208 8.788471 -0.069608 0.996577 -0.044591 95.576508 0.056021 0.048534 0.997249 12.271939 0.000000 0.000000 0.000000 1.000000
0.997055 0.064312 -0.041780 7.987274 -0.065973 0.997032 -0.039672 95.734207 0.039104 0.042311 0.998339 11.414691 0.000000 0.000000 0.000000 1.000000
0.997496 0.059082 -0.038873 7.261111 -0.060205 0.997783 -0.028379 95.958969 0.037110 0.030648 0.998841 10.509050 0.000000 0.000000 0.000000 1.000000
0.998096 0.053170 -0.031255 6.612705 -0.053603 0.998475 -0.013199 95.915756 0.030506 0.014849 0.999424 9.621959 0.000000 0.000000 0.000000 1.000000
0.999048 0.042963 -0.007543 5.998380 -0.042962 0.999077 0.000326 95.494049 0.007550 -0.000001 0.999971 8.776169 0.000000 0.000000 0.000000 1.000000
0.999302 0.029074 0.023469 5.410022 -0.029340 0.999508 0.011096 94.693321 -0.023135 -0.011777 0.999663 8.103035 0.000000 0.000000 0.000000 1.000000
0.998627 0.024598 0.046257 4.958464 -0.025574 0.999460 0.020638 93.926041 -0.045724 -0.021792 0.998716 7.459067 0.000000 0.000000 0.000000 1.000000
0.996761 0.022913 0.077088 4.664370 -0.024066 0.999611 0.014062 93.221794 -0.076736 -0.015872 0.996925 7.015945 0.000000 0.000000 0.000000 1.000000
0.993417 0.022362 0.112351 4.421270 -0.022660 0.999742 0.001374 92.726067 -0.112292 -0.003911 0.993668 6.650228 0.000000 0.000000 0.000000 1.000000
0.988817 0.023997 0.147192 4.278817 -0.020235 0.999431 -0.027002 92.302750 -0.147757 0.023722 0.988739 6.585740 0.000000 0.000000 0.000000 1.000000
0.981816 0.033123 0.186923 4.198544 -0.022365 0.997985 -0.059375 91.885468 -0.188513 0.054115 0.980579 6.675105 0.000000 0.000000 0.000000 1.000000
0.973712 0.047448 0.222785 4.264208 -0.030263 0.996341 -0.079927 91.424606 -0.225763 0.071083 0.971586 6.777157 0.000000 0.000000 0.000000 1.000000
0.968864 0.058031 0.240697 4.418738 -0.035797 0.994762 -0.095743 91.181694 -0.244993 0.084146 0.965866 6.921205 0.000000 0.000000 0.000000 1.000000
0.967171 0.069147 0.244539 4.704049 -0.042497 0.992728 -0.112627 90.932243 -0.250549 0.098538 0.963076 7.137806 0.000000 0.000000 0.000000 1.000000
0.966524 0.072130 0.246229 5.105804 -0.043680 0.991919 -0.119113 90.811478 -0.252831 0.104370 0.961865 7.404701 0.000000 0.000000 0.000000 1.000000
0.966786 0.077386 0.243590 5.421907 -0.047192 0.990722 -0.127444 90.877960 -0.251192 0.111716 0.961469 7.580519 0.000000 0.000000 0.000000 1.000000
0.968010 0.084512 0.236250 5.755626 -0.053141 0.989263 -0.136145 91.109901 -0.245219 0.119235 0.962107 7.743492 0.000000 0.000000 0.000000 1.000000
0.971036 0.087960 0.222156 6.131306 -0.057103 0.988262 -0.141695 91.389145 -0.232011 0.124906 0.964660 7.927022 0.000000 0.000000 0.000000 1.000000
0.974972 0.088366 0.204015 6.546934 -0.059324 0.987751 -0.144324 91.670807 -0.214269 0.128609 0.968271 8.103545 0.000000 0.000000 0.000000 1.000000
0.979287 0.090265 0.181242 7.003881 -0.063914 0.987173 -0.146302 91.986946 -0.192124 0.131688 0.972495 8.256278 0.000000 0.000000 0.000000 1.000000
0.983471 0.092563 0.155617 7.512373 -0.069616 0.986694 -0.146933 92.242325 -0.167146 0.133671 0.976829 8.396000 0.000000 0.000000 0.000000 1.000000
0.987575 0.092034 0.127382 8.029769 -0.073059 0.986531 -0.146353 92.459961 -0.139136 0.135228 0.980997 8.537901 0.000000 0.000000 0.000000 1.000000
0.991315 0.091357 0.094592 8.556271 -0.077002 0.986337 -0.145636 92.656990 -0.106604 0.137087 0.984806 8.659491 0.000000 0.000000 0.000000 1.000000
0.994285 0.090008 0.057407 9.071742 -0.081074 0.986471 -0.142484 92.783524 -0.069455 0.137015 0.988131 8.732159 0.000000 0.000000 0.000000 1.000000
0.996004 0.087172 0.019407 9.585043 -0.083674 0.986840 -0.138366 92.828461 -0.031213 0.136189 0.990191 8.755052 0.000000 0.000000 0.000000 1.000000
0.996071 0.086002 -0.021116 10.063602 -0.088038 0.987433 -0.131245 92.869934 0.009563 0.132588 0.991125 8.717898 0.000000 0.000000 0.000000 1.000000
0.994451 0.086906 -0.059288 10.529650 -0.093682 0.987952 -0.123182 92.865074 0.047868 0.128053 0.990611 8.617033 0.000000 0.000000 0.000000 1.000000
0.991869 0.086809 -0.093062 10.947921 -0.097078 0.988934 -0.112181 92.830711 0.082294 0.120303 0.989320 8.469244 0.000000 0.000000 0.000000 1.000000
0.988558 0.086426 -0.123626 11.349860 -0.099482 0.989626 -0.103653 92.777420 0.113385 0.114766 0.986900 8.254315 0.000000 0.000000 0.000000 1.000000
0.984608 0.088296 -0.150837 11.679911 -0.102888 0.990445 -0.091834 92.749496 0.141287 0.105940 0.984284 7.975438 0.000000 0.000000 0.000000 1.000000
0.980185 0.087984 -0.177474 11.902062 -0.103803 0.991220 -0.081899 92.682571 0.168710 0.098698 0.980712 7.645841 0.000000 0.000000 0.000000 1.000000
0.975369 0.085672 -0.203261 12.071316 -0.102204 0.992135 -0.072264 92.579475 0.195471 0.091258 0.976454 7.268047 0.000000 0.000000 0.000000 1.000000
0.970001 0.083264 -0.228395 12.162272 -0.099737 0.993109 -0.061537 92.447929 0.221697 0.082470 0.971622 6.849720 0.000000 0.000000 0.000000 1.000000
0.964847 0.079749 -0.250419 12.174726 -0.095614 0.994069 -0.051822 92.287125 0.244801 0.073943 0.966750 6.416832 0.000000 0.000000 0.000000 1.000000
0.960014 0.077625 -0.268974 12.119534 -0.091644 0.994990 -0.039942 92.133171 0.264526 0.062995 0.962319 5.901282 0.000000 0.000000 0.000000 1.000000
0.954587 0.074375 -0.288498 12.039732 -0.085799 0.995943 -0.027140 91.991890 0.285309 0.050660 0.957096 5.361969 0.000000 0.000000 0.000000 1.000000
0.948836 0.072591 -0.307313 11.961497 -0.081171 0.996584 -0.015212 91.895714 0.305159 0.039379 0.951487 4.801229 0.000000 0.000000 0.000000 1.000000
0.941820 0.072870 -0.328124 11.837845 -0.078278 0.996926 -0.003285 91.839561 0.326876 0.028778 0.944629 4.211698 0.000000 0.000000 0.000000 1.000000
0.934037 0.073362 -0.349561 11.659460 -0.074941 0.997147 0.009028 91.786400 0.349226 0.017764 0.936870 3.609657 0.000000 0.000000 0.000000 1.000000
0.926602 0.072851 -0.368918 11.474411 -0.070876 0.997306 0.018922 91.726974 0.369303 0.008615 0.929269 3.043928 0.000000 0.000000 0.000000 1.000000
0.919940 0.071092 -0.385561 11.259750 -0.065148 0.997469 0.028476 91.671059 0.386609 -0.001078 0.922243 2.510254 0.000000 0.000000 0.000000 1.000000
0.913813 0.069104 -0.400214 11.045366 -0.058596 0.997541 0.038450 91.633156 0.401887 -0.011685 0.915615 2.005009 0.000000 0.000000 0.000000 1.000000
0.907467 0.067143 -0.414722 10.827726 -0.051817 0.997497 0.048112 91.597488 0.416915 -0.022171 0.908675 1.548930 0.000000 0.000000 0.000000 1.000000
0.901361 0.065215 -0.428131 10.611582 -0.045170 0.997362 0.056823 91.591400 0.430707 -0.031879 0.901928 1.123222 0.000000 0.000000 0.000000 1.000000
0.895396 0.062923 -0.440802 10.396046 -0.038332 0.997183 0.064480 91.643723 0.443617 -0.040838 0.895286 0.730730 0.000000 0.000000 0.000000 1.000000
0.889480 0.060014 -0.453016 10.197851 -0.031186 0.997000 0.070845 91.723740 0.455909 -0.048887 0.888683 0.397777 0.000000 0.000000 0.000000 1.000000
0.883122 0.057364 -0.465623 10.005178 -0.023638 0.996677 0.077955 91.824165 0.468547 -0.057838 0.881543 0.102263 0.000000 0.000000 0.000000 1.000000
0.877273 0.055298 -0.476796 9.823993 -0.017012 0.996300 0.084248 91.943275 0.479691 -0.065797 0.874967 -0.129459 0.000000 0.000000 0.000000 1.000000
0.871892 0.054195 -0.486690 9.665841 -0.012173 0.995949 0.089095 92.104256 0.489546 -0.071757 0.869020 -0.312157 0.000000 0.000000 0.000000 1.000000
0.868436 0.049019 -0.493372 9.584481 -0.004646 0.995862 0.090765 92.303429 0.495780 -0.076531 0.865070 -0.407525 0.000000 0.000000 0.000000 1.000000
0.864007 0.046542 -0.501323 9.494134 0.000643 0.995615 0.093540 92.539597 0.503479 -0.081142 0.860189 -0.471809 0.000000 0.000000 0.000000 1.000000
0.860083 0.043814 -0.508269 9.431703 0.005225 0.995496 0.094656 92.755196 0.510127 -0.084067 0.855981 -0.490218 0.000000 0.000000 0.000000 1.000000
0.856231 0.040706 -0.514986 9.423442 0.009517 0.995479 0.094509 92.983101 0.516505 -0.085822 0.851973 -0.458929 0.000000 0.000000 0.000000 1.000000
0.852617 0.036938 -0.521229 9.442760 0.014502 0.995441 0.094265 93.226105 0.522335 -0.087931 0.848195 -0.369810 0.000000 0.000000 0.000000 1.000000
0.848966 0.033595 -0.527378 9.493855 0.018581 0.995462 0.093324 93.453445 0.528121 -0.089028 0.844489 -0.239233 0.000000 0.000000 0.000000 1.000000
0.845340 0.031001 -0.533329 9.571476 0.021490 0.995534 0.091929 93.684166 0.533796 -0.089173 0.840898 -0.085183 0.000000 0.000000 0.000000 1.000000
0.841513 0.029029 -0.539457 9.662335 0.023773 0.995598 0.090658 93.889236 0.539714 -0.089114 0.837119 0.107673 0.000000 0.000000 0.000000 1.000000
0.837940 0.026746 -0.545107 9.754944 0.026207 0.995674 0.089139 94.086182 0.545133 -0.088979 0.833614 0.325939 0.000000 0.000000 0.000000 1.000000
0.834670 0.024800 -0.550192 9.867147 0.027774 0.995819 0.087021 94.283150 0.550050 -0.087915 0.830492 0.588296 0.000000 0.000000 0.000000 1.000000
0.831302 0.023371 -0.555329 9.997138 0.028649 0.995986 0.084802 94.461075 0.555082 -0.086405 0.827296 0.868976 0.000000 0.000000 0.000000 1.000000
0.828002 0.022330 -0.560281 10.126182 0.028766 0.996199 0.082216 94.599258 0.559987 -0.084192 0.824212 1.150008 0.000000 0.000000 0.000000 1.000000
0.824811 0.021846 -0.564987 10.259001 0.028671 0.996352 0.080381 94.727463 0.564681 -0.082498 0.821175 1.436925 0.000000 0.000000 0.000000 1.000000
0.821417 0.020301 -0.569966 10.392203 0.029095 0.996573 0.077427 94.819923 0.569585 -0.080183 0.818012 1.725784 0.000000 0.000000 0.000000 1.000000
0.818766 0.019033 -0.573813 10.513247 0.029554 0.996728 0.075231 94.894485 0.573367 -0.078555 0.815524 1.988773 0.000000 0.000000 0.000000 1.000000
0.816384 0.018403 -0.577216 10.634626 0.029163 0.996903 0.073031 94.943787 0.576772 -0.076455 0.813319 2.250036 0.000000 0.000000 0.000000 1.000000
0.814530 0.017423 -0.579859 10.744993 0.028727 0.997111 0.070313 94.968735 0.579409 -0.073930 0.811677 2.485526 0.000000 0.000000 0.000000 1.000000
0.812276 0.016355 -0.583044 10.839405 0.028703 0.997275 0.067963 94.983932 0.582567 -0.071940 0.809593 2.678240 0.000000 0.000000 0.000000 1.000000
0.810602 0.016547 -0.585364 10.915035 0.027887 0.997376 0.066812 94.995209 0.584933 -0.070482 0.808013 2.860573 0.000000 0.000000 0.000000 1.000000
0.809496 0.017733 -0.586857 10.977660 0.026088 0.997470 0.066126 95.001076 0.586545 -0.068838 0.806986 3.004690 0.000000 0.000000 0.000000 1.000000
0.808120 0.018684 -0.588721 11.020088 0.024762 0.997535 0.065649 95.002075 0.588497 -0.067631 0.805666 3.112610 0.000000 0.000000 0.000000 1.000000
0.806964 0.019613 -0.590275 11.040310 0.023455 0.997596 0.065212 95.001549 0.590135 -0.066469 0.804564 3.197229 0.000000 0.000000 0.000000 1.000000
0.806343 0.020440 -0.591094 11.047568 0.022268 0.997645 0.064875 95.007484 0.591028 -0.065474 0.803989 3.248566 0.000000 0.000000 0.000000 1.000000
0.806317 0.021823 -0.591081 11.043759 0.020715 0.997664 0.065093 95.017517 0.591121 -0.064730 0.803981 3.267600 0.000000 0.000000 0.000000 1.000000
0.806150 0.022803 -0.591272 11.026037 0.019442 0.997697 0.064985 95.025681 0.591392 -0.063883 0.803850 3.250521 0.000000 0.000000 0.000000 1.000000
0.806635 0.023942 -0.590565 10.995441 0.018213 0.997698 0.065325 95.028084 0.590769 -0.063449 0.804342 3.217045 0.000000 0.000000 0.000000 1.000000
0.807037 0.023926 -0.590016 10.964355 0.017737 0.997746 0.064721 95.047829 0.590235 -0.062697 0.804793 3.156646 0.000000 0.000000 0.000000 1.000000
0.807791 0.024729 -0.588950 10.928659 0.016869 0.997741 0.065030 95.058296 0.589228 -0.062466 0.805549 3.070597 0.000000 0.000000 0.000000 1.000000
0.808916 0.025801 -0.587357 10.894617 0.015750 0.997727 0.065519 95.063675 0.587713 -0.062250 0.806671 2.978293 0.000000 0.000000 0.000000 1.000000</float_array><technique_common><accessor source="#mixamorig_Hips-Matrix-animation-output-transform-array" count="121" stride="16"><param type="float4x4"/></accessor></technique_common></source><source id="mixamorig_Hips-Interpolations"><Name_array id="mixamorig_Hips-Interpolations-array" count="121">
 LINEAR LINEAR LINEAR LINEAR LINEAR LINEAR LINEAR LINEAR LINEAR LINEAR LINEAR
LINEAR LINEAR LINEAR LINEAR LINEAR LINEAR LINEAR LINEAR LINEAR LINEAR LINEAR LINEAR
LINEAR LINEAR LINEAR LINEAR LINEAR LINEAR LINEAR LINEAR LINEAR LINEAR LINEAR LINEAR
LINEAR LINEAR LINEAR LINEAR LINEAR LINEAR LINEAR LINEAR LINEAR LINEAR LINEAR LINEAR
LINEAR LINEAR LINEAR LINEAR LINEAR LINEAR LINEAR LINEAR LINEAR LINEAR LINEAR LINEAR
LINEAR LINEAR LINEAR LINEAR LINEAR LINEAR LINEAR LINEAR LINEAR LINEAR LINEAR LINEAR
LINEAR LINEAR LINEAR LINEAR LINEAR LINEAR LINEAR LINEAR LINEAR LINEAR LINEAR LINEAR
LINEAR LINEAR LINEAR LINEAR LINEAR LINEAR LINEAR LINEAR LINEAR LINEAR LINEAR LINEAR
LINEAR LINEAR LINEAR LINEAR LINEAR LINEAR LINEAR LINEAR LINEAR LINEAR LINEAR LINEAR
LINEAR LINEAR LINEAR LINEAR LINEAR LINEAR LINEAR LINEAR LINEAR LINEAR LINEAR LINEAR
LINEAR LINEAR</Name_array><technique_common><accessor source="#mixamorig_Hips-Interpolations-array" count="121"><param type="name"/></accessor></technique_common></source><sampler id="mixamorig_Hips-Matrix-animation-transform"><input semantic="INPUT" source="#mixamorig_Hips-Matrix-animation-input"/><input semantic="OUTPUT" source="#mixamorig_Hips-Matrix-animation-output-transform"/><input semantic="INTERPOLATION" source="#mixamorig_Hips-Interpolations"/></sampler><channel source="#mixamorig_Hips-Matrix-animation-transform" target="mixamorig_Hips/matrix"/></animation>
    <animation id="mixamorig_Spine-anim" name="mixamorig_Spine"><source id="mixamorig_Spine-Matrix-animation-input"><float_array id="mixamorig_Spine-Matrix-animation-input-array" count="121">

0.000000 0.033333 0.066667 0.100000 0.133333 0.166667 0.200000 0.233333 0.266667 0.300000 0.333333 0.366667 0.400000 0.433333 0.466667 0.500000
0.533333 0.566667 0.600000 0.633333 0.666667 0.700000 0.733333 0.766667 0.800000 0.833333 0.866667 0.900000 0.933333 0.966667 1.000000 1.033333
1.066667 1.100000 1.133333 1.166667 1.200000 1.233333 1.266667 1.300000 1.333333 1.366667 1.400000 1.433333 1.466667 1.500000 1.533333 1.566667
1.600000 1.633333 1.666667 1.700000 1.733333 1.766667 1.800000 1.833333 1.866667 1.900000 1.933333 1.966667 2.000000 2.033333 2.066667 2.100000
2.133333 2.166667 2.200000 2.233333 2.266667 2.300000 2.333333 2.366667 2.400000 2.433333 2.466667 2.500000 2.533333 2.566667 2.600000 2.633333
2.666667 2.700000 2.733333 2.766667 2.800000 2.833333 2.866667 2.900000 2.933333 2.966667 3.000000 3.033333 3.066667 3.100000 3.133333 3.166667
3.200000 3.233333 3.266667 3.300000 3.333333 3.366667 3.400000 3.433333 3.466667 3.500000 3.533333 3.566667 3.600000 3.633333 3.666667 3.700000
3.733333 3.766667 3.800000 3.833333 3.866667 3.900000 3.933333 3.966667 4.000000</float_array><technique_common><accessor source="#mixamorig_Spine-Matrix-animation-input-array" count="121"><param name="TIME" type="float"/></accessor></technique_common></source><source id="mixamorig_Spine-Matrix-animation-output-transform"><float_array id="mixamorig_Spine-Matrix-animation-output-transform-array" count="1936">

0.999958 -0.005386 0.007412 -0.000000 0.005801 0.998352 -0.057100 9.923500 -0.007092 0.057140 0.998341 -1.227300 0.000000 0.000000 0.000000 1.000000
0.999958 -0.005465 0.007409 0.000000 0.005873 0.998397 -0.056290 9.923500 -0.007090 0.056332 0.998387 -1.227300 0.000000 0.000000 0.000000 1.000000
0.999954 -0.006351 0.007206 0.000000 0.006740 0.998445 -0.055334 9.923500 -0.006843 0.055380 0.998442 -1.227300 0.000000 0.000000 0.000000 1.000000
0.999952 -0.006911 0.007012 -0.000000 0.007283 0.998485 -0.054533 9.923500 -0.006624 0.054581 0.998487 -1.227300 0.000000 0.000000 0.000000 1.000000
0.999948 -0.007562 0.006796 0.000000 0.007915 0.998530 -0.053624 9.923500 -0.006381 0.053675 0.998538 -1.227300 0.000000 0.000000 0.000000 1.000000
0.999945 -0.008130 0.006618 0.000000 0.008469 0.998564 -0.052903 9.923500 -0.006179 0.052956 0.998578 -1.227300 0.000000 0.000000 0.000000 1.000000
0.999943 -0.008771 0.006136 0.000000 0.009079 0.998595 -0.052209 9.923500 -0.005670 0.052261 0.998617 -1.227300 0.000000 0.000000 0.000000 1.000000
0.999938 -0.009555 0.005682 0.000000 0.009835 0.998626 -0.051479 9.923500 -0.005182 0.051532 0.998658 -1.227300 0.000000 0.000000 0.000000 1.000000
0.999934 -0.010305 0.004992 0.000000 0.010545 0.998657 -0.050725 9.923500 -0.004463 0.050775 0.998700 -1.227300 0.000000 0.000000 0.000000 1.000000
0.999931 -0.010969 0.004205 0.000000 0.011165 0.998692 -0.049906 9.923500 -0.003653 0.049949 0.998745 -1.227300 0.000000 0.000000 0.000000 1.000000
0.999924 -0.011808 0.003417 -0.000000 0.011962 0.998725 -0.049040 9.923500 -0.002833 0.049077 0.998791 -1.227300 0.000000 0.000000 0.000000 1.000000
0.999914 -0.012923 0.002408 0.000000 0.013024 0.998758 -0.048101 9.923500 -0.001784 0.048128 0.998840 -1.227300 0.000000 0.000000 0.000000 1.000000
0.999905 -0.013754 0.001215 -0.000000 0.013796 0.998780 -0.047425 9.923500 -0.000561 0.047437 0.998874 -1.227300 0.000000 0.000000 0.000000 1.000000
0.999890 -0.014813 -0.000339 0.000000 0.014781 0.998807 -0.046542 9.923500 0.001029 0.046532 0.998916 -1.227300 0.000000 0.000000 0.000000 1.000000
0.999858 -0.016764 -0.001824 -0.000000 0.016663 0.998815 -0.045737 9.923500 0.002589 0.045701 0.998952 -1.227300 0.000000 0.000000 0.000000 1.000000
0.999810 -0.019130 -0.003647 0.000000 0.018945 0.998796 -0.045255 9.923500 0.004508 0.045177 0.998969 -1.227300 0.000000 0.000000 0.000000 1.000000
0.999739 -0.022037 -0.005963 -0.000000 0.021745 0.998741 -0.045196 9.923500 0.006952 0.045054 0.998960 -1.227300 0.000000 0.000000 0.000000 1.000000
0.999648 -0.025300 -0.007949 0.000000 0.024915 0.998665 -0.045249 9.923500 0.009084 0.045035 0.998944 -1.227300 0.000000 0.000000 0.000000 1.000000
0.999547 -0.028081 -0.010793 0.000000 0.027561 0.998578 -0.045632 9.923500 0.012059 0.045313 0.998900 -1.227300 0.000000 0.000000 0.000000 1.000000
0.999483 -0.029201 -0.013440 0.000000 0.028527 0.998448 -0.047838 9.923500 0.014816 0.047430 0.998765 -1.227300 0.000000 0.000000 0.000000 1.000000
0.999395 -0.030329 -0.017004 0.000000 0.029443 0.998308 -0.050138 9.923500 0.018496 0.049607 0.998598 -1.227300 0.000000 0.000000 0.000000 1.000000
0.999272 -0.031783 -0.021080 -0.000000 0.030655 0.998185 -0.051831 9.923500 0.022689 0.051147 0.998433 -1.227300 0.000000 0.000000 0.000000 1.000000
0.999138 -0.033449 -0.024596 0.000000 0.032090 0.998040 -0.053728 9.923500 0.026345 0.052892 0.998253 -1.227300 0.000000 0.000000 0.000000 1.000000
0.999031 -0.034247 -0.027630 0.000000 0.032685 0.997944 -0.055137 9.923500 0.029462 0.054180 0.998096 -1.227300 0.000000 0.000000 0.000000 1.000000
0.998961 -0.034174 -0.030147 -0.000000 0.032449 0.997906 -0.055953 9.923500 0.031996 0.054916 0.997978 -1.227300 0.000000 0.000000 0.000000 1.000000
0.998828 -0.035883 -0.032489 -0.000000 0.034041 0.997874 -0.055579 9.923500 0.034414 0.054408 0.997926 -1.227300 0.000000 0.000000 0.000000 1.000000
0.998708 -0.037251 -0.034555 -0.000000 0.035303 0.997841 -0.055373 9.923500 0.036543 0.054082 0.997868 -1.227300 0.000000 0.000000 0.000000 1.000000
0.998571 -0.039319 -0.036190 0.000000 0.037345 0.997859 -0.053689 9.923500 0.038224 0.052261 0.997902 -1.227300 0.000000 0.000000 0.000000 1.000000
0.998451 -0.040810 -0.037824 0.000000 0.038811 0.997885 -0.052152 9.923500 0.039872 0.050603 0.997923 -1.227300 0.000000 0.000000 0.000000 1.000000
0.998397 -0.040426 -0.039619 0.000000 0.038401 0.997981 -0.050597 9.923500 0.041585 0.048995 0.997933 -1.227300 0.000000 0.000000 0.000000 1.000000
0.998442 -0.038071 -0.040794 0.000000 0.036052 0.998142 -0.049119 9.923500 0.042588 0.047572 0.997959 -1.227300 0.000000 0.000000 0.000000 1.000000
0.998560 -0.034281 -0.041271 -0.000000 0.032290 0.998326 -0.047976 9.923500 0.042847 0.046574 0.997995 -1.227300 0.000000 0.000000 0.000000 1.000000
0.998764 -0.028635 -0.040627 0.000000 0.026794 0.998620 -0.045171 9.923500 0.041864 0.044027 0.998153 -1.227300 0.000000 0.000000 0.000000 1.000000
0.999116 -0.019245 -0.037379 0.000000 0.017662 0.998951 -0.042250 9.923500 0.038153 0.041552 0.998408 -1.227300 0.000000 0.000000 0.000000 1.000000
0.999360 -0.008840 -0.034648 0.000000 0.007515 0.999242 -0.038193 9.923500 0.034959 0.037908 0.998670 -1.227300 0.000000 0.000000 0.000000 1.000000
0.999541 -0.000850 -0.030277 0.000000 -0.000207 0.999392 -0.034879 9.923500 0.030288 0.034869 0.998933 -1.227300 0.000000 0.000000 0.000000 1.000000
0.999676 0.006039 -0.024717 0.000000 -0.006843 0.999445 -0.032597 9.923500 0.024506 0.032756 0.999163 -1.227300 0.000000 0.000000 0.000000 1.000000
0.999716 0.012428 -0.020354 0.000000 -0.013052 0.999439 -0.030828 9.923500 0.019960 0.031085 0.999317 -1.227300 0.000000 0.000000 0.000000 1.000000
0.999680 0.020040 -0.015425 0.000000 -0.020510 0.999313 -0.030882 9.923500 0.014795 0.031189 0.999404 -1.227300 0.000000 0.000000 0.000000 1.000000
0.999599 0.026773 -0.009258 0.000000 -0.027059 0.999111 -0.032318 9.923500 0.008385 0.032555 0.999435 -1.227300 0.000000 0.000000 0.000000 1.000000
0.999590 0.028564 -0.002201 0.000000 -0.028617 0.999150 -0.029676 9.923500 0.001351 0.029727 0.999557 -1.227300 0.000000 0.000000 0.000000 1.000000
0.999828 0.018444 0.002085 0.000000 -0.018385 0.999502 -0.025630 9.923500 -0.002557 0.025587 0.999669 -1.227300 0.000000 0.000000 0.000000 1.000000
0.999957 -0.008406 0.003979 -0.000000 0.008500 0.999669 -0.024274 9.923500 -0.003774 0.024307 0.999697 -1.227300 0.000000 0.000000 0.000000 1.000000
0.999652 -0.023758 0.011468 0.000000 0.024064 0.999338 -0.027280 9.923500 -0.010812 0.027547 0.999562 -1.227300 0.000000 0.000000 0.000000 1.000000
0.999646 -0.015835 0.021373 0.000000 0.016484 0.999398 -0.030540 9.923500 -0.020876 0.030882 0.999305 -1.227300 0.000000 0.000000 0.000000 1.000000
0.998938 -0.023228 0.039797 0.000000 0.024852 0.998858 -0.040806 9.923500 -0.038804 0.041752 0.998374 -1.227300 0.000000 0.000000 0.000000 1.000000
0.998092 -0.022487 0.057499 0.000000 0.025260 0.998529 -0.047967 9.923500 -0.056336 0.049328 0.997193 -1.227300 0.000000 0.000000 0.000000 1.000000
0.997413 -0.019399 0.069215 -0.000000 0.023030 0.998378 -0.052058 9.923500 -0.068093 0.053517 0.996243 -1.227300 0.000000 0.000000 0.000000 1.000000
0.996868 -0.011647 0.078227 0.000000 0.016450 0.998000 -0.061036 9.923500 -0.077360 0.062132 0.995065 -1.227300 0.000000 0.000000 0.000000 1.000000
0.996154 -0.008936 0.087168 0.000000 0.015092 0.997417 -0.070225 9.923500 -0.086315 0.071271 0.993715 -1.227300 0.000000 0.000000 0.000000 1.000000
0.995425 -0.007601 0.095246 0.000000 0.014584 0.997237 -0.072840 9.923500 -0.094429 0.073896 0.992785 -1.227300 0.000000 0.000000 0.000000 1.000000
0.995142 -0.006338 0.098247 0.000000 0.013545 0.997250 -0.072869 9.923500 -0.097515 0.073845 0.992491 -1.227300 0.000000 0.000000 0.000000 1.000000
0.995005 -0.003490 0.099765 0.000000 0.010339 0.997617 -0.068214 9.923500 -0.099289 0.068904 0.992670 -1.227300 0.000000 0.000000 0.000000 1.000000
0.994819 -0.001836 0.101645 -0.000000 0.008948 0.997538 -0.069553 9.923500 -0.101267 0.070102 0.992386 -1.227300 0.000000 0.000000 0.000000 1.000000
0.994636 0.000747 0.103431 -0.000000 0.006899 0.997268 -0.073543 9.923500 -0.103203 0.073862 0.991914 -1.227300 0.000000 0.000000 0.000000 1.000000
0.994521 0.003064 0.104494 -0.000000 0.004899 0.997106 -0.075861 9.923500 -0.104424 0.075958 0.991628 -1.227300 0.000000 0.000000 0.000000 1.000000
0.994134 0.007525 0.107898 0.000000 0.001046 0.996861 -0.079161 9.923500 -0.108155 0.078810 0.991005 -1.227300 0.000000 0.000000 0.000000 1.000000
0.993871 0.012044 0.109892 0.000000 -0.002630 0.996342 -0.085414 9.923500 -0.110519 0.084602 0.990267 -1.227300 0.000000 0.000000 0.000000 1.000000
0.993898 0.013881 0.109427 -0.000000 -0.003965 0.995905 -0.090314 9.923500 -0.110232 0.089329 0.989883 -1.227300 0.000000 0.000000 0.000000 1.000000
0.994077 0.015692 0.107544 -0.000000 -0.005407 0.995437 -0.095272 9.923500 -0.108548 0.094126 0.989625 -1.227300 0.000000 0.000000 0.000000 1.000000
0.994258 0.018776 0.105350 -0.000000 -0.008001 0.994775 -0.101777 9.923500 -0.106711 0.100350 0.989213 -1.227300 0.000000 0.000000 0.000000 1.000000
0.994410 0.022779 0.103103 -0.000000 -0.011497 0.994005 -0.108731 9.923500 -0.104962 0.106938 0.988710 -1.227300 0.000000 0.000000 0.000000 1.000000
0.994600 0.025276 0.100656 0.000000 -0.013660 0.993333 -0.114466 9.923500 -0.102878 0.112473 0.988315 -1.227300 0.000000 0.000000 0.000000 1.000000
0.994814 0.027099 0.098037 0.000000 -0.015283 0.992738 -0.119324 9.923500 -0.100559 0.117207 0.988003 -1.227300 0.000000 0.000000 0.000000 1.000000
0.994991 0.028617 0.095779 -0.000000 -0.016773 0.992357 -0.122258 9.923500 -0.098545 0.120039 0.987866 -1.227300 0.000000 0.000000 0.000000 1.000000
0.995192 0.029012 0.093552 0.000000 -0.017349 0.992236 -0.123156 9.923500 -0.096399 0.120941 0.987968 -1.227300 0.000000 0.000000 0.000000 1.000000
0.995328 0.029995 0.091769 0.000000 -0.018446 0.992085 -0.124207 9.923500 -0.094768 0.121934 0.988004 -1.227300 0.000000 0.000000 0.000000 1.000000
0.995435 0.031816 0.089978 -0.000000 -0.020408 0.991949 -0.124979 9.923500 -0.093230 0.122572 0.988071 -1.227300 0.000000 0.000000 0.000000 1.000000
0.995536 0.032920 0.088460 -0.000000 -0.021619 0.991821 -0.125795 9.923500 -0.091878 0.123321 0.988104 -1.227300 0.000000 0.000000 0.000000 1.000000
0.995658 0.033068 0.087010 0.000000 -0.021846 0.991675 -0.126898 9.923500 -0.090482 0.124446 0.988092 -1.227300 0.000000 0.000000 0.000000 1.000000
0.995747 0.034231 0.085530 0.000000 -0.023006 0.991385 -0.128941 9.923500 -0.089207 0.126425 0.987957 -1.227300 0.000000 0.000000 0.000000 1.000000
0.995857 0.034868 0.083988 -0.000000 -0.023654 0.991102 -0.130987 9.923500 -0.087808 0.128458 0.987820 -1.227300 0.000000 0.000000 0.000000 1.000000
0.996031 0.033884 0.082299 0.000000 -0.022709 0.990842 -0.133105 9.923500 -0.086056 0.130708 0.987679 -1.227300 0.000000 0.000000 0.000000 1.000000
0.996204 0.033758 0.080233 0.000000 -0.022696 0.990589 -0.134979 9.923500 -0.084034 0.132645 0.987595 -1.227300 0.000000 0.000000 0.000000 1.000000
0.996357 0.033497 0.078421 0.000000 -0.022543 0.990368 -0.136610 9.923500 -0.082242 0.134345 0.987516 -1.227300 0.000000 0.000000 0.000000 1.000000
0.996523 0.032253 0.076824 0.000000 -0.021413 0.990207 -0.137955 9.923500 -0.080521 0.135830 0.987455 -1.227300 0.000000 0.000000 0.000000 1.000000
0.996728 0.030863 0.074707 -0.000000 -0.020261 0.990124 -0.138721 9.923500 -0.078251 0.136753 0.987510 -1.227300 0.000000 0.000000 0.000000 1.000000
0.997037 0.028752 0.071346 0.000000 -0.018601 0.990108 -0.139066 9.923500 -0.074639 0.137327 0.987710 -1.227300 0.000000 0.000000 0.000000 1.000000
0.997356 0.026394 0.067708 0.000000 -0.016770 0.990156 -0.138959 9.923500 -0.070709 0.137456 0.987981 -1.227300 0.000000 0.000000 0.000000 1.000000
0.997672 0.022779 0.064277 0.000000 -0.013708 0.990312 -0.138184 9.923500 -0.066802 0.136981 0.988319 -1.227300 0.000000 0.000000 0.000000 1.000000
0.997964 0.018627 0.060995 -0.000000 -0.010113 0.990516 -0.137024 9.923500 -0.062969 0.136128 0.988688 -1.227300 0.000000 0.000000 0.000000 1.000000
0.998224 0.014888 0.057689 0.000000 -0.006909 0.990667 -0.136131 9.923500 -0.059177 0.135490 0.989010 -1.227300 0.000000 0.000000 0.000000 1.000000
0.998461 0.011221 0.054310 0.000000 -0.003800 0.990856 -0.134871 9.923500 -0.055327 0.134457 0.989374 -1.227300 0.000000 0.000000 0.000000 1.000000
0.998710 0.007132 0.050275 -0.000000 -0.000399 0.991158 -0.132684 9.923500 -0.050776 0.132493 0.989882 -1.227300 0.000000 0.000000 0.000000 1.000000
0.998924 0.002936 0.046283 0.000000 0.003131 0.991446 -0.130481 9.923500 -0.046270 0.130485 0.990370 -1.227300 0.000000 0.000000 0.000000 1.000000
0.999091 -0.000931 0.042615 -0.000000 0.006382 0.991760 -0.127949 9.923500 -0.042145 0.128105 0.990865 -1.227300 0.000000 0.000000 0.000000 1.000000
0.999231 -0.005179 0.038854 0.000000 0.009992 0.992141 -0.124725 9.923500 -0.037902 0.125018 0.991430 -1.227300 0.000000 0.000000 0.000000 1.000000
0.999342 -0.008924 0.035151 0.000000 0.013118 0.992571 -0.120958 9.923500 -0.033810 0.121339 0.992035 -1.227300 0.000000 0.000000 0.000000 1.000000
0.999421 -0.012247 0.031759 -0.000000 0.015883 0.993019 -0.116882 9.923500 -0.030106 0.117319 0.992638 -1.227300 0.000000 0.000000 0.000000 1.000000
0.999478 -0.015254 0.028492 -0.000000 0.018378 0.993443 -0.112842 9.923500 -0.026584 0.113306 0.993204 -1.227300 0.000000 0.000000 0.000000 1.000000
0.999515 -0.017875 0.025495 0.000000 0.020553 0.993830 -0.108992 9.923500 -0.023390 0.109463 0.993716 -1.227300 0.000000 0.000000 0.000000 1.000000
0.999540 -0.020026 0.022773 0.000000 0.022308 0.994240 -0.104834 9.923500 -0.020543 0.105293 0.994229 -1.227300 0.000000 0.000000 0.000000 1.000000
0.999580 -0.021473 0.019480 0.000000 0.023307 0.994770 -0.099450 9.923500 -0.017243 0.099862 0.994852 -1.227300 0.000000 0.000000 0.000000 1.000000
0.999611 -0.022188 0.016923 -0.000000 0.023699 0.995193 -0.095022 9.923500 -0.014733 0.095386 0.995331 -1.227300 0.000000 0.000000 0.000000 1.000000
0.999635 -0.022685 0.014657 0.000000 0.023927 0.995566 -0.090967 9.923500 -0.012528 0.091285 0.995746 -1.227300 0.000000 0.000000 0.000000 1.000000
0.999658 -0.022912 0.012638 0.000000 0.023925 0.995925 -0.086951 9.923500 -0.010594 0.087224 0.996132 -1.227300 0.000000 0.000000 0.000000 1.000000
0.999695 -0.022166 0.010912 0.000000 0.022998 0.996268 -0.083192 9.923500 -0.009027 0.083418 0.996474 -1.227300 0.000000 0.000000 0.000000 1.000000
0.999724 -0.021504 0.009496 0.000000 0.022196 0.996545 -0.080028 9.923500 -0.007742 0.080217 0.996747 -1.227300 0.000000 0.000000 0.000000 1.000000
0.999748 -0.020863 0.008342 0.000000 0.021446 0.996785 -0.077200 9.923500 -0.006705 0.077360 0.996981 -1.227300 0.000000 0.000000 0.000000 1.000000
0.999770 -0.020089 0.007469 0.000000 0.020591 0.996995 -0.074679 9.923500 -0.005947 0.074816 0.997180 -1.227300 0.000000 0.000000 0.000000 1.000000
0.999798 -0.018913 0.006830 -0.000000 0.019359 0.997183 -0.072461 9.923500 -0.005440 0.072579 0.997348 -1.227300 0.000000 0.000000 0.000000 1.000000
0.999819 -0.017920 0.006352 -0.000000 0.018322 0.997365 -0.070194 9.923500 -0.005077 0.070298 0.997513 -1.227300 0.000000 0.000000 0.000000 1.000000
0.999842 -0.016670 0.006253 0.000000 0.017058 0.997525 -0.068206 9.923500 -0.005100 0.068302 0.997652 -1.227300 0.000000 0.000000 0.000000 1.000000
0.999852 -0.015993 0.006300 0.000000 0.016376 0.997659 -0.066401 9.923500 -0.005223 0.066494 0.997773 -1.227300 0.000000 0.000000 0.000000 1.000000
0.999863 -0.015291 0.006368 0.000000 0.015672 0.997764 -0.064975 9.923500 -0.005360 0.065066 0.997867 -1.227300 0.000000 0.000000 0.000000 1.000000
0.999881 -0.014060 0.006363 0.000000 0.014435 0.997881 -0.063445 9.923500 -0.005458 0.063529 0.997965 -1.227300 0.000000 0.000000 0.000000 1.000000
0.999897 -0.012856 0.006327 0.000000 0.013224 0.997980 -0.062145 9.923500 -0.005516 0.062223 0.998047 -1.227300 0.000000 0.000000 0.000000 1.000000
0.999910 -0.011847 0.006272 -0.000000 0.012209 0.998058 -0.061091 9.923500 -0.005536 0.061162 0.998112 -1.227300 0.000000 0.000000 0.000000 1.000000
0.999923 -0.010770 0.006217 0.000000 0.011124 0.998131 -0.060093 9.923500 -0.005558 0.060157 0.998173 -1.227300 0.000000 0.000000 0.000000 1.000000
0.999938 -0.009297 0.006182 0.000000 0.009647 0.998196 -0.059255 9.923500 -0.005620 0.059311 0.998224 -1.227300 0.000000 0.000000 0.000000 1.000000
0.999947 -0.008192 0.006178 0.000000 0.008540 0.998243 -0.058641 9.923500 -0.005687 0.058691 0.998260 -1.227300 0.000000 0.000000 0.000000 1.000000
0.999953 -0.007496 0.006220 0.000000 0.007846 0.998273 -0.058221 9.923500 -0.005772 0.058267 0.998284 -1.227300 0.000000 0.000000 0.000000 1.000000
