<?xml version="1.0" encoding="utf-8"?>
<COLLADA xmlns="http://www.collada.org/2005/11/COLLADASchema" version="1.4.1">
  <asset><contributor><author>Mixamo</author><authoring_tool>COLLADA Mixamo exporter</authoring_tool><comments></comments></contributor><created>2018-10-30T10:40:50Z</created><modified>2018-10-30T10:40:50Z</modified><revision></revision><title></title><unit meter="0.010000"/><up_axis>Y_UP</up_axis></asset>
  <library_animations>
    <animation id="mixamorig_Hips-anim" name="mixamorig_Hips"><source id="mixamorig_Hips-Matrix-animation-input"><float_array id="mixamorig_Hips-Matrix-animation-input-array" count="104">

0.000000 0.033333 0.066667 0.100000 0.133333 0.166667 0.200000 0.233333 0.266667 0.300000 0.333333 0.366667 0.400000 0.433333 0.466667 0.500000
0.533333 0.566667 0.600000 0.633333 0.666667 0.700000 0.733333 0.766667 0.800000 0.833333 0.866667 0.900000 0.933333 0.966667 1.000000 1.033333
1.066667 1.100000 1.133333 1.166667 1.200000 1.233333 1.266667 1.300000 1.333333 1.366667 1.400000 1.433333 1.466667 1.500000 1.533333 1.566667
1.600000 1.633333 1.666667 1.700000 1.733333 1.766667 1.800000 1.833333 1.866667 1.900000 1.933333 1.966667 2.000000 2.033333 2.066667 2.100000
2.133333 2.166667 2.200000 2.233333 2.266667 2.300000 2.333333 2.366667 2.400000 2.433333 2.466667 2.500000 2.533333 2.566667 2.600000 2.633333
2.666667 2.700000 2.733333 2.766667 2.800000 2.833333 2.866667 2.900000 2.933333 2.966667 3.000000 3.033333 3.066667 3.100000 3.133333 3.166667
3.200000 3.233333 3.266667 3.300000 3.333333 3.366667 3.400000 3.433333</float_array><technique_common><accessor source="#mixamorig_Hips-Matrix-animation-input-array" count="104"><param name="TIME" type="float"/></accessor></technique_common></source><source id="mixamorig_Hips-Matrix-animation-output-transform"><float_array id="mixamorig_Hips-Matrix-animation-output-transform-array" count="1664">

0.756497 0.116311 -0.643571 0.503900 -0.050960 0.991550 0.119299 88.137741 0.652008 -0.057453 0.756032 7.989035 0.000000 0.000000 0.000000 1.000000
0.754652 0.115472 -0.645884 0.564499 -0.051770 0.991802 0.116828 88.226715 0.654079 -0.054727 0.754444 8.128712 0.000000 0.000000 0.000000 1.000000
0.752003 0.111704 -0.649626 0.644744 -0.053791 0.992649 0.108419 88.701378 0.656961 -0.046587 0.752484 8.413445 0.000000 0.000000 0.000000 1.000000
0.747345 0.106462 -0.655852 0.777112 -0.056967 0.993712 0.096392 89.407814 0.661990 -0.034676 0.748710 8.835873 0.000000 0.000000 0.000000 1.000000
0.740163 0.100494 -0.664876 0.969818 -0.060734 0.994719 0.082739 90.172813 0.669679 -0.020860 0.742357 9.342690 0.000000 0.000000 0.000000 1.000000
0.731538 0.095315 -0.675106 1.205308 -0.065133 0.995421 0.069961 90.804352 0.678683 -0.007208 0.734396 9.890786 0.000000 0.000000 0.000000 1.000000
0.721276 0.092943 -0.686384 1.463877 -0.070524 0.995661 0.060713 91.181686 0.689048 0.004616 0.724701 10.425430 0.000000 0.000000 0.000000 1.000000
0.710021 0.094439 -0.697819 1.728499 -0.076022 0.995454 0.057368 91.266190 0.700065 0.012317 0.713973 10.898076 0.000000 0.000000 0.000000 1.000000
0.700153 0.099525 -0.707022 1.990402 -0.080380 0.994929 0.060454 91.089050 0.709453 0.014503 0.704603 11.283225 0.000000 0.000000 0.000000 1.000000
0.693020 0.105589 -0.713144 2.232194 -0.081212 0.994354 0.068305 90.679123 0.716330 0.010579 0.697682 11.605474 0.000000 0.000000 0.000000 1.000000
0.688000 0.111202 -0.717140 2.429881 -0.078580 0.993795 0.078715 90.094200 0.721444 0.002197 0.692470 11.875755 0.000000 0.000000 0.000000 1.000000
0.684307 0.116913 -0.719761 2.573268 -0.074288 0.993105 0.090684 89.448677 0.725400 -0.008587 0.688274 12.090986 0.000000 0.000000 0.000000 1.000000
0.683120 0.121423 -0.720141 2.649718 -0.069648 0.992419 0.101265 88.935951 0.726977 -0.019020 0.686398 12.209769 0.000000 0.000000 0.000000 1.000000
0.685589 0.121654 -0.717752 2.661336 -0.064812 0.992223 0.106268 88.743927 0.725098 -0.026337 0.688142 12.189456 0.000000 0.000000 0.000000 1.000000
0.689815 0.117108 -0.714452 2.616952 -0.061445 0.992741 0.103396 88.921707 0.721374 -0.027425 0.692003 12.043283 0.000000 0.000000 0.000000 1.000000
0.695071 0.110430 -0.710409 2.514773 -0.060951 0.993627 0.094819 89.344666 0.716352 -0.022606 0.697372 11.745715 0.000000 0.000000 0.000000 1.000000
0.701056 0.104478 -0.705411 2.360371 -0.064256 0.994440 0.083427 89.886421 0.710205 -0.013161 0.703872 11.307135 0.000000 0.000000 0.000000 1.000000
0.707265 0.100990 -0.699698 2.159097 -0.071721 0.994887 0.071100 90.391548 0.703302 -0.000104 0.710892 10.740025 0.000000 0.000000 0.000000 1.000000
0.714437 0.099656 -0.692567 1.946255 -0.081004 0.994930 0.059602 90.736252 0.694995 0.013519 0.718887 10.075165 0.000000 0.000000 0.000000 1.000000
0.721150 0.101145 -0.685355 1.724777 -0.090031 0.994578 0.052048 90.856033 0.686904 0.024169 0.726346 9.364519 0.000000 0.000000 0.000000 1.000000
0.726595 0.105893 -0.678856 1.511299 -0.098796 0.993886 0.049291 90.718445 0.679926 0.031253 0.732615 8.625628 0.000000 0.000000 0.000000 1.000000
0.732181 0.113592 -0.671571 1.318143 -0.108101 0.992878 0.050082 90.310432 0.672476 0.035929 0.739246 7.879926 0.000000 0.000000 0.000000 1.000000
0.740102 0.122787 -0.661190 1.127435 -0.113216 0.991907 0.057474 89.693924 0.662896 0.032321 0.748014 7.254190 0.000000 0.000000 0.000000 1.000000
0.751952 0.132376 -0.645790 0.969529 -0.115691 0.990926 0.068412 88.935478 0.648986 0.023269 0.760444 6.771611 0.000000 0.000000 0.000000 1.000000
0.766014 0.140889 -0.627195 0.856034 -0.116670 0.989953 0.079883 88.180542 0.632148 0.011983 0.774755 6.451914 0.000000 0.000000 0.000000 1.000000
0.778683 0.146295 -0.610124 0.785228 -0.114509 0.989240 0.091055 87.628372 0.616880 -0.001039 0.787057 6.357119 0.000000 0.000000 0.000000 1.000000
0.789759 0.146853 -0.595579 0.773329 -0.110303 0.989093 0.097615 87.381203 0.603418 -0.011398 0.797343 6.478306 0.000000 0.000000 0.000000 1.000000
0.801586 0.139820 -0.581300 0.809013 -0.101432 0.989979 0.098249 87.471977 0.589212 -0.019792 0.807736 6.814682 0.000000 0.000000 0.000000 1.000000
0.815405 0.125266 -0.565175 0.891683 -0.087423 0.991756 0.093685 87.829094 0.572251 -0.026982 0.819634 7.324324 0.000000 0.000000 0.000000 1.000000
0.830745 0.106007 -0.546466 1.028663 -0.068469 0.993704 0.088678 88.313606 0.552426 -0.036253 0.832773 7.993295 0.000000 0.000000 0.000000 1.000000
0.847427 0.083488 -0.524306 1.206419 -0.042280 0.995034 0.090109 88.700134 0.529226 -0.054193 0.846749 8.924258 0.000000 0.000000 0.000000 1.000000
0.866348 0.057745 -0.496091 1.353132 -0.007328 0.994656 0.102980 88.770149 0.499387 -0.085581 0.862142 10.243919 0.000000 0.000000 0.000000 1.000000
0.886432 0.034607 -0.461563 1.359167 0.030848 0.990567 0.133515 88.414566 0.461830 -0.132590 0.877002 12.035480 0.000000 0.000000 0.000000 1.000000
0.904155 0.027549 -0.426314 1.189956 0.057544 0.980970 0.185434 87.649841 0.423310 -0.192193 0.885365 14.271309 0.000000 0.000000 0.000000 1.000000
0.914690 0.043851 -0.401769 0.901819 0.060992 0.967734 0.244481 86.633980 0.399526 -0.248129 0.882503 16.735819 0.000000 0.000000 0.000000 1.000000
0.912336 0.067057 -0.403913 0.539767 0.059922 0.954008 0.293732 85.681145 0.405033 -0.292186 0.866358 19.085049 0.000000 0.000000 0.000000 1.000000
0.897282 0.082065 -0.433762 0.155603 0.077643 0.937916 0.338060 84.794075 0.434576 -0.337014 0.835204 20.894869 0.000000 0.000000 0.000000 1.000000
0.879510 0.096358 -0.466024 -0.158708 0.098593 0.921142 0.376532 83.695770 0.465556 -0.377111 0.800653 21.778252 0.000000 0.000000 0.000000 1.000000
0.867486 0.112726 -0.484521 -0.446313 0.104208 0.911199 0.398569 82.501968 0.486424 -0.396244 0.778705 21.871552 0.000000 0.000000 0.000000 1.000000
0.863136 0.132404 -0.487304 -0.743358 0.093203 0.906663 0.411432 81.425591 0.496295 -0.400540 0.770233 21.484613 0.000000 0.000000 0.000000 1.000000
0.861569 0.154949 -0.483414 -0.983651 0.074146 0.903654 0.421796 80.686989 0.502196 -0.399250 0.767072 20.825508 0.000000 0.000000 0.000000 1.000000
0.856581 0.173817 -0.485857 -1.131617 0.058022 0.903145 0.425397 80.447128 0.512740 -0.392577 0.763532 20.048946 0.000000 0.000000 0.000000 1.000000
0.849693 0.182911 -0.494535 -1.171075 0.048339 0.906931 0.418496 80.679871 0.525057 -0.379499 0.761772 19.166595 0.000000 0.000000 0.000000 1.000000
0.843299 0.184537 -0.504769 -1.092996 0.040864 0.914469 0.402588 81.286362 0.535888 -0.360129 0.763630 18.194614 0.000000 0.000000 0.000000 1.000000
0.837183 0.182189 -0.515686 -0.902584 0.031958 0.924979 0.378672 82.200363 0.545988 -0.333498 0.768554 17.174522 0.000000 0.000000 0.000000 1.000000
0.831094 0.173881 -0.528250 -0.622588 0.024267 0.937621 0.346810 83.352272 0.555602 -0.301051 0.775032 16.133341 0.000000 0.000000 0.000000 1.000000
0.824267 0.160483 -0.542982 -0.278039 0.018697 0.950753 0.309386 84.646126 0.565892 -0.265168 0.780674 15.097264 0.000000 0.000000 0.000000 1.000000
0.815520 0.146106 -0.559982 0.122226 0.012884 0.962784 0.269965 85.963989 0.578585 -0.227377 0.783287 14.102405 0.000000 0.000000 0.000000 1.000000
0.805297 0.131658 -0.578068 0.557343 0.006422 0.973037 0.230561 87.205429 0.592837 -0.189382 0.782738 13.192423 0.000000 0.000000 0.000000 1.000000
0.795070 0.117462 -0.595035 1.010993 -0.002393 0.981667 0.190587 88.254631 0.606513 -0.150106 0.780775 12.377592 0.000000 0.000000 0.000000 1.000000
0.784832 0.105863 -0.610599 1.485036 -0.015472 0.988341 0.151467 89.014481 0.619515 -0.109429 0.777320 11.666251 0.000000 0.000000 0.000000 1.000000
0.773556 0.098800 -0.625979 2.001931 -0.030645 0.992449 0.118771 89.458862 0.632986 -0.072693 0.770743 11.098613 0.000000 0.000000 0.000000 1.000000
0.760837 0.096620 -0.641711 2.554025 -0.045789 0.994382 0.095431 89.601753 0.647326 -0.043224 0.760987 10.695911 0.000000 0.000000 0.000000 1.000000
0.747641 0.097786 -0.656865 3.094212 -0.060940 0.995029 0.078765 89.425629 0.661302 -0.018859 0.749883 10.476988 0.000000 0.000000 0.000000 1.000000
0.735684 0.099520 -0.669974 3.593900 -0.071700 0.995032 0.069072 88.987816 0.673519 -0.002777 0.739165 10.460532 0.000000 0.000000 0.000000 1.000000
0.725277 0.101147 -0.680986 4.013395 -0.075158 0.994869 0.067723 88.411751 0.684342 0.002064 0.729158 10.602880 0.000000 0.000000 0.000000 1.000000
0.716092 0.103631 -0.690270 4.296407 -0.073762 0.994615 0.072801 87.804581 0.694097 -0.001217 0.719880 10.838715 0.000000 0.000000 0.000000 1.000000
0.709722 0.105494 -0.696538 4.412405 -0.068642 0.994375 0.080661 87.376709 0.701130 -0.009435 0.712971 11.088691 0.000000 0.000000 0.000000 1.000000
0.708381 0.104485 -0.698054 4.376482 -0.060249 0.994324 0.087690 87.304497 0.703254 -0.020060 0.710655 11.279200 0.000000 0.000000 0.000000 1.000000
0.709629 0.100853 -0.697320 4.207754 -0.051305 0.994472 0.091620 87.645889 0.702705 -0.029240 0.710880 11.342161 0.000000 0.000000 0.000000 1.000000
0.710756 0.095835 -0.696880 3.940607 -0.045689 0.994874 0.090216 88.302795 0.701954 -0.032282 0.711491 11.233138 0.000000 0.000000 0.000000 1.000000
0.711891 0.089480 -0.696566 3.602934 -0.042353 0.995515 0.084598 89.107269 0.701012 -0.030723 0.712488 11.000047 0.000000 0.000000 0.000000 1.000000
0.713741 0.082316 -0.695556 3.215133 -0.039226 0.996209 0.077645 89.881340 0.699311 -0.028135 0.714264 10.707079 0.000000 0.000000 0.000000 1.000000
0.716834 0.077021 -0.692977 2.818430 -0.039770 0.996779 0.069648 90.456406 0.696109 -0.022366 0.717588 10.339414 0.000000 0.000000 0.000000 1.000000
0.720502 0.075129 -0.689371 2.424603 -0.042509 0.997029 0.064230 90.738251 0.692148 -0.016974 0.721556 9.908346 0.000000 0.000000 0.000000 1.000000
0.723333 0.078355 -0.686039 2.047546 -0.045996 0.996802 0.065352 90.692879 0.688965 -0.015717 0.724624 9.428102 0.000000 0.000000 0.000000 1.000000
0.724858 0.086795 -0.683409 1.714465 -0.049112 0.996018 0.074407 90.325066 0.687145 -0.020371 0.726234 8.917389 0.000000 0.000000 0.000000 1.000000
0.726031 0.097795 -0.680672 1.440866 -0.048897 0.994672 0.090754 89.703560 0.685921 -0.032607 0.726945 8.439877 0.000000 0.000000 0.000000 1.000000
0.728301 0.109027 -0.676529 1.226964 -0.047181 0.992897 0.109220 88.910187 0.683632 -0.047626 0.728272 8.047104 0.000000 0.000000 0.000000 1.000000
0.731899 0.119092 -0.670926 1.063110 -0.045658 0.990967 0.126094 88.051712 0.679882 -0.061655 0.730725 7.790004 0.000000 0.000000 0.000000 1.000000
0.735455 0.127272 -0.665513 0.966191 -0.044177 0.989118 0.140338 87.282150 0.676132 -0.073811 0.733074 7.704741 0.000000 0.000000 0.000000 1.000000
0.737505 0.132833 -0.662149 0.956001 -0.043568 0.987781 0.149632 86.743004 0.673935 -0.081506 0.734281 7.791707 0.000000 0.000000 0.000000 1.000000
0.737836 0.134716 -0.661400 1.012186 -0.043345 0.987314 0.152746 86.543640 0.673587 -0.084033 0.734315 8.040868 0.000000 0.000000 0.000000 1.000000
0.736919 0.133119 -0.662744 1.091772 -0.043096 0.987675 0.150465 86.713577 0.674606 -0.082319 0.733574 8.410266 0.000000 0.000000 0.000000 1.000000
0.734467 0.129099 -0.666252 1.232295 -0.043697 0.988699 0.143408 87.167320 0.677236 -0.076215 0.731808 8.906762 0.000000 0.000000 0.000000 1.000000
0.730726 0.122839 -0.671528 1.439938 -0.045346 0.990239 0.131796 87.797218 0.681163 -0.065856 0.729164 9.504527 0.000000 0.000000 0.000000 1.000000
0.726088 0.114343 -0.678028 1.710700 -0.046704 0.992000 0.117278 88.503708 0.686014 -0.053487 0.725620 10.176611 0.000000 0.000000 0.000000 1.000000
0.720246 0.105464 -0.685655 2.027035 -0.047815 0.993573 0.102599 89.191467 0.692069 -0.041112 0.720660 10.877478 0.000000 0.000000 0.000000 1.000000
0.712764 0.098351 -0.694474 2.357427 -0.049603 0.994709 0.089961 89.783951 0.699648 -0.029673 0.713872 11.557384 0.000000 0.000000 0.000000 1.000000
0.704745 0.092879 -0.703355 2.675944 -0.051147 0.995465 0.080204 90.230637 0.707614 -0.020549 0.706300 12.175970 0.000000 0.000000 0.000000 1.000000
0.698513 0.088635 -0.710087 2.967920 -0.051535 0.995954 0.073623 90.491852 0.713739 -0.014833 0.700255 12.701400 0.000000 0.000000 0.000000 1.000000
0.696220 0.086273 -0.712626 3.223166 -0.051349 0.996194 0.070436 90.539597 0.715990 -0.012447 0.698000 13.112709 0.000000 0.000000 0.000000 1.000000
0.698316 0.086358 -0.710561 3.436423 -0.050793 0.996171 0.071152 90.366554 0.713986 -0.013595 0.700028 13.399764 0.000000 0.000000 0.000000 1.000000
0.702788 0.088314 -0.705896 3.593671 -0.048727 0.995910 0.076084 89.997986 0.709729 -0.019075 0.704217 13.569346 0.000000 0.000000 0.000000 1.000000
0.706951 0.091042 -0.701378 3.670770 -0.045245 0.995471 0.083613 89.486717 0.705813 -0.027376 0.707869 13.635488 0.000000 0.000000 0.000000 1.000000
0.710107 0.094322 -0.697748 3.665572 -0.042025 0.994897 0.091722 88.909760 0.702839 -0.035810 0.710447 13.616372 0.000000 0.000000 0.000000 1.000000
0.713409 0.097732 -0.693899 3.596272 -0.039012 0.994230 0.099923 88.387932 0.699661 -0.044216 0.713106 13.533479 0.000000 0.000000 0.000000 1.000000
0.717837 0.099952 -0.688999 3.477017 -0.035293 0.993593 0.107369 88.032379 0.695316 -0.052757 0.716765 13.389588 0.000000 0.000000 0.000000 1.000000
0.723329 0.100523 -0.683148 3.306293 -0.031922 0.993157 0.112339 87.892769 0.689766 -0.059451 0.721588 13.175338 0.000000 0.000000 0.000000 1.000000
0.728950 0.099741 -0.677262 3.081538 -0.030282 0.993059 0.113656 87.974213 0.683897 -0.062341 0.726910 12.891452 0.000000 0.000000 0.000000 1.000000
0.733929 0.097806 -0.672148 2.807654 -0.030506 0.993326 0.111232 88.243492 0.678541 -0.061132 0.732014 12.554097 0.000000 0.000000 0.000000 1.000000
0.737993 0.094975 -0.668092 2.493718 -0.031536 0.993818 0.106445 88.659332 0.674072 -0.057487 0.736426 12.178812 0.000000 0.000000 0.000000 1.000000
0.740708 0.092325 -0.665453 2.160362 -0.033428 0.994350 0.100748 89.178680 0.670995 -0.052380 0.739609 11.757612 0.000000 0.000000 0.000000 1.000000
0.742030 0.090053 -0.664291 1.828137 -0.036033 0.994862 0.094616 89.723938 0.669398 -0.046271 0.741462 11.294144 0.000000 0.000000 0.000000 1.000000
0.743128 0.086962 -0.663474 1.506453 -0.037312 0.995362 0.088672 90.209549 0.668108 -0.041139 0.742926 10.817011 0.000000 0.000000 0.000000 1.000000
0.744781 0.083923 -0.662010 1.207340 -0.037838 0.995775 0.083665 90.570297 0.666235 -0.037263 0.744810 10.345948 0.000000 0.000000 0.000000 1.000000
0.746574 0.083135 -0.660087 0.946435 -0.039990 0.995976 0.080209 90.746689 0.664099 -0.033486 0.746894 9.892653 0.000000 0.000000 0.000000 1.000000
0.748384 0.084558 -0.657853 0.735554 -0.042769 0.995928 0.079358 90.714523 0.661885 -0.031254 0.748954 9.462549 0.000000 0.000000 0.000000 1.000000
0.751117 0.087246 -0.654378 0.579363 -0.044710 0.995676 0.081431 90.469177 0.658653 -0.031907 0.751770 9.046841 0.000000 0.000000 0.000000 1.000000
0.754618 0.092034 -0.649677 0.470921 -0.046356 0.995118 0.087125 90.029198 0.654524 -0.035630 0.755201 8.657206 0.000000 0.000000 0.000000 1.000000
0.757875 0.099274 -0.644802 0.417041 -0.048166 0.994172 0.096452 89.453255 0.650619 -0.042041 0.758240 8.328664 0.000000 0.000000 0.000000 1.000000
0.759246 0.107102 -0.641931 0.419484 -0.049586 0.993018 0.107031 88.855682 0.648912 -0.049432 0.759256 8.093751 0.000000 0.000000 0.000000 1.000000
0.758347 0.113349 -0.641921 0.455782 -0.050417 0.992015 0.115607 88.370804 0.649899 -0.055306 0.758006 7.981447 0.000000 0.000000 0.000000 1.000000
0.756497 0.116311 -0.643571 0.503898 -0.050960 0.991550 0.119299 88.137741 0.652008 -0.057453 0.756032 7.989035 0.000000 0.000000 0.000000 1.000000</float_array><technique_common><accessor source="#mixamorig_Hips-Matrix-animation-output-transform-array" count="104" stride="16"><param type="float4x4"/></accessor></technique_common></source><source id="mixamorig_Hips-Interpolations"><Name_array id="mixamorig_Hips-Interpolations-array" count="104">
 LINEAR LINEAR LINEAR LINEAR LINEAR LINEAR LINEAR LINEAR LINEAR LINEAR LINEAR
LINEAR LINEAR LINEAR LINEAR LINEAR LINEAR LINEAR LINEAR LINEAR LINEAR LINEAR LINEAR
LINEAR LINEAR LINEAR LINEAR LINEAR LINEAR LINEAR LINEAR LINEAR LINEAR LINEAR LINEAR
LINEAR LINEAR LINEAR LINEAR LINEAR LINEAR LINEAR LINEAR LINEAR LINEAR LINEAR LINEAR
LINEAR LINEAR LINEAR LINEAR LINEAR LINEAR LINEAR LINEAR LINEAR LINEAR LINEAR LINEAR
LINEAR LINEAR LINEAR LINEAR LINEAR LINEAR LINEAR LINEAR LINEAR LINEAR LINEAR LINEAR
LINEAR LINEAR LINEAR LINEAR LINEAR LINEAR LINEAR LINEAR LINEAR LINEAR LINEAR LINEAR
LINEAR LINEAR LINEAR LINEAR LINEAR LINEAR LINEAR LINEAR LINEAR LINEAR LINEAR LINEAR
LINEAR LINEAR LINEAR LINEAR LINEAR LINEAR LINEAR LINEAR LINEAR</Name_array><technique_common><accessor source="#mixamorig_Hips-Interpolations-array" count="104"><param type="name"/></accessor></technique_common></source><sampler id="mixamorig_Hips-Matrix-animation-transform"><input semantic="INPUT" source="#mixamorig_Hips-Matrix-animation-input"/><input semantic="OUTPUT" source="#mixamorig_Hips-Matrix-animation-output-transform"/><input semantic="INTERPOLATION" source="#mixamorig_Hips-Interpolations"/></sampler><channel source="#mixamorig_Hips-Matrix-animation-transform" target="mixamorig_Hips/matrix"/></animation>
    <animation id="mixamorig_Spine-anim" name="mixamorig_Spine"><source id="mixamorig_Spine-Matrix-animation-input"><float_array id="mixamorig_Spine-Matrix-animation-input-array" count="104">

0.000000 0.033333 0.066667 0.100000 0.133333 0.166667 0.200000 0.233333 0.266667 0.300000 0.333333 0.366667 0.400000 0.433333 0.466667 0.500000
0.533333 0.566667 0.600000 0.633333 0.666667 0.700000 0.733333 0.766667 0.800000 0.833333 0.866667 0.900000 0.933333 0.966667 1.000000 1.033333
1.066667 1.100000 1.133333 1.166667 1.200000 1.233333 1.266667 1.300000 1.333333 1.366667 1.400000 1.433333 1.466667 1.500000 1.533333 1.566667
1.600000 1.633333 1.666667 1.700000 1.733333 1.766667 1.800000 1.833333 1.866667 1.900000 1.933333 1.966667 2.000000 2.033333 2.066667 2.100000
2.133333 2.166667 2.200000 2.233333 2.266667 2.300000 2.333333 2.366667 2.400000 2.433333 2.466667 2.500000 2.533333 2.566667 2.600000 2.633333
2.666667 2.700000 2.733333 2.766667 2.800000 2.833333 2.866667 2.900000 2.933333 2.966667 3.000000 3.033333 3.066667 3.100000 3.133333 3.166667
3.200000 3.233333 3.266667 3.300000 3.333333 3.366667 3.400000 3.433333</float_array><technique_common><accessor source="#mixamorig_Spine-Matrix-animation-input-array" count="104"><param name="TIME" type="float"/></accessor></technique_common></source><source id="mixamorig_Spine-Matrix-animation-output-transform"><float_array id="mixamorig_Spine-Matrix-animation-output-transform-array" count="1664">

0.999230 0.005137 0.038893 0.000000 0.009156 0.933469 -0.358542 9.923500 -0.038147 0.358622 0.932703 -1.227300 0.000000 0.000000 0.000000 1.000000
0.999229 0.005550 0.038877 0.000000 0.008832 0.932845 -0.360171 9.923500 -0.038265 0.360236 0.932076 -1.227300 0.000000 0.000000 0.000000 1.000000
0.999265 0.006461 0.037777 -0.000000 0.007488 0.933778 -0.357773 9.923500 -0.037586 0.357793 0.933044 -1.227300 0.000000 0.000000 0.000000 1.000000
0.999290 0.008441 0.036725 -0.000000 0.004991 0.936352 -0.351027 9.923500 -0.037351 0.350961 0.935645 -1.227300 0.000000 0.000000 0.000000 1.000000
0.999286 0.011169 0.036080 -0.000000 0.001849 0.939664 -0.342094 9.923500 -0.037724 0.341917 0.938973 -1.227300 0.000000 0.000000 0.000000 1.000000
0.999301 0.013051 0.035031 0.000000 -0.000640 0.942914 -0.333034 9.923500 -0.037378 0.332779 0.942264 -1.227300 0.000000 0.000000 0.000000 1.000000
0.999303 0.013985 0.034609 -0.000000 -0.001922 0.945214 -0.326446 9.923500 -0.037278 0.326152 0.944582 -1.227300 0.000000 0.000000 0.000000 1.000000
0.999244 0.015296 0.035744 -0.000000 -0.002898 0.946106 -0.323843 9.923500 -0.038771 0.323495 0.945435 -1.227300 0.000000 0.000000 0.000000 1.000000
0.999144 0.017440 0.037522 0.000000 -0.004241 0.945219 -0.326408 9.923500 -0.041159 0.325969 0.944484 -1.227300 0.000000 0.000000 0.000000 1.000000
0.999032 0.020897 0.038697 -0.000000 -0.006873 0.943268 -0.331960 9.923500 -0.043439 0.331373 0.942499 -1.227300 0.000000 0.000000 0.000000 1.000000
0.998891 0.025272 0.039737 -0.000000 -0.010344 0.940945 -0.338400 9.923500 -0.045942 0.337614 0.940163 -1.227300 0.000000 0.000000 0.000000 1.000000
0.998738 0.028914 0.041076 0.000000 -0.012964 0.938390 -0.345336 9.923500 -0.048530 0.344368 0.937580 -1.227300 0.000000 0.000000 0.000000 1.000000
0.998651 0.031088 0.041591 0.000000 -0.014478 0.935911 -0.351939 9.923500 -0.049866 0.350863 0.935098 -1.227300 0.000000 0.000000 0.000000 1.000000
0.998624 0.032358 0.041258 -0.000000 -0.015530 0.934092 -0.356694 9.923500 -0.050081 0.355563 0.933310 -1.227300 0.000000 0.000000 0.000000 1.000000
0.998586 0.032973 0.041698 -0.000000 -0.015920 0.933883 -0.357223 9.923500 -0.050720 0.356054 0.933088 -1.227300 0.000000 0.000000 0.000000 1.000000
0.998588 0.033169 0.041495 0.000000 -0.016317 0.934866 -0.354627 9.923500 -0.050555 0.353449 0.934087 -1.227300 0.000000 0.000000 0.000000 1.000000
0.998697 0.031674 0.040006 -0.000000 -0.015636 0.936267 -0.350941 9.923500 -0.048572 0.349858 0.935543 -1.227300 0.000000 0.000000 0.000000 1.000000
0.998871 0.027257 0.038910 0.000000 -0.012077 0.937810 -0.346939 9.923500 -0.045947 0.346077 0.937080 -1.227300 0.000000 0.000000 0.000000 1.000000
0.999063 0.021868 0.037343 0.000000 -0.007684 0.938863 -0.344205 9.923500 -0.042587 0.343596 0.938151 -1.227300 0.000000 0.000000 0.000000 1.000000
0.999202 0.018054 0.035639 0.000000 -0.004648 0.938545 -0.345126 9.923500 -0.039679 0.344685 0.937879 -1.227300 0.000000 0.000000 0.000000 1.000000
0.999273 0.015387 0.034871 0.000000 -0.002225 0.936884 -0.349632 9.923500 -0.038050 0.349301 0.936238 -1.227300 0.000000 0.000000 0.000000 1.000000
0.999322 0.012010 0.034815 0.000000 0.001188 0.934331 -0.356406 9.923500 -0.036809 0.356205 0.933682 -1.227300 0.000000 0.000000 0.000000 1.000000
0.999345 0.009986 0.034775 0.000000 0.003500 0.929972 -0.367613 9.923500 -0.036011 0.367494 0.929328 -1.227300 0.000000 0.000000 0.000000 1.000000
0.999379 0.006468 0.034647 -0.000000 0.007191 0.924927 -0.380077 9.923500 -0.034505 0.380090 0.924306 -1.227300 0.000000 0.000000 0.000000 1.000000
0.999287 0.001062 0.037733 0.000000 0.013787 0.920275 -0.391030 9.923500 -0.035140 0.391272 0.919604 -1.227300 0.000000 0.000000 0.000000 1.000000
0.998958 -0.004071 0.045454 0.000000 0.021907 0.916525 -0.399376 9.923500 -0.040034 0.399956 0.915660 -1.227300 0.000000 0.000000 0.000000 1.000000
0.998337 -0.010063 0.056764 -0.000000 0.032037 0.915447 -0.401160 9.923500 -0.047927 0.402312 0.914247 -1.227300 0.000000 0.000000 0.000000 1.000000
0.997515 -0.013617 0.069124 0.000000 0.039936 0.917574 -0.395554 9.923500 -0.058040 0.397332 0.915838 -1.227300 0.000000 0.000000 0.000000 1.000000
0.996801 -0.013887 0.078710 0.000000 0.043164 0.922364 -0.383903 9.923500 -0.067268 0.386073 0.920012 -1.227300 0.000000 0.000000 0.000000 1.000000
0.995848 -0.014611 0.089848 -0.000000 0.046778 0.928876 -0.367425 9.923500 -0.078090 0.370103 0.925703 -1.227300 0.000000 0.000000 0.000000 1.000000
0.993786 -0.019491 0.109586 0.000000 0.056492 0.936642 -0.345703 9.923500 -0.095905 0.349746 0.931923 -1.227300 0.000000 0.000000 0.000000 1.000000
0.990448 -0.028577 0.134893 0.000000 0.070692 0.945176 -0.318818 9.923500 -0.118387 0.325309 0.938168 -1.227300 0.000000 0.000000 0.000000 1.000000
0.987232 -0.040157 0.154141 0.000000 0.083852 0.953779 -0.288572 9.923500 -0.135428 0.297812 0.944969 -1.227300 0.000000 0.000000 0.000000 1.000000
0.984484 -0.057617 0.165748 0.000000 0.099658 0.961028 -0.257863 9.923500 -0.144431 0.270380 0.951858 -1.227300 0.000000 0.000000 0.000000 1.000000
0.980462 -0.088334 0.175758 0.000000 0.126032 0.968113 -0.216501 9.923500 -0.151029 0.234422 0.960331 -1.227300 0.000000 0.000000 0.000000 1.000000
0.974673 -0.121491 0.187755 0.000000 0.152566 0.975083 -0.161050 9.923500 -0.163510 0.185616 0.968923 -1.227300 0.000000 0.000000 0.000000 1.000000
0.970021 -0.141203 0.197788 0.000000 0.166931 0.978636 -0.120027 9.923500 -0.176614 0.149446 0.972869 -1.227300 0.000000 0.000000 0.000000 1.000000
0.969542 -0.150188 0.193475 0.000000 0.173687 0.978552 -0.110766 9.923500 -0.172690 0.140996 0.974832 -1.227300 0.000000 0.000000 0.000000 1.000000
0.971520 -0.157520 0.177023 0.000000 0.178876 0.977488 -0.111898 9.923500 -0.155412 0.140377 0.977825 -1.227300 0.000000 0.000000 0.000000 1.000000
0.973340 -0.167648 0.156539 0.000000 0.186731 0.975497 -0.116346 9.923500 -0.133198 0.142475 0.980795 -1.227300 0.000000 0.000000 0.000000 1.000000
0.974703 -0.175535 0.138352 0.000000 0.193439 0.972625 -0.128769 9.923500 -0.111962 0.152274 0.981976 -1.227300 0.000000 0.000000 0.000000 1.000000
0.976125 -0.175840 0.127516 0.000000 0.193766 0.970218 -0.145369 9.923500 -0.098157 0.166607 0.981126 -1.227300 0.000000 0.000000 0.000000 1.000000
0.978626 -0.167992 0.118619 0.000000 0.185937 0.969219 -0.161373 9.923500 -0.087859 0.179979 0.979739 -1.227300 0.000000 0.000000 0.000000 1.000000
0.981719 -0.156707 0.108033 0.000000 0.174092 0.968722 -0.176833 9.923500 -0.076942 0.192408 0.978294 -1.227300 0.000000 0.000000 0.000000 1.000000
0.984574 -0.143987 0.099408 0.000000 0.161018 0.967940 -0.192784 9.923500 -0.068462 0.205816 0.976193 -1.227300 0.000000 0.000000 0.000000 1.000000
0.987770 -0.126029 0.091802 0.000000 0.142939 0.967136 -0.210277 9.923500 -0.062284 0.220827 0.973322 -1.227300 0.000000 0.000000 0.000000 1.000000
0.991182 -0.103137 0.083192 0.000000 0.119774 0.965895 -0.229567 9.923500 -0.056678 0.237507 0.969731 -1.227300 0.000000 0.000000 0.000000 1.000000
0.994098 -0.079057 0.074296 0.000000 0.095278 0.963708 -0.249377 9.923500 -0.051885 0.254983 0.965552 -1.227300 0.000000 0.000000 0.000000 1.000000
0.996301 -0.054269 0.066628 0.000000 0.070270 0.960802 -0.268182 9.923500 -0.049462 0.271872 0.961061 -1.227300 0.000000 0.000000 0.000000 1.000000
0.997842 -0.029560 0.058633 0.000000 0.045131 0.957341 -0.285415 9.923500 -0.047695 0.287446 0.956609 -1.227300 0.000000 0.000000 0.000000 1.000000
0.998717 -0.008219 0.049967 0.000000 0.022946 0.953079 -0.301852 9.923500 -0.045142 0.302611 0.952044 -1.227300 0.000000 0.000000 0.000000 1.000000
0.999057 0.009805 0.042293 0.000000 0.004294 0.947065 -0.321013 9.923500 -0.043201 0.320892 0.946130 -1.227300 0.000000 0.000000 0.000000 1.000000
0.999057 0.024830 0.035621 0.000000 -0.011091 0.939072 -0.343543 9.923500 -0.041981 0.342824 0.938461 -1.227300 0.000000 0.000000 0.000000 1.000000
0.998926 0.034644 0.030776 -0.000000 -0.021063 0.931012 -0.364380 9.923500 -0.041276 0.363341 0.930742 -1.227300 0.000000 0.000000 0.000000 1.000000
0.998730 0.042851 0.026493 0.000000 -0.029520 0.923896 -0.381503 9.923500 -0.040825 0.380237 0.923988 -1.227300 0.000000 0.000000 0.000000 1.000000
0.998408 0.051714 0.022517 0.000000 -0.038605 0.917589 -0.395653 9.923500 -0.041122 0.394153 0.918124 -1.227300 0.000000 0.000000 0.000000 1.000000
0.998055 0.058575 0.021321 0.000000 -0.044897 0.912768 -0.406002 9.923500 -0.043243 0.404256 0.913623 -1.227300 0.000000 0.000000 0.000000 1.000000
0.997772 0.062848 0.022399 -0.000000 -0.048079 0.910044 -0.411713 9.923500 -0.046260 0.409719 0.911038 -1.227300 0.000000 0.000000 0.000000 1.000000
0.997639 0.064270 0.024197 0.000000 -0.048610 0.909765 -0.412267 9.923500 -0.048510 0.410118 0.910742 -1.227300 0.000000 0.000000 0.000000 1.000000
0.997605 0.063152 0.028201 0.000000 -0.046158 0.911585 -0.408513 9.923500 -0.051506 0.406233 0.912317 -1.227300 0.000000 0.000000 0.000000 1.000000
0.997657 0.059543 0.033694 0.000000 -0.041173 0.915858 -0.399386 9.923500 -0.054640 0.397063 0.916163 -1.227300 0.000000 0.000000 0.000000 1.000000
0.997791 0.055275 0.036858 -0.000000 -0.036837 0.921992 -0.385453 9.923500 -0.055289 0.383243 0.921991 -1.227300 0.000000 0.000000 0.000000 1.000000
0.997950 0.050328 0.039524 0.000000 -0.032189 0.928601 -0.369682 9.923500 -0.055307 0.367652 0.928317 -1.227300 0.000000 0.000000 0.000000 1.000000
0.998261 0.040749 0.042595 0.000000 -0.023094 0.935181 -0.353416 9.923500 -0.054236 0.351818 0.934496 -1.227300 0.000000 0.000000 0.000000 1.000000
0.998611 0.030399 0.043045 0.000000 -0.013948 0.940184 -0.340381 9.923500 -0.050817 0.339307 0.939302 -1.227300 0.000000 0.000000 0.000000 1.000000
0.998900 0.021904 0.041457 -0.000000 -0.006768 0.942271 -0.334782 9.923500 -0.046397 0.334133 0.941383 -1.227300 0.000000 0.000000 0.000000 1.000000
0.999113 0.015903 0.038995 0.000000 -0.001789 0.941154 -0.337972 9.923500 -0.042075 0.337602 0.940348 -1.227300 0.000000 0.000000 0.000000 1.000000
0.999252 0.014243 0.035959 0.000000 -0.000803 0.937164 -0.348888 9.923500 -0.038669 0.348598 0.936474 -1.227300 0.000000 0.000000 0.000000 1.000000
0.999353 0.013872 0.033183 0.000000 -0.000913 0.932114 -0.362163 9.923500 -0.035955 0.361898 0.931524 -1.227300 0.000000 0.000000 0.000000 1.000000
0.999442 0.012469 0.030979 0.000000 0.000029 0.927353 -0.374189 9.923500 -0.033394 0.373981 0.926835 -1.227300 0.000000 0.000000 0.000000 1.000000
0.999513 0.010259 0.029470 0.000000 0.001852 0.923254 -0.384185 9.923500 -0.031150 0.384052 0.922786 -1.227300 0.000000 0.000000 0.000000 1.000000
0.999574 0.008312 0.027966 -0.000000 0.003261 0.920731 -0.390185 9.923500 -0.028992 0.390110 0.920312 -1.227300 0.000000 0.000000 0.000000 1.000000
0.999631 0.008782 0.025705 -0.000000 0.001983 0.920185 -0.391478 9.923500 -0.027091 0.391385 0.919828 -1.227300 0.000000 0.000000 0.000000 1.000000
0.999652 0.011779 0.023600 0.000000 -0.001679 0.921346 -0.388741 9.923500 -0.026323 0.388566 0.921045 -1.227300 0.000000 0.000000 0.000000 1.000000
0.999634 0.015261 0.022319 0.000000 -0.005574 0.924068 -0.382187 9.923500 -0.026456 0.381923 0.923815 -1.227300 0.000000 0.000000 0.000000 1.000000
0.999596 0.017840 0.022107 -0.000000 -0.008345 0.928290 -0.371764 9.923500 -0.027154 0.371430 0.928064 -1.227300 0.000000 0.000000 0.000000 1.000000
0.999544 0.020236 0.022393 0.000000 -0.010848 0.933227 -0.359124 9.923500 -0.028165 0.358718 0.933021 -1.227300 0.000000 0.000000 0.000000 1.000000
0.999472 0.022319 0.023611 0.000000 -0.012754 0.937888 -0.346705 9.923500 -0.029882 0.346221 0.937677 -1.227300 0.000000 0.000000 0.000000 1.000000
0.999371 0.023810 0.026300 0.000000 -0.013592 0.941738 -0.336073 9.923500 -0.032769 0.335504 0.941469 -1.227300 0.000000 0.000000 0.000000 1.000000
0.999238 0.025769 0.029301 0.000000 -0.014753 0.944667 -0.327698 9.923500 -0.036124 0.327016 0.944328 -1.227300 0.000000 0.000000 0.000000 1.000000
0.999119 0.028195 0.031084 -0.000000 -0.016685 0.946509 -0.322246 9.923500 -0.038507 0.321443 0.946146 -1.227300 0.000000 0.000000 0.000000 1.000000
0.999044 0.029736 0.032053 0.000000 -0.017916 0.947155 -0.320276 9.923500 -0.039882 0.319396 0.946782 -1.227300 0.000000 0.000000 0.000000 1.000000
0.998988 0.030070 0.033459 0.000000 -0.017696 0.946487 -0.322257 9.923500 -0.041359 0.321338 0.946061 -1.227300 0.000000 0.000000 0.000000 1.000000
0.998885 0.031079 0.035531 0.000000 -0.017718 0.944495 -0.328048 9.923500 -0.043754 0.327053 0.943993 -1.227300 0.000000 0.000000 0.000000 1.000000
0.998706 0.033717 0.038073 0.000000 -0.019010 0.941865 -0.335453 9.923500 -0.047170 0.334295 0.941287 -1.227300 0.000000 0.000000 0.000000 1.000000
0.998557 0.036083 0.039775 0.000000 -0.020300 0.939306 -0.342479 9.923500 -0.049718 0.341178 0.938683 -1.227300 0.000000 0.000000 0.000000 1.000000
0.998481 0.037705 0.040175 0.000000 -0.021362 0.937052 -0.348536 9.923500 -0.050787 0.347148 0.936434 -1.227300 0.000000 0.000000 0.000000 1.000000
0.998408 0.039776 0.039992 0.000000 -0.023116 0.935291 -0.353125 9.923500 -0.051450 0.351638 0.934721 -1.227300 0.000000 0.000000 0.000000 1.000000
0.998384 0.041526 0.038804 0.000000 -0.025066 0.934492 -0.355100 9.923500 -0.051008 0.353553 0.934023 -1.227300 0.000000 0.000000 0.000000 1.000000
0.998440 0.041594 0.037245 0.000000 -0.025774 0.935122 -0.353386 9.923500 -0.049528 0.351875 0.934736 -1.227300 0.000000 0.000000 0.000000 1.000000
0.998523 0.039704 0.037099 -0.000000 -0.024337 0.937192 -0.347964 9.923500 -0.048585 0.346547 0.936773 -1.227300 0.000000 0.000000 0.000000 1.000000
0.998580 0.036661 0.038665 0.000000 -0.021329 0.940026 -0.340435 9.923500 -0.048827 0.339126 0.939473 -1.227300 0.000000 0.000000 0.000000 1.000000
0.998636 0.032665 0.040724 0.000000 -0.017273 0.942870 -0.332712 9.923500 -0.049266 0.331555 0.942149 -1.227300 0.000000 0.000000 0.000000 1.000000
0.998721 0.028469 0.041777 -0.000000 -0.013346 0.945522 -0.325283 9.923500 -0.048762 0.324310 0.944693 -1.227300 0.000000 0.000000 0.000000 1.000000
0.998844 0.026385 0.040187 0.000000 -0.012203 0.947710 -0.318898 9.923500 -0.046500 0.318039 0.946937 -1.227300 0.000000 0.000000 0.000000 1.000000
0.998990 0.025030 0.037326 -0.000000 -0.012017 0.949081 -0.314802 9.923500 -0.043305 0.314035 0.948423 -1.227300 0.000000 0.000000 0.000000 1.000000
0.999121 0.021319 0.036087 -0.000000 -0.008960 0.949713 -0.312993 9.923500 -0.040945 0.312395 0.949069 -1.227300 0.000000 0.000000 0.000000 1.000000
0.999225 0.016685 0.035637 0.000000 -0.004656 0.949419 -0.313977 9.923500 -0.039074 0.313567 0.948762 -1.227300 0.000000 0.000000 0.000000 1.000000
0.999311 0.013806 0.034449 -0.000000 -0.002120 0.947948 -0.318419 9.923500 -0.037052 0.318126 0.947324 -1.227300 0.000000 0.000000 0.000000 1.000000
0.999396 0.011593 0.032772 0.000000 -0.000277 0.945380 -0.325969 9.923500 -0.034761 0.325763 0.944812 -1.227300 0.000000 0.000000 0.000000 1.000000
0.999445 0.008810 0.032141 0.000000 0.002526 0.941623 -0.336661 9.923500 -0.033231 0.336555 0.941077 -1.227300 0.000000 0.000000 0.000000 1.000000
0.999395 0.006528 0.034172 0.000000 0.005763 0.937598 -0.347673 9.923500 -0.034309 0.347659 0.936993 -1.227300 0.000000 0.000000 0.000000 1.000000
0.999305 0.005407 0.036894 0.000000 0.008039 0.934925 -0.354755 9.923500 -0.036412 0.354805 0.934231 -1.227300 0.000000 0.000000 0.000000 1.000000
0.999230 0.005137 0.038893 0.000000 0.009156 0.933469 -0.358542 9.923500 -0.038147 0.358622 0.932703 -1.227300 0.000000 0.000000 0.000000 1.000000</float_array><technique_common><accessor source="#mixamorig_Spine-Matrix-animation-output-transform-array" count="104" stride="16"><param type="float4x4"/></accessor></technique_common></source><source id="mixamorig_Spine-Interpolations"><Name_array id="mixamorig_Spine-Interpolations-array" count="104">
 LINEAR LINEAR LINEAR LINEAR LINEAR LINEAR LINEAR LINEAR LINEAR LINEAR LINEAR
LINEAR LINEAR LINEAR LINEAR LINEAR LINEAR LINEAR LINEAR LINEAR LINEAR LINEAR LINEAR
LINEAR LINEAR LINEAR LINEAR LINEAR LINEAR LINEAR LINEAR LINEAR LINEAR LINEAR LINEAR
LINEAR LINEAR LINEAR LINEAR LINEAR LINEAR LINEAR LINEAR LINEAR LINEAR LINEAR LINEAR
LINEAR LINEAR LINEAR LINEAR LINEAR LINEAR LINEAR LINEAR LINEAR LINEAR LINEAR LINEAR
LINEAR LINEAR LINEAR LINEAR LINEAR LINEAR LINEAR LINEAR LINEAR LINEAR LINEAR LINEAR
LINEAR LINEAR LINEAR LINEAR LINEAR LINEAR LINEAR LINEAR LINEAR LINEAR LINEAR LINEAR
LINEAR LINEAR LINEAR LINEAR LINEAR LINEAR LINEAR LINEAR LINEAR LINEAR LINEAR LINEAR
LINEAR LINEAR LINEAR LINEAR LINEAR LINEAR LINEAR LINEAR LINEAR</Name_array><technique_common><accessor source="#mixamorig_Spine-Interpolations-array" count="104"><param type="name"/></accessor></technique_common></source><sampler id="mixamorig_Spine-Matrix-animation-transform"><input semantic="INPUT" source="#mixamorig_Spine-Matrix-animation-input"/><input semantic="OUTPUT" source="#mixamorig_Spine-Matrix-animation-output-transform"/><input semantic="INTERPOLATION" source="#mixamorig_Spine-Interpolations"/></sampler><channel source="#mixamorig_Spine-Matrix-animation-transform" target="mixamorig_Spine/matrix"/></animation>
    <animation id="mixamorig_Spine1-anim" name="mixamorig_Spine1"><source id="mixamorig_Spine1-Matrix-animation-input"><float_array id="mixamorig_Spine1-Matrix-animation-input-array" count="104">

0.000000 0.033333 0.066667 0.100000 0.133333 0.166667 0.200000 0.233333 0.266667 0.300000 0.333333 0.366667 0.400000 0.433333 0.466667 0.500000
0.533333 0.566667 0.600000 0.633333 0.666667 0.700000 0.733333 0.766667 0.800000 0.833333 0.866667 0.900000 0.933333 0.966667 1.000000 1.033333
1.066667 1.100000 1.133333 1.166667 1.200000 1.233333 1.266667 1.300000 1.333333 1.366667 1.400000 1.433333 1.466667 1.500000 1.533333 1.566667
1.600000 1.633333 1.666667 1.700000 1.733333 1.766667 1.800000 1.833333 1.866667 1.900000 1.933333 1.966667 2.000000 2.033333 2.066667 2.100000
2.133333 2.166667 2.200000 2.233333 2.266667 2.300000 2.333333 2.366667 2.400000 2.433333 2.466667 2.500000 2.533333 2.566667 2.600000 2.633333
2.666667 2.700000 2.733333 2.766667 2.800000 2.833333 2.866667 2.900000 2.933333 2.966667 3.000000 3.033333 3.066667 3.100000 3.133333 3.166667
3.200000 3.233333 3.266667 3.300000 3.333333 3.366667 3.400000 3.433333</float_array><technique_common><accessor source="#mixamorig_Spine1-Matrix-animation-input-array" count="104"><param name="TIME" type="float"/></accessor></technique_common></source><source id="mixamorig_Spine1-Matrix-animation-output-transform"><float_array id="mixamorig_Spine1-Matrix-animation-output-transform-array" count="1664">

0.999912 0.003854 0.012681 -0.000100 -0.002769 0.996421 -0.084479 11.645400 -0.012961 0.084436 0.996345 -1.422300 0.000000 0.000000 0.000000 1.000000
0.999911 0.003989 0.012692 -0.000100 -0.002897 0.996384 -0.084911 11.645400 -0.012985 0.084867 0.996308 -1.422300 0.000000 0.000000 0.000000 1.000000
0.999914 0.004294 0.012408 -0.000100 -0.003230 0.996418 -0.084499 11.645400 -0.012726 0.084451 0.996346 -1.422300 0.000000 0.000000 0.000000 1.000000
0.999914 0.004804 0.012174 -0.000100 -0.003777 0.996536 -0.083080 11.645400 -0.012531 0.083027 0.996469 -1.422300 0.000000 0.000000 0.000000 1.000000
0.999913 0.005399 0.012070 -0.000100 -0.004403 0.996698 -0.081077 11.645400 -0.012468 0.081017 0.996635 -1.422300 0.000000 0.000000 0.000000 1.000000
0.999914 0.005731 0.011775 -0.000100 -0.004783 0.996862 -0.079010 11.645400 -0.012190 0.078947 0.996804 -1.422300 0.000000 0.000000 0.000000 1.000000
0.999916 0.005738 0.011614 -0.000100 -0.004823 0.996994 -0.077330 11.645400 -0.012023 0.077268 0.996938 -1.422300 0.000000 0.000000 0.000000 1.000000
