<?xml version="1.0" encoding="utf-8"?>
<COLLADA xmlns="http://www.collada.org/2005/11/COLLADASchema" version="1.4.1">
  <asset><contributor><author>Mixamo</author><authoring_tool>COLLADA Mixamo exporter</authoring_tool><comments></comments></contributor><created>2018-10-29T11:55:01Z</created><modified>2018-10-29T11:55:01Z</modified><revision></revision><title></title><unit meter="0.010000"/><up_axis>Y_UP</up_axis></asset>
  <library_animations>
    <animation id="mixamorig_Hips-anim" name="mixamorig_Hips"><source id="mixamorig_Hips-Matrix-animation-input"><float_array id="mixamorig_Hips-Matrix-animation-input-array" count="27">

0.000000 0.033333 0.066667 0.100000 0.133333 0.166667 0.200000 0.233333 0.266667 0.300000 0.333333 0.366667 0.400000 0.433333 0.466667 0.500000
0.533333 0.566667 0.600000 0.633333 0.666667 0.700000 0.733333 0.766667 0.800000 0.833333 0.866667</float_array><technique_common><accessor source="#mixamorig_Hips-Matrix-animation-input-array" count="27"><param name="TIME" type="float"/></accessor></technique_common></source><source id="mixamorig_Hips-Matrix-animation-output-transform"><float_array id="mixamorig_Hips-Matrix-animation-output-transform-array" count="432">

0.801151 0.027079 -0.597849 1.584016 -0.041365 0.999092 -0.010179 93.911575 0.597031 0.032885 0.801544 0.506504 0.000000 0.000000 0.000000 1.000000
0.826789 0.035566 -0.561387 0.457430 -0.029149 0.999367 0.020385 93.427658 0.561757 -0.000490 0.827302 2.965827 0.000000 0.000000 0.000000 1.000000
0.856954 0.049175 -0.513042 -0.478480 -0.024930 0.998228 0.054037 92.834373 0.514790 -0.033517 0.856661 5.513706 0.000000 0.000000 0.000000 1.000000
0.883733 0.059722 -0.464166 -1.167649 -0.025923 0.996548 0.078866 92.276833 0.467273 -0.057664 0.882230 8.321472 0.000000 0.000000 0.000000 1.000000
0.894232 0.053506 -0.444393 -1.704024 -0.016552 0.996103 0.086626 92.185127 0.447297 -0.070108 0.891634 11.071100 0.000000 0.000000 0.000000 1.000000
0.891583 0.042881 -0.450823 -2.074979 -0.003895 0.996196 0.087051 92.514427 0.452841 -0.075857 0.888358 13.812271 0.000000 0.000000 0.000000 1.000000
0.889145 0.032519 -0.456469 -2.437782 0.006205 0.996524 0.083080 92.921585 0.457584 -0.076702 0.885852 16.568768 0.000000 0.000000 0.000000 1.000000
0.893887 0.015579 -0.448022 -2.595694 0.019828 0.997044 0.074231 93.357986 0.447854 -0.075238 0.890936 19.453938 0.000000 0.000000 0.000000 1.000000
0.901669 -0.000500 -0.432426 -2.566651 0.031717 0.997382 0.064980 93.388916 0.431262 -0.072305 0.899325 22.511856 0.000000 0.000000 0.000000 1.000000
0.906174 -0.010459 -0.422777 -2.424307 0.038084 0.997651 0.056948 92.609222 0.421188 -0.067705 0.904443 25.800364 0.000000 0.000000 0.000000 1.000000
0.902792 -0.010676 -0.429945 -2.092405 0.034921 0.998211 0.048540 90.920227 0.428658 -0.058836 0.901549 29.774910 0.000000 0.000000 0.000000 1.000000
0.892023 -0.002193 -0.451986 -1.695434 0.022082 0.999006 0.038734 89.386375 0.451451 -0.044532 0.891184 33.717522 0.000000 0.000000 0.000000 1.000000
0.881056 0.008970 -0.472927 -1.198075 0.009070 0.999316 0.035852 88.275024 0.472925 -0.035877 0.880372 37.289803 0.000000 0.000000 0.000000 1.000000
0.873234 0.017162 -0.486998 -0.625880 0.004617 0.999043 0.043486 87.508492 0.487278 -0.040222 0.872320 40.939472 0.000000 0.000000 0.000000 1.000000
0.864598 0.020253 -0.502056 0.039809 0.005557 0.998741 0.049859 87.351669 0.502434 -0.045898 0.863397 44.678963 0.000000 0.000000 0.000000 1.000000
0.856407 0.016295 -0.516044 1.038742 0.014079 0.998393 0.054891 87.148834 0.516109 -0.054275 0.854802 48.602421 0.000000 0.000000 0.000000 1.000000
0.842937 0.005330 -0.537986 2.151650 0.030727 0.997842 0.058030 87.549911 0.537134 -0.065446 0.840954 52.355804 0.000000 0.000000 0.000000 1.000000
0.816032 -0.007536 -0.577958 3.356369 0.039989 0.998255 0.043446 88.775703 0.576622 -0.058565 0.814909 56.066086 0.000000 0.000000 0.000000 1.000000
0.788965 -0.018322 -0.614164 4.526882 0.041136 0.998888 0.023044 90.252472 0.613059 -0.043445 0.788842 59.264484 0.000000 0.000000 0.000000 1.000000
0.778974 -0.015730 -0.626858 5.409044 0.030631 0.999446 0.012985 91.622879 0.626307 -0.029316 0.779025 61.812515 0.000000 0.000000 0.000000 1.000000
0.778766 -0.007299 -0.627272 5.822609 0.013030 0.999905 0.004541 92.711014 0.627179 -0.011710 0.778787 63.957565 0.000000 0.000000 0.000000 1.000000
0.776334 -0.002603 -0.630316 5.783388 -0.003803 0.999954 -0.008813 93.614044 0.630310 0.009239 0.776288 65.995087 0.000000 0.000000 0.000000 1.000000
0.773446 0.002398 -0.633857 5.458604 -0.021311 0.999526 -0.022223 94.427429 0.633503 0.030697 0.773131 68.085083 0.000000 0.000000 0.000000 1.000000
0.773453 0.007300 -0.633811 4.808827 -0.035298 0.998878 -0.031571 94.921516 0.632869 0.046791 0.772843 70.259132 0.000000 0.000000 0.000000 1.000000
0.776601 0.013262 -0.629853 3.831907 -0.045634 0.998336 -0.035245 94.852654 0.628337 0.056114 0.775915 72.549736 0.000000 0.000000 0.000000 1.000000
0.784851 0.021376 -0.619315 2.746310 -0.049732 0.998354 -0.028566 94.447998 0.617685 0.053220 0.784622 75.038307 0.000000 0.000000 0.000000 1.000000
0.801151 0.027079 -0.597849 1.584015 -0.041365 0.999092 -0.010179 93.911560 0.597031 0.032885 0.801544 77.701836 0.000000 0.000000 0.000000 1.000000</float_array><technique_common><accessor source="#mixamorig_Hips-Matrix-animation-output-transform-array" count="27" stride="16"><param type="float4x4"/></accessor></technique_common></source><source id="mixamorig_Hips-Interpolations"><Name_array id="mixamorig_Hips-Interpolations-array" count="27">
 LINEAR LINEAR LINEAR LINEAR LINEAR LINEAR LINEAR LINEAR LINEAR LINEAR LINEAR
LINEAR LINEAR LINEAR LINEAR LINEAR LINEAR LINEAR LINEAR LINEAR LINEAR LINEAR LINEAR
LINEAR LINEAR LINEAR LINEAR</Name_array><technique_common><accessor source="#mixamorig_Hips-Interpolations-array" count="27"><param type="name"/></accessor></technique_common></source><sampler id="mixamorig_Hips-Matrix-animation-transform"><input semantic="INPUT" source="#mixamorig_Hips-Matrix-animation-input"/><input semantic="OUTPUT" source="#mixamorig_Hips-Matrix-animation-output-transform"/><input semantic="INTERPOLATION" source="#mixamorig_Hips-Interpolations"/></sampler><channel source="#mixamorig_Hips-Matrix-animation-transform" target="mixamorig_Hips/matrix"/></animation>
    <animation id="mixamorig_Spine-anim" name="mixamorig_Spine"><source id="mixamorig_Spine-Matrix-animation-input"><float_array id="mixamorig_Spine-Matrix-animation-input-array" count="27">

0.000000 0.033333 0.066667 0.100000 0.133333 0.166667 0.200000 0.233333 0.266667 0.300000 0.333333 0.366667 0.400000 0.433333 0.466667 0.500000
0.533333 0.566667 0.600000 0.633333 0.666667 0.700000 0.733333 0.766667 0.800000 0.833333 0.866667</float_array><technique_common><accessor source="#mixamorig_Spine-Matrix-animation-input-array" count="27"><param name="TIME" type="float"/></accessor></technique_common></source><source id="mixamorig_Spine-Matrix-animation-output-transform"><float_array id="mixamorig_Spine-Matrix-animation-output-transform-array" count="432">

0.978473 0.005291 0.206306 -0.000000 0.019925 0.992579 -0.119955 9.923500 -0.205410 0.121484 0.971107 -1.227300 0.000000 0.000000 0.000000 1.000000
0.979052 -0.003339 0.203585 -0.000000 0.028766 0.992105 -0.122069 9.923500 -0.201570 0.125368 0.971418 -1.227300 0.000000 0.000000 0.000000 1.000000
0.979126 -0.017014 0.202543 0.000000 0.042558 0.991563 -0.122439 9.923500 -0.198751 0.128503 0.971589 -1.227300 0.000000 0.000000 0.000000 1.000000
0.978128 -0.032265 0.205488 0.000000 0.057671 0.991233 -0.118877 9.923500 -0.199851 0.128128 0.971413 -1.227300 0.000000 0.000000 0.000000 1.000000
0.976007 -0.043636 0.213324 0.000000 0.068785 0.991333 -0.111927 9.923500 -0.206591 0.123915 0.970549 -1.227300 0.000000 0.000000 0.000000 1.000000
0.973252 -0.043962 0.225494 -0.000000 0.068955 0.992165 -0.104185 9.923500 -0.219147 0.116948 0.968658 -1.227300 0.000000 0.000000 0.000000 1.000000
0.970839 -0.037599 0.236765 0.000000 0.062166 0.993325 -0.097166 9.923500 -0.231531 0.109051 0.966696 -1.227300 0.000000 0.000000 0.000000 1.000000
0.969337 -0.029819 0.243918 -0.000000 0.053170 0.994547 -0.089714 9.923500 -0.239913 0.099932 0.965637 -1.227300 0.000000 0.000000 0.000000 1.000000
0.968683 -0.025075 0.247030 0.000000 0.045930 0.995814 -0.079026 9.923500 -0.244014 0.087898 0.965780 -1.227300 0.000000 0.000000 0.000000 1.000000
0.968098 -0.025889 0.249232 0.000000 0.042982 0.997063 -0.063384 9.923500 -0.246859 0.072075 0.966367 -1.227300 0.000000 0.000000 0.000000 1.000000
0.966903 -0.033667 0.252914 0.000000 0.046551 0.997896 -0.045131 9.923500 -0.250862 0.055411 0.966436 -1.227300 0.000000 0.000000 0.000000 1.000000
0.965208 -0.042064 0.258076 0.000000 0.052035 0.998135 -0.031925 9.923500 -0.256252 0.044244 0.965597 -1.227300 0.000000 0.000000 0.000000 1.000000
0.963853 -0.043665 0.262833 0.000000 0.053538 0.998099 -0.030517 9.923500 -0.261000 0.043485 0.964359 -1.227300 0.000000 0.000000 0.000000 1.000000
0.963406 -0.036138 0.265600 -0.000000 0.048808 0.997956 -0.041259 9.923500 -0.263566 0.052712 0.963200 -1.227300 0.000000 0.000000 0.000000 1.000000
0.963763 -0.021370 0.265901 0.000000 0.038321 0.997539 -0.058722 9.923500 -0.263991 0.066783 0.962210 -1.227300 0.000000 0.000000 0.000000 1.000000
0.964097 -0.002747 0.265537 0.000000 0.023659 0.996858 -0.075588 9.923500 -0.264496 0.079157 0.961133 -1.227300 0.000000 0.000000 0.000000 1.000000
0.964043 0.013069 0.265425 0.000000 0.010421 0.996163 -0.086899 9.923500 -0.265542 0.086541 0.960207 -1.227300 0.000000 0.000000 0.000000 1.000000
0.964135 0.022534 0.264454 0.000000 0.002431 0.995598 -0.093694 9.923500 -0.265401 0.090977 0.959836 -1.227300 0.000000 0.000000 0.000000 1.000000
0.965258 0.026572 0.259946 -0.000000 -0.000217 0.994897 -0.100894 9.923500 -0.261300 0.097332 0.960338 -1.227300 0.000000 0.000000 0.000000 1.000000
0.967669 0.025274 0.250956 -0.000000 0.002728 0.993860 -0.110614 9.923500 -0.252210 0.107722 0.961658 -1.227300 0.000000 0.000000 0.000000 1.000000
0.970501 0.022298 0.240065 0.000000 0.007256 0.992562 -0.121527 9.923500 -0.240989 0.119684 0.963120 -1.227300 0.000000 0.000000 0.000000 1.000000
0.972936 0.020412 0.230173 0.000000 0.009950 0.991466 -0.129985 9.923500 -0.230862 0.128757 0.964430 -1.227300 0.000000 0.000000 0.000000 1.000000
0.974828 0.018000 0.222229 0.000000 0.011932 0.991096 -0.132615 9.923500 -0.222638 0.131929 0.965933 -1.227300 0.000000 0.000000 0.000000 1.000000
0.976242 0.015173 0.216150 0.000000 0.013254 0.991496 -0.129460 9.923500 -0.216276 0.129249 0.967739 -1.227300 0.000000 0.000000 0.000000 1.000000
0.977219 0.012584 0.211858 0.000000 0.014057 0.992211 -0.123774 9.923500 -0.211765 0.123933 0.969431 -1.227300 0.000000 0.000000 0.000000 1.000000
0.977879 0.010027 0.208933 0.000000 0.015451 0.992659 -0.119959 9.923500 -0.208602 0.120534 0.970545 -1.227300 0.000000 0.000000 0.000000 1.000000
0.978473 0.005291 0.206307 0.000000 0.019924 0.992579 -0.119955 9.923500 -0.205410 0.121484 0.971107 -1.227300 0.000000 0.000000 0.000000 1.000000</float_array><technique_common><accessor source="#mixamorig_Spine-Matrix-animation-output-transform-array" count="27" stride="16"><param type="float4x4"/></accessor></technique_common></source><source id="mixamorig_Spine-Interpolations"><Name_array id="mixamorig_Spine-Interpolations-array" count="27">
 LINEAR LINEAR LINEAR LINEAR LINEAR LINEAR LINEAR LINEAR LINEAR LINEAR LINEAR
LINEAR LINEAR LINEAR LINEAR LINEAR LINEAR LINEAR LINEAR LINEAR LINEAR LINEAR LINEAR
LINEAR LINEAR LINEAR LINEAR</Name_array><technique_common><accessor source="#mixamorig_Spine-Interpolations-array" count="27"><param type="name"/></accessor></technique_common></source><sampler id="mixamorig_Spine-Matrix-animation-transform"><input semantic="INPUT" source="#mixamorig_Spine-Matrix-animation-input"/><input semantic="OUTPUT" source="#mixamorig_Spine-Matrix-animation-output-transform"/><input semantic="INTERPOLATION" source="#mixamorig_Spine-Interpolations"/></sampler><channel source="#mixamorig_Spine-Matrix-animation-transform" target="mixamorig_Spine/matrix"/></animation>
    <animation id="mixamorig_Spine1-anim" name="mixamorig_Spine1"><source id="mixamorig_Spine1-Matrix-animation-input"><float_array id="mixamorig_Spine1-Matrix-animation-input-array" count="27">

0.000000 0.033333 0.066667 0.100000 0.133333 0.166667 0.200000 0.233333 0.266667 0.300000 0.333333 0.366667 0.400000 0.433333 0.466667 0.500000
0.533333 0.566667 0.600000 0.633333 0.666667 0.700000 0.733333 0.766667 0.800000 0.833333 0.866667</float_array><technique_common><accessor source="#mixamorig_Spine1-Matrix-animation-input-array" count="27"><param name="TIME" type="float"/></accessor></technique_common></source><source id="mixamorig_Spine1-Matrix-animation-output-transform"><float_array id="mixamorig_Spine1-Matrix-animation-output-transform-array" count="432">

0.999831 -0.017035 -0.006982 -0.000100 0.016154 0.993678 -0.111101 11.645400 0.008831 0.110970 0.993785 -1.422300 0.000000 0.000000 0.000000 1.000000
0.999727 -0.021233 -0.009751 -0.000100 0.019988 0.993322 -0.113626 11.645400 0.012099 0.113400 0.993476 -1.422300 0.000000 0.000000 0.000000 1.000000
0.999546 -0.028117 -0.010804 -0.000100 0.026684 0.992962 -0.115391 11.645400 0.013972 0.115050 0.993261 -1.422300 0.000000 0.000000 0.000000 1.000000
0.999339 -0.035535 -0.007711 -0.000100 0.034421 0.992830 -0.114471 11.645400 0.011723 0.114130 0.993397 -1.422300 0.000000 0.000000 0.000000 1.000000
0.999155 -0.041089 0.000389 -0.000100 0.040880 0.993031 -0.110540 11.645400 0.004156 0.110463 0.993872 -1.422300 0.000000 0.000000 0.000000 1.000000
0.998990 -0.043017 0.012998 -0.000100 0.044142 0.993555 -0.104400 11.645400 -0.008424 0.104869 0.994450 -1.422300 0.000000 0.000000 0.000000 1.000000
0.998810 -0.042083 0.024661 -0.000100 0.044312 0.994179 -0.098207 11.645400 -0.020385 0.099183 0.994860 -1.422300 0.000000 0.000000 0.000000 1.000000
0.998671 -0.040156 0.032321 -0.000100 0.042989 0.994800 -0.092333 11.645400 -0.028445 0.093600 0.995203 -1.422300 0.000000 0.000000 0.000000 1.000000
0.998553 -0.039417 0.036587 -0.000100 0.042427 0.995432 -0.085532 11.645400 -0.033048 0.086961 0.995663 -1.422300 0.000000 0.000000 0.000000 1.000000
0.998329 -0.041227 0.040489 -0.000100 0.044230 0.996103 -0.076308 11.645400 -0.037186 0.077971 0.996262 -1.422300 0.000000 0.000000 0.000000 1.000000
0.997907 -0.045376 0.046066 -0.000100 0.048343 0.996683 -0.065474 11.645400 -0.042942 0.067564 0.996790 -1.422300 0.000000 0.000000 0.000000 1.000000
0.997378 -0.049781 0.052520 -0.000100 0.052746 0.996999 -0.056673 11.645400 -0.049541 0.059295 0.997010 -1.422300 0.000000 0.000000 0.000000 1.000000
0.997034 -0.051296 0.057367 -0.000100 0.054389 0.997073 -0.053730 11.645400 -0.054443 0.056691 0.996906 -1.422300 0.000000 0.000000 0.000000 1.000000
0.997141 -0.047433 0.058827 -0.000100 0.050827 0.997045 -0.057600 11.645400 -0.055921 0.060426 0.996605 -1.422300 0.000000 0.000000 0.000000 1.000000
0.997626 -0.037962 0.057461 -0.000100 0.041735 0.996949 -0.065960 11.645400 -0.054782 0.068202 0.996166 -1.422300 0.000000 0.000000 0.000000 1.000000
0.998117 -0.025546 0.055769 -0.000100 0.029695 0.996751 -0.074875 11.645400 -0.053675 0.076390 0.995632 -1.422300 0.000000 0.000000 0.000000 1.000000
0.998370 -0.014330 0.055237 -0.000100 0.018821 0.996483 -0.081653 11.645400 -0.053872 0.082559 0.995129 -1.422300 0.000000 0.000000 0.000000 1.000000
0.998505 -0.007157 0.054191 -0.000100 0.011840 0.996174 -0.086585 11.645400 -0.053364 0.087097 0.994769 -1.422300 0.000000 0.000000 0.000000 1.000000
0.998769 -0.004483 0.049394 -0.000100 0.009023 0.995710 -0.092085 11.645400 -0.048769 0.092417 0.994525 -1.422300 0.000000 0.000000 0.000000 1.000000
0.999180 -0.004934 0.040188 -0.000100 0.008916 0.994996 -0.099515 11.645400 -0.039495 0.099792 0.994224 -1.422300 0.000000 0.000000 0.000000 1.000000
0.999554 -0.006687 0.029101 -0.000100 0.009785 0.994138 -0.107675 11.645400 -0.028210 0.107911 0.993760 -1.422300 0.000000 0.000000 0.000000 1.000000
0.999781 -0.008686 0.019018 -0.000100 0.010798 0.993430 -0.113930 11.645400 -0.017903 0.114111 0.993307 -1.422300 0.000000 0.000000 0.000000 1.000000
0.999881 -0.010970 0.010805 -0.000100 0.012153 0.993130 -0.116385 11.645400 -0.009454 0.116503 0.993145 -1.422300 0.000000 0.000000 0.000000 1.000000
0.999902 -0.013323 0.004267 -0.000100 0.013726 0.993260 -0.115093 11.645400 -0.002705 0.115140 0.993346 -1.422300 0.000000 0.000000 0.000000 1.000000
0.999889 -0.014854 -0.000598 -0.000100 0.014693 0.993589 -0.112096 11.645400 0.002259 0.112075 0.993697 -1.422300 0.000000 0.000000 0.000000 1.000000
0.999871 -0.015540 -0.004046 -0.000100 0.014999 0.993789 -0.110265 11.645400 0.005734 0.110190 0.993894 -1.422300 0.000000 0.000000 0.000000 1.000000
0.999831 -0.017035 -0.006982 -0.000100 0.016154 0.993678 -0.111101 11.645400 0.008831 0.110970 0.993785 -1.422300 0.000000 0.000000 0.000000 1.000000</float_array><technique_common><accessor source="#mixamorig_Spine1-Matrix-animation-output-transform-array" count="27" stride="16"><param type="float4x4"/></accessor></technique_common></source><source id="mixamorig_Spine1-Interpolations"><Name_array id="mixamorig_Spine1-Interpolations-array" count="27">
 LINEAR LINEAR LINEAR LINEAR LINEAR LINEAR LINEAR LINEAR LINEAR LINEAR LINEAR
LINEAR LINEAR LINEAR LINEAR LINEAR LINEAR LINEAR LINEAR LINEAR LINEAR LINEAR LINEAR
LINEAR LINEAR LINEAR LINEAR</Name_array><technique_common><accessor source="#mixamorig_Spine1-Interpolations-array" count="27"><param type="name"/></accessor></technique_common></source><sampler id="mixamorig_Spine1-Matrix-animation-transform"><input semantic="INPUT" source="#mixamorig_Spine1-Matrix-animation-input"/><input semantic="OUTPUT" source="#mixamorig_Spine1-Matrix-animation-output-transform"/><input semantic="INTERPOLATION" source="#mixamorig_Spine1-Interpolations"/></sampler><channel source="#mixamorig_Spine1-Matrix-animation-transform" target="mixamorig_Spine1/matrix"/></animation>
    <animation id="mixamorig_Spine2-anim" name="mixamorig_Spine2"><source id="mixamorig_Spine2-Matrix-animation-input"><float_array id="mixamorig_Spine2-Matrix-animation-input-array" count="27">

0.000000 0.033333 0.066667 0.100000 0.133333 0.166667 0.200000 0.233333 0.266667 0.300000 0.333333 0.366667 0.400000 0.433333 0.466667 0.500000
0.533333 0.566667 0.600000 0.633333 0.666667 0.700000 0.733333 0.766667 0.800000 0.833333 0.866667</float_array><technique_common><accessor source="#mixamorig_Spine2-Matrix-animation-input-array" count="27"><param name="TIME" type="float"/></accessor></technique_common></source><source id="mixamorig_Spine2-Matrix-animation-output-transform"><float_array id="mixamorig_Spine2-Matrix-animation-output-transform-array" count="432">

0.999836 -0.016807 -0.006813 0.000100 0.015946 0.993679 -0.111122 13.360200 0.008637 0.110995 0.993783 -1.626500 0.000000 0.000000 0.000000 1.000000
0.999737 -0.020925 -0.009390 0.000100 0.019723 0.993321 -0.113683 13.360200 0.011706 0.113468 0.993473 -1.626500 0.000000 0.000000 0.000000 1.000000
0.999562 -0.027742 -0.010273 0.000100 0.026372 0.992958 -0.115494 13.360200 0.013405 0.115172 0.993255 -1.626500 0.000000 0.000000 0.000000 1.000000
0.999355 -0.035191 -0.007134 0.000100 0.034144 0.992827 -0.114577 13.360200 0.011115 0.114260 0.993389 -1.626500 0.000000 0.000000 0.000000 1.000000
0.999162 -0.040909 0.000869 0.000100 0.040754 0.993032 -0.110573 13.360200 0.003661 0.110516 0.993868 -1.626500 0.000000 0.000000 0.000000 1.000000
0.998982 -0.043112 0.013316 0.000100 0.044268 0.993562 -0.104285 13.360200 -0.008734 0.104768 0.994458 -1.626500 0.000000 0.000000 0.000000 1.000000
0.998790 -0.042410 0.024916 0.000100 0.044658 0.994187 -0.097972 13.360200 -0.020616 0.098966 0.994877 -1.626500 0.000000 0.000000 0.000000 1.000000
0.998643 -0.040577 0.032654 0.000100 0.043431 0.994807 -0.092047 13.360200 -0.028749 0.093341 0.995219 -1.626500 0.000000 0.000000 0.000000 1.000000
0.998518 -0.039746 0.037174 0.000100 0.042796 0.995443 -0.085212 13.360200 -0.033618 0.086677 0.995669 -1.626500 0.000000 0.000000 0.000000 1.000000
0.998285 -0.041320 0.041472 0.000100 0.044383 0.996129 -0.075878 13.360200 -0.038176 0.077588 0.996254 -1.626500 0.000000 0.000000 0.000000 1.000000
0.997849 -0.045208 0.047468 0.000100 0.048241 0.996729 -0.064836 13.360200 -0.044381 0.066987 0.996766 -1.626500 0.000000 0.000000 0.000000 1.000000
0.997305 -0.049478 0.054169 0.000100 0.052498 0.997059 -0.055831 13.360200 -0.051247 0.058524 0.996970 -1.626500 0.000000 0.000000 0.000000 1.000000
0.996954 -0.051083 0.058941 0.000100 0.054216 0.997130 -0.052841 13.360200 -0.056073 0.055875 0.996862 -1.626500 0.000000 0.000000 0.000000 1.000000
0.997066 -0.047507 0.060013 0.000100 0.050933 0.997080 -0.056900 13.360200 -0.057135 0.059790 0.996575 -1.626500 0.000000 0.000000 0.000000 1.000000
0.997572 -0.038388 0.058110 0.000100 0.042187 0.996952 -0.065623 13.360200 -0.055414 0.067915 0.996151 -1.626500 0.000000 0.000000 0.000000 1.000000
0.998089 -0.026238 0.055955 0.000100 0.030402 0.996727 -0.074911 13.360200 -0.053806 0.076469 0.995619 -1.626500 0.000000 0.000000 0.000000 1.000000
0.998362 -0.015134 0.055184 0.000100 0.019633 0.996445 -0.081923 13.360200 -0.053748 0.082872 0.995110 -1.626500 0.000000 0.000000 0.000000 1.000000
0.998501 -0.007951 0.054153 0.000100 0.012645 0.996136 -0.086905 13.360200 -0.053253 0.087460 0.994744 -1.626500 0.000000 0.000000 0.000000 1.000000
0.998758 -0.005206 0.049549 0.000100 0.009770 0.995681 -0.092329 13.360200 -0.048855 0.092699 0.994495 -1.626500 0.000000 0.000000 0.000000 1.000000
0.999161 -0.005554 0.040573 0.000100 0.009577 0.994976 -0.099654 13.360200 -0.039815 0.099959 0.994195 -1.626500 0.000000 0.000000 0.000000 1.000000
0.999536 -0.007162 0.029617 0.000100 0.010316 0.994125 -0.107750 13.360200 -0.028671 0.108005 0.993737 -1.626500 0.000000 0.000000 0.000000 1.000000
0.999769 -0.008976 0.019513 0.000100 0.011144 0.993419 -0.113996 13.360200 -0.018361 0.114188 0.993290 -1.626500 0.000000 0.000000 0.000000 1.000000
0.999876 -0.011061 0.011173 0.000100 0.012288 0.993119 -0.116463 13.360200 -0.009808 0.116586 0.993132 -1.626500 0.000000 0.000000 0.000000 1.000000
0.999902 -0.013255 0.004478 0.000100 0.013682 0.993252 -0.115168 13.360200 -0.002921 0.115218 0.993336 -1.626500 0.000000 0.000000 0.000000 1.000000
0.999892 -0.014700 -0.000507 0.000100 0.014551 0.993585 -0.112145 13.360200 0.002153 0.112126 0.993692 -1.626500 0.000000 0.000000 0.000000 1.000000
0.999874 -0.015353 -0.003980 0.000100 0.014821 0.993789 -0.110287 13.360200 0.005648 0.110214 0.993892 -1.626500 0.000000 0.000000 0.000000 1.000000
0.999836 -0.016807 -0.006812 0.000100 0.015946 0.993679 -0.111122 13.360200 0.008637 0.110995 0.993783 -1.626500 0.000000 0.000000 0.000000 1.000000</float_array><technique_common><accessor source="#mixamorig_Spine2-Matrix-animation-output-transform-array" count="27" stride="16"><param type="float4x4"/></accessor></technique_common></source><source id="mixamorig_Spine2-Interpolations"><Name_array id="mixamorig_Spine2-Interpolations-array" count="27">
 LINEAR LINEAR LINEAR LINEAR LINEAR LINEAR LINEAR LINEAR LINEAR LINEAR LINEAR
LINEAR LINEAR LINEAR LINEAR LINEAR LINEAR LINEAR LINEAR LINEAR LINEAR LINEAR LINEAR
LINEAR LINEAR LINEAR LINEAR</Name_array><technique_common><accessor source="#mixamorig_Spine2-Interpolations-array" count="27"><param type="name"/></accessor></technique_common></source><sampler id="mixamorig_Spine2-Matrix-animation-transform"><input semantic="INPUT" source="#mixamorig_Spine2-Matrix-animation-input"/><input semantic="OUTPUT" source="#mixamorig_Spine2-Matrix-animation-output-transform"/><input semantic="INTERPOLATION" source="#mixamorig_Spine2-Interpolations"/></sampler><channel source="#mixamorig_Spine2-Matrix-animation-transform" target="mixamorig_Spine2/matrix"/></animation>
    <animation id="mixamorig_Neck-anim" name="mixamorig_Neck"><source id="mixamorig_Neck-Matrix-animation-input"><float_array id="mixamorig_Neck-Matrix-animation-input-array" count="27">

0.000000 0.033333 0.066667 0.100000 0.133333 0.166667 0.200000 0.233333 0.266667 0.300000 0.333333 0.366667 0.400000 0.433333 0.466667 0.500000
0.533333 0.566667 0.600000 0.633333 0.666667 0.700000 0.733333 0.766667 0.800000 0.833333 0.866667</float_array><technique_common><accessor source="#mixamorig_Neck-Matrix-animation-input-array" count="27"><param name="TIME" type="float"/></accessor></technique_common></source><source id="mixamorig_Neck-Matrix-animation-output-transform"><float_array id="mixamorig_Neck-Matrix-animation-output-transform-array" count="432">

0.998931 0.036809 0.027981 0.000000 -0.035329 0.998040 -0.051658 15.032500 -0.029828 0.050614 0.998273 0.792900 0.000000 0.000000 0.000000 1.000000
0.998845 0.040470 0.025894 0.000000 -0.038934 0.997597 -0.057303 15.032500 -0.028151 0.056229 0.998021 0.792900 0.000000 0.000000 0.000000 1.000000
0.998536 0.048283 0.024396 0.000000 -0.046614 0.996804 -0.064883 15.032500 -0.027450 0.063651 0.997595 0.792900 0.000000 0.000000 0.000000 1.000000
0.998020 0.058246 0.023748 0.000000 -0.056418 0.995845 -0.071484 15.032500 -0.027813 0.070003 0.997159 0.792900 0.000000 0.000000 0.000000 1.000000
0.997450 0.067358 0.023603 0.000000 -0.065407 0.995002 -0.075453 15.032500 -0.028567 0.073716 0.996870 0.792900 0.000000 0.000000 0.000000 1.000000
0.997176 0.071516 0.022933 0.000000 -0.069552 0.994581 -0.077275 15.032500 -0.028335 0.075462 0.996746 0.792900 0.000000 0.000000 0.000000 1.000000
0.997389 0.069144 0.020827 0.000000 -0.067310 0.994627 -0.078657 15.032500 -0.026154 0.077049 0.996684 0.792900 0.000000 0.000000 0.000000 1.000000
0.997721 0.064966 0.018224 0.000000 -0.063314 0.994786 -0.079952 15.032500 -0.023323 0.078616 0.996632 0.792900 0.000000 0.000000 0.000000 1.000000
0.997867 0.063200 0.016341 0.000000 -0.061676 0.994792 -0.081145 15.032500 -0.021384 0.079964 0.996568 0.792900 0.000000 0.000000 0.000000 1.000000
0.997779 0.064655 0.016020 0.000000 -0.063140 0.994650 -0.081758 15.032500 -0.021220 0.080565 0.996523 0.792900 0.000000 0.000000 0.000000 1.000000
0.997625 0.066676 0.017264 0.000000 -0.065075 0.994600 -0.080843 15.032500 -0.022561 0.079528 0.996577 0.792900 0.000000 0.000000 0.000000 1.000000
0.997596 0.066522 0.019415 0.000000 -0.064841 0.994908 -0.077164 15.032500 -0.024449 0.075720 0.996829 0.792900 0.000000 0.000000 0.000000 1.000000
0.997747 0.063569 0.021431 0.000000 -0.061917 0.995589 -0.070487 15.032500 -0.025817 0.069001 0.997282 0.792900 0.000000 0.000000 0.000000 1.000000
0.998045 0.058415 0.022216 -0.000000 -0.056929 0.996419 -0.062513 15.032500 -0.025788 0.061126 0.997797 0.792900 0.000000 0.000000 0.000000 1.000000
0.998401 0.052351 0.021341 -0.000000 -0.051089 0.997128 -0.055910 15.032500 -0.024206 0.054730 0.998208 0.792900 0.000000 0.000000 0.000000 1.000000
0.998656 0.047899 0.019781 -0.000000 -0.046805 0.997524 -0.052488 15.032500 -0.022246 0.051491 0.998426 0.792900 0.000000 0.000000 0.000000 1.000000
0.998698 0.047193 0.019371 0.000000 -0.046132 0.997583 -0.051971 15.032500 -0.021777 0.051009 0.998461 0.792900 0.000000 0.000000 0.000000 1.000000
0.998574 0.049108 0.020957 -0.000000 -0.047943 0.997450 -0.052868 15.032500 -0.023500 0.051788 0.998382 0.792900 0.000000 0.000000 0.000000 1.000000
0.998491 0.049617 0.023545 0.000000 -0.048295 0.997386 -0.053742 15.032500 -0.026150 0.052524 0.998277 0.792900 0.000000 0.000000 0.000000 1.000000
0.998596 0.046429 0.025504 -0.000000 -0.044991 0.997509 -0.054323 15.032500 -0.027963 0.053100 0.998198 0.792900 0.000000 0.000000 0.000000 1.000000
0.998785 0.041573 0.026445 -0.000000 -0.040077 0.997694 -0.054777 15.032500 -0.028661 0.053651 0.998148 0.792900 0.000000 0.000000 0.000000 1.000000
0.998881 0.038662 0.027224 0.000000 -0.037120 0.997793 -0.055065 15.032500 -0.029292 0.053993 0.998112 0.792900 0.000000 0.000000 0.000000 1.000000
0.998848 0.038575 0.028551 0.000000 -0.036972 0.997817 -0.054717 15.032500 -0.030600 0.053598 0.998094 0.792900 0.000000 0.000000 0.000000 1.000000
0.998779 0.039229 0.030027 0.000000 -0.037592 0.997872 -0.053269 15.032500 -0.032053 0.052075 0.998129 0.792900 0.000000 0.000000 0.000000 1.000000
0.998787 0.038540 0.030633 0.000000 -0.036944 0.998011 -0.051082 15.032500 -0.032540 0.049889 0.998225 0.792900 0.000000 0.000000 0.000000 1.000000
0.998871 0.036951 0.029844 -0.000000 -0.035434 0.998128 -0.049844 15.032500 -0.031630 0.048730 0.998311 0.792900 0.000000 0.000000 0.000000 1.000000
0.998931 0.036809 0.027981 0.000000 -0.035329 0.998040 -0.051658 15.032500 -0.029828 0.050614 0.998273 0.792900 0.000000 0.000000 0.000000 1.000000</float_array><technique_common><accessor source="#mixamorig_Neck-Matrix-animation-output-transform-array" count="27" stride="16"><param type="float4x4"/></accessor></technique_common></source><source id="mixamorig_Neck-Interpolations"><Name_array id="mixamorig_Neck-Interpolations-array" count="27">
 LINEAR LINEAR LINEAR LINEAR LINEAR LINEAR LINEAR LINEAR LINEAR LINEAR LINEAR
LINEAR LINEAR LINEAR LINEAR LINEAR LINEAR LINEAR LINEAR LINEAR LINEAR LINEAR LINEAR
LINEAR LINEAR LINEAR LINEAR</Name_array><technique_common><accessor source="#mixamorig_Neck-Interpolations-array" count="27"><param type="name"/></accessor></technique_common></source><sampler id="mixamorig_Neck-Matrix-animation-transform"><input semantic="INPUT" source="#mixamorig_Neck-Matrix-animation-input"/><input semantic="OUTPUT" source="#mixamorig_Neck-Matrix-animation-output-transform"/><input semantic="INTERPOLATION" source="#mixamorig_Neck-Interpolations"/></sampler><channel source="#mixamorig_Neck-Matrix-animation-transform" target="mixamorig_Neck/matrix"/></animation>
    <animation id="mixamorig_Head-anim" name="mixamorig_Head"><source id="mixamorig_Head-Matrix-animation-input"><float_array id="mixamorig_Head-Matrix-animation-input-array" count="27">

0.000000 0.033333 0.066667 0.100000 0.133333 0.166667 0.200000 0.233333 0.266667 0.300000 0.333333 0.366667 0.400000 0.433333 0.466667 0.500000
0.533333 0.566667 0.600000 0.633333 0.666667 0.700000 0.733333 0.766667 0.800000 0.833333 0.866667</float_array><technique_common><accessor source="#mixamorig_Head-Matrix-animation-input-array" count="27"><param name="TIME" type="float"/></accessor></technique_common></source><source id="mixamorig_Head-Matrix-animation-output-transform"><float_array id="mixamorig_Head-Matrix-animation-output-transform-array" count="432">

0.974038 0.182962 0.133323 0.000000 -0.180446 0.983102 -0.030817 10.321800 -0.136708 0.005959 0.990593 3.142400 0.000000 0.000000 0.000000 1.000000
0.976905 0.178124 0.118016 -0.000000 -0.174186 0.983775 -0.042965 10.321800 -0.123755 0.021416 0.992082 3.142400 0.000000 0.000000 0.000000 1.000000
0.979421 0.174352 0.101665 0.000000 -0.168804 0.983766 -0.060900 10.321800 -0.110633 0.042485 0.992953 3.142400 0.000000 0.000000 0.000000 1.000000
0.981354 0.171695 0.086406 0.000000 -0.164761 0.982929 -0.081881 10.321800 -0.098990 0.066118 0.992889 3.142400 0.000000 0.000000 0.000000 1.000000
0.982691 0.170189 0.073172 0.000000 -0.162318 0.981382 -0.102672 10.321800 -0.089283 0.089018 0.992020 3.142400 0.000000 0.000000 0.000000 1.000000
0.983591 0.169309 0.062318 0.000000 -0.161148 0.979792 -0.118489 10.321800 -0.081120 0.106502 0.990998 3.142400 0.000000 0.000000 0.000000 1.000000
0.985006 0.164547 0.051848 -0.000000 -0.157085 0.979665 -0.124824 10.321800 -0.071333 0.114808 0.990823 3.142400 0.000000 0.000000 0.000000 1.000000
0.987261 0.153831 0.040636 0.000000 -0.147762 0.981169 -0.124392 10.321800 -0.059006 0.116803 0.991401 3.142400 0.000000 0.000000 0.000000 1.000000
0.989658 0.140185 0.030419 0.000000 -0.135574 0.983354 -0.120973 10.321800 -0.046871 0.115598 0.992190 3.142400 0.000000 0.000000 0.000000 1.000000
0.991165 0.130174 0.025451 0.000000 -0.126312 0.984904 -0.118361 10.321800 -0.040474 0.114101 0.992644 3.142400 0.000000 0.000000 0.000000 1.000000
0.991384 0.127810 0.028659 0.000000 -0.123567 0.985167 -0.119068 10.321800 -0.043452 0.114501 0.992472 3.142400 0.000000 0.000000 0.000000 1.000000
0.990709 0.130587 0.037978 0.000000 -0.124990 0.984358 -0.124166 10.321800 -0.053599 0.118266 0.991534 3.142400 0.000000 0.000000 0.000000 1.000000
0.989989 0.132971 0.047331 0.000000 -0.125706 0.983149 -0.132723 10.321800 -0.064181 0.125444 0.990023 3.142400 0.000000 0.000000 0.000000 1.000000
0.989789 0.132913 0.051504 -0.000000 -0.124517 0.982081 -0.141468 10.321800 -0.069384 0.133610 0.988602 3.142400 0.000000 0.000000 0.000000 1.000000
0.989927 0.132599 0.049618 0.000000 -0.124134 0.981437 -0.146189 10.321800 -0.068081 0.138557 0.988012 3.142400 0.000000 0.000000 0.000000 1.000000
0.989804 0.134864 0.045824 0.000000 -0.127019 0.981320 -0.144488 10.321800 -0.064454 0.137194 0.988445 3.142400 0.000000 0.000000 0.000000 1.000000
0.988958 0.140538 0.047020 0.000000 -0.132968 0.981583 -0.137166 10.321800 -0.065431 0.129399 0.989432 3.142400 0.000000 0.000000 0.000000 1.000000
0.987165 0.148865 0.057822 0.000000 -0.140748 0.982065 -0.125450 10.321800 -0.075460 0.115702 0.990413 3.142400 0.000000 0.000000 0.000000 1.000000
0.984515 0.157741 0.076467 0.000000 -0.148976 0.982784 -0.109281 10.321800 -0.092389 0.096197 0.991065 3.142400 0.000000 0.000000 0.000000 1.000000
0.981594 0.165142 0.095925 -0.000000 -0.156660 0.983531 -0.090130 10.321800 -0.109230 0.073444 0.991300 3.142400 0.000000 0.000000 0.000000 1.000000
0.978924 0.171281 0.111225 0.000000 -0.163975 0.983842 -0.071879 10.321800 -0.121739 0.052126 0.991192 3.142400 0.000000 0.000000 0.000000 1.000000
0.976246 0.178354 0.123017 0.000000 -0.172358 0.983333 -0.057861 10.321800 -0.131287 0.035284 0.990716 3.142400 0.000000 0.000000 0.000000 1.000000
0.973241 0.186551 0.134164 -0.000000 -0.181738 0.982205 -0.047380 10.321800 -0.140615 0.021730 0.989826 3.142400 0.000000 0.000000 0.000000 1.000000
0.970674 0.192544 0.143937 0.000000 -0.188988 0.981239 -0.038116 10.321800 -0.148576 0.009795 0.988852 3.142400 0.000000 0.000000 0.000000 1.000000
0.969957 0.192894 0.148240 0.000000 -0.190539 0.981219 -0.030058 10.321800 -0.151254 0.000910 0.988494 3.142400 0.000000 0.000000 0.000000 1.000000
0.971380 0.188590 0.144410 -0.000000 -0.186706 0.982055 -0.026611 10.321800 -0.146837 -0.001113 0.989160 3.142400 0.000000 0.000000 0.000000 1.000000
0.974038 0.182962 0.133323 0.000000 -0.180446 0.983102 -0.030817 10.321800 -0.136708 0.005959 0.990593 3.142400 0.000000 0.000000 0.000000 1.000000</float_array><technique_common><accessor source="#mixamorig_Head-Matrix-animation-output-transform-array" count="27" stride="16"><param type="float4x4"/></accessor></technique_common></source><source id="mixamorig_Head-Interpolations"><Name_array id="mixamorig_Head-Interpolations-array" count="27">
 LINEAR LINEAR LINEAR LINEAR LINEAR LINEAR LINEAR LINEAR LINEAR LINEAR LINEAR
LINEAR LINEAR LINEAR LINEAR LINEAR LINEAR LINEAR LINEAR LINEAR LINEAR LINEAR LINEAR
LINEAR LINEAR LINEAR LINEAR</Name_array><technique_common><accessor source="#mixamorig_Head-Interpolations-array" count="27"><param type="name"/></accessor></technique_common></source><sampler id="mixamorig_Head-Matrix-animation-transform"><input semantic="INPUT" source="#mixamorig_Head-Matrix-animation-input"/><input semantic="OUTPUT" source="#mixamorig_Head-Matrix-animation-output-transform"/><input semantic="INTERPOLATION" source="#mixamorig_Head-Interpolations"/></sampler><channel source="#mixamorig_Head-Matrix-animation-transform" target="mixamorig_Head/matrix"/></animation>
    <animation id="mixamorig_LeftShoulder-anim" name="mixamorig_LeftShoulder"><source id="mixamorig_LeftShoulder-Matrix-animation-input"><float_array id="mixamorig_LeftShoulder-Matrix-animation-input-array" count="27">

0.000000 0.033333 0.066667 0.100000 0.133333 0.166667 0.200000 0.233333 0.266667 0.300000 0.333333 0.366667 0.400000 0.433333 0.466667 0.500000
0.533333 0.566667 0.600000 0.633333 0.666667 0.700000 0.733333 0.766667 0.800000 0.833333 0.866667</float_array><technique_common><accessor source="#mixamorig_LeftShoulder-Matrix-animation-input-array" count="27"><param name="TIME" type="float"/></accessor></technique_common></source><source id="mixamorig_LeftShoulder-Matrix-animation-output-transform"><float_array id="mixamorig_LeftShoulder-Matrix-animation-output-transform-array" count="432">

0.982635 0.151487 -0.107148 6.105800 -0.158508 0.985514 -0.060316 9.110400 0.096458 0.076253 0.992412 0.705600 0.000000 0.000000 0.000000 1.000000
0.981050 0.155001 -0.116254 6.105800 -0.162946 0.984671 -0.062220 9.110400 0.104828 0.079984 0.991269 0.705600 0.000000 0.000000 0.000000 1.000000
0.979022 0.157721 -0.128999 6.105800 -0.167023 0.983826 -0.064725 9.110400 0.116704 0.084913 0.989530 0.705600 0.000000 0.000000 0.000000 1.000000
0.978076 0.159687 -0.133668 6.105800 -0.169508 0.983346 -0.065563 9.110400 0.120973 0.086784 0.988855 0.705600 0.000000 0.000000 0.000000 1.000000
0.979460 0.160401 -0.122185 6.105800 -0.168956 0.983598 -0.063150 9.110400 0.110052 0.082497 0.990496 0.705600 0.000000 0.000000 0.000000 1.000000
0.983146 0.158420 -0.091248 6.105800 -0.163950 0.984841 -0.056640 9.110400 0.080892 0.070645 0.994216 0.705600 0.000000 0.000000 0.000000 1.000000
0.986405 0.154640 -0.055593 6.105800 -0.157382 0.986328 -0.048868 9.110400 0.047276 0.056953 0.997257 0.705600 0.000000 0.000000 0.000000 1.000000
0.987808 0.153069 -0.028379 6.105800 -0.154194 0.987109 -0.042907 9.110400 0.021445 0.046759 0.998676 0.705600 0.000000 0.000000 0.000000 1.000000
0.987866 0.154588 -0.014948 6.105800 -0.155074 0.987082 -0.040253 9.110400 0.008532 0.042082 0.999078 0.705600 0.000000 0.000000 0.000000 1.000000
0.987662 0.156211 -0.011044 6.105800 -0.156530 0.986874 -0.039726 9.110400 0.004694 0.040964 0.999150 0.705600 0.000000 0.000000 0.000000 1.000000
0.988024 0.153950 -0.010394 6.105800 -0.154244 0.987245 -0.039441 9.110400 0.004190 0.040572 0.999168 0.705600 0.000000 0.000000 0.000000 1.000000
0.989009 0.147439 -0.011095 6.105800 -0.147763 0.988259 -0.038851 9.110400 0.005237 0.040063 0.999183 0.705600 0.000000 0.000000 0.000000 1.000000
0.989927 0.140778 -0.015038 6.105800 -0.141266 0.989210 -0.038839 9.110400 0.009408 0.040572 0.999132 0.705600 0.000000 0.000000 0.000000 1.000000
0.990126 0.138435 -0.022072 6.105800 -0.139233 0.989451 -0.040015 9.110400 0.016299 0.042693 0.998955 0.705600 0.000000 0.000000 0.000000 1.000000
0.989455 0.142003 -0.028547 6.105800 -0.143118 0.988821 -0.041823 9.110400 0.022289 0.045468 0.998717 0.705600 0.000000 0.000000 0.000000 1.000000
0.988214 0.150018 -0.030471 6.105800 -0.151250 0.987550 -0.043216 9.110400 0.023609 0.047315 0.998601 0.705600 0.000000 0.000000 0.000000 1.000000
0.986951 0.158758 -0.026887 6.105800 -0.159822 0.986185 -0.043550 9.110400 0.019602 0.047278 0.998689 0.705600 0.000000 0.000000 0.000000 1.000000
0.986281 0.163851 -0.020051 6.105800 -0.164580 0.985436 -0.042776 9.110400 0.012750 0.045489 0.998883 0.705600 0.000000 0.000000 0.000000 1.000000
0.986522 0.162864 -0.015836 6.105800 -0.163395 0.985676 -0.041778 9.110400 0.008805 0.043802 0.999001 0.705600 0.000000 0.000000 0.000000 1.000000
0.987229 0.157899 -0.021135 6.105800 -0.158676 0.986424 -0.042292 9.110400 0.014170 0.045105 0.998882 0.705600 0.000000 0.000000 0.000000 1.000000
0.987453 0.153094 -0.038707 6.105800 -0.154795 0.986894 -0.045601 9.110400 0.031218 0.051021 0.998210 0.705600 0.000000 0.000000 0.000000 1.000000
0.986559 0.150315 -0.064087 6.105800 -0.153665 0.986807 -0.050983 9.110400 0.055578 0.060145 0.996641 0.705600 0.000000 0.000000 0.000000 1.000000
0.984969 0.148436 -0.088328 6.105800 -0.153712 0.986515 -0.056230 9.110400 0.078790 0.068962 0.994503 0.705600 0.000000 0.000000 0.000000 1.000000
0.983734 0.146672 -0.103705 6.105800 -0.153339 0.986381 -0.059500 9.110400 0.093566 0.074434 0.992827 0.705600 0.000000 0.000000 0.000000 1.000000
0.983347 0.146118 -0.108067 6.105800 -0.153199 0.986349 -0.060381 9.110400 0.097769 0.075931 0.992308 0.705600 0.000000 0.000000 0.000000 1.000000
