<?xml version="1.0" encoding="utf-8"?>
<COLLADA xmlns="http://www.collada.org/2005/11/COLLADASchema" version="1.4.1">
  <asset><contributor><author>Mixamo</author><authoring_tool>COLLADA Mixamo exporter</authoring_tool><comments></comments></contributor><created>2018-10-29T11:59:00Z</created><modified>2018-10-29T11:59:00Z</modified><revision></revision><title></title><unit meter="0.010000"/><up_axis>Y_UP</up_axis></asset>
  <library_animations>
    <animation id="mixamorig_Hips-anim" name="mixamorig_Hips"><source id="mixamorig_Hips-Matrix-animation-input"><float_array id="mixamorig_Hips-Matrix-animation-input-array" count="27">

0.000000 0.033333 0.066667 0.100000 0.133333 0.166667 0.200000 0.233333 0.266667 0.300000 0.333333 0.366667 0.400000 0.433333 0.466667 0.500000
0.533333 0.566667 0.600000 0.633333 0.666667 0.700000 0.733333 0.766667 0.800000 0.833333 0.866667</float_array><technique_common><accessor source="#mixamorig_Hips-Matrix-animation-input-array" count="27"><param name="TIME" type="float"/></accessor></technique_common></source><source id="mixamorig_Hips-Matrix-animation-output-transform"><float_array id="mixamorig_Hips-Matrix-animation-output-transform-array" count="432">

0.800509 0.035600 -0.598263 5.546114 -0.089070 0.994215 -0.060018 93.985100 0.592665 0.101332 0.799049 -0.223589 0.000000 0.000000 0.000000 1.000000
0.789058 0.030367 -0.613568 6.374208 -0.103133 0.991150 -0.083577 94.113617 0.605600 0.129226 0.785207 -2.194510 0.000000 0.000000 0.000000 1.000000
0.780402 0.027709 -0.624664 7.050908 -0.114256 0.988517 -0.098894 94.325562 0.614750 0.148549 0.774607 -4.116597 0.000000 0.000000 0.000000 1.000000
0.777027 0.030011 -0.628751 7.598836 -0.123105 0.986820 -0.105034 94.553986 0.617312 0.159017 0.770480 -5.868920 0.000000 0.000000 0.000000 1.000000
0.780080 0.035027 -0.624699 7.996170 -0.128415 0.986139 -0.105064 94.768875 0.612360 0.162179 0.773765 -7.472710 0.000000 0.000000 0.000000 1.000000
0.788696 0.039770 -0.613495 8.202119 -0.128933 0.986413 -0.101809 94.870979 0.601111 0.159396 0.783108 -8.987424 0.000000 0.000000 0.000000 1.000000
0.799773 0.043602 -0.598717 8.190121 -0.124810 0.987642 -0.094796 94.645767 0.587184 0.150542 0.795331 -10.500424 0.000000 0.000000 0.000000 1.000000
0.810702 0.047519 -0.583527 7.989721 -0.117015 0.989741 -0.081973 93.996109 0.573646 0.134737 0.807946 -12.073881 0.000000 0.000000 0.000000 1.000000
0.820034 0.051697 -0.569975 7.642354 -0.106181 0.992364 -0.062757 92.969940 0.562379 0.111983 0.819262 -13.747580 0.000000 0.000000 0.000000 1.000000
0.827051 0.054448 -0.559484 7.157752 -0.091745 0.995027 -0.038788 91.649307 0.554590 0.083409 0.827933 -15.598720 0.000000 0.000000 0.000000 1.000000
0.831288 0.053659 -0.553246 6.527520 -0.073390 0.997211 -0.013554 90.136566 0.550976 0.051870 0.832908 -17.744301 0.000000 0.000000 0.000000 1.000000
0.832782 0.047819 -0.551532 5.755392 -0.052111 0.998610 0.007897 88.566902 0.551143 0.022165 0.834116 -20.319508 0.000000 0.000000 0.000000 1.000000
0.832422 0.038295 -0.552817 4.920734 -0.032154 0.999266 0.020806 87.221336 0.553208 0.000456 0.833043 -23.318384 0.000000 0.000000 0.000000 1.000000
0.832647 0.029710 -0.553007 4.156130 -0.019231 0.999509 0.024742 86.364372 0.553470 -0.009966 0.832809 -26.622995 0.000000 0.000000 0.000000 1.000000
0.836434 0.025267 -0.547485 3.554473 -0.014401 0.999605 0.024131 86.100998 0.547878 -0.012300 0.836468 -30.073931 0.000000 0.000000 0.000000 1.000000
0.844982 0.023606 -0.534273 3.129960 -0.013209 0.999642 0.023277 86.281326 0.534631 -0.012611 0.844991 -33.421379 0.000000 0.000000 0.000000 1.000000
0.856799 0.022152 -0.515175 2.847528 -0.011871 0.999659 0.023241 86.835678 0.515515 -0.013797 0.856770 -36.554577 0.000000 0.000000 0.000000 1.000000
0.868723 0.018121 -0.494967 2.631483 -0.007246 0.999689 0.023882 87.871605 0.495245 -0.017160 0.868584 -39.557358 0.000000 0.000000 0.000000 1.000000
0.877791 0.012062 -0.478891 2.479685 0.000363 0.999666 0.025845 89.296310 0.479043 -0.022861 0.877494 -42.419506 0.000000 0.000000 0.000000 1.000000
0.882572 0.007653 -0.470114 2.488075 0.006632 0.999565 0.028723 90.714287 0.470130 -0.028468 0.882138 -44.912895 0.000000 0.000000 0.000000 1.000000
0.881772 0.008052 -0.471607 2.677707 0.006865 0.999529 0.029902 91.972549 0.471626 -0.029605 0.881301 -47.077183 0.000000 0.000000 0.000000 1.000000
0.873856 0.013052 -0.486010 3.001406 -0.000303 0.999654 0.026302 92.921043 0.486185 -0.022837 0.873557 -48.945969 0.000000 0.000000 0.000000 1.000000
0.858825 0.022005 -0.511797 3.398908 -0.015419 0.999735 0.017110 93.547562 0.512037 -0.006803 0.858936 -50.603058 0.000000 0.000000 0.000000 1.000000
0.839759 0.032141 -0.542006 3.857290 -0.036231 0.999339 0.003125 93.857857 0.541748 0.017013 0.840369 -52.140984 0.000000 0.000000 0.000000 1.000000
0.821661 0.039417 -0.568612 4.392012 -0.058049 0.998206 -0.014684 93.940628 0.567013 0.045073 0.822475 -53.695332 0.000000 0.000000 0.000000 1.000000
0.808900 0.040388 -0.586558 4.984882 -0.076055 0.996444 -0.036273 93.921013 0.583007 0.073952 0.809095 -55.459290 0.000000 0.000000 0.000000 1.000000
0.800152 0.036958 -0.598658 5.540006 -0.089996 0.994198 -0.058910 93.977638 0.593007 0.101014 0.798836 -57.502735 0.000000 0.000000 0.000000 1.000000</float_array><technique_common><accessor source="#mixamorig_Hips-Matrix-animation-output-transform-array" count="27" stride="16"><param type="float4x4"/></accessor></technique_common></source><source id="mixamorig_Hips-Interpolations"><Name_array id="mixamorig_Hips-Interpolations-array" count="27">
 LINEAR LINEAR LINEAR LINEAR LINEAR LINEAR LINEAR LINEAR LINEAR LINEAR LINEAR
LINEAR LINEAR LINEAR LINEAR LINEAR LINEAR LINEAR LINEAR LINEAR LINEAR LINEAR LINEAR
LINEAR LINEAR LINEAR LINEAR</Name_array><technique_common><accessor source="#mixamorig_Hips-Interpolations-array" count="27"><param type="name"/></accessor></technique_common></source><sampler id="mixamorig_Hips-Matrix-animation-transform"><input semantic="INPUT" source="#mixamorig_Hips-Matrix-animation-input"/><input semantic="OUTPUT" source="#mixamorig_Hips-Matrix-animation-output-transform"/><input semantic="INTERPOLATION" source="#mixamorig_Hips-Interpolations"/></sampler><channel source="#mixamorig_Hips-Matrix-animation-transform" target="mixamorig_Hips/matrix"/></animation>
    <animation id="mixamorig_Spine-anim" name="mixamorig_Spine"><source id="mixamorig_Spine-Matrix-animation-input"><float_array id="mixamorig_Spine-Matrix-animation-input-array" count="27">

0.000000 0.033333 0.066667 0.100000 0.133333 0.166667 0.200000 0.233333 0.266667 0.300000 0.333333 0.366667 0.400000 0.433333 0.466667 0.500000
0.533333 0.566667 0.600000 0.633333 0.666667 0.700000 0.733333 0.766667 0.800000 0.833333 0.866667</float_array><technique_common><accessor source="#mixamorig_Spine-Matrix-animation-input-array" count="27"><param name="TIME" type="float"/></accessor></technique_common></source><source id="mixamorig_Spine-Matrix-animation-output-transform"><float_array id="mixamorig_Spine-Matrix-animation-output-transform-array" count="432">

0.998768 -0.033648 0.036478 -0.000000 0.040329 0.978665 -0.201468 9.923500 -0.028921 0.202691 0.978816 -1.227300 0.000000 0.000000 0.000000 1.000000
0.999588 -0.007685 0.027656 0.000000 0.013033 0.979969 -0.198721 9.923500 -0.025575 0.199000 0.979666 -1.227300 0.000000 0.000000 0.000000 1.000000
0.999615 0.009219 0.026188 0.000000 -0.003813 0.979906 -0.199423 9.923500 -0.027501 0.199247 0.979563 -1.227300 0.000000 0.000000 0.000000 1.000000
0.999508 0.010481 0.029546 0.000000 -0.004266 0.979162 -0.203035 9.923500 -0.031058 0.202809 0.978726 -1.227300 0.000000 0.000000 0.000000 1.000000
0.999391 0.002803 0.034790 0.000000 0.004491 0.978158 -0.207815 9.923500 -0.034613 0.207845 0.977549 -1.227300 0.000000 0.000000 0.000000 1.000000
0.999096 -0.005860 0.042097 0.000000 0.014589 0.977557 -0.210166 9.923500 -0.039921 0.210590 0.976759 -1.227300 0.000000 0.000000 0.000000 1.000000
0.998576 -0.011913 0.051994 0.000000 0.022574 0.977534 -0.209565 9.923500 -0.048329 0.210440 0.976411 -1.227300 0.000000 0.000000 0.000000 1.000000
0.997847 -0.015220 0.063801 0.000000 0.028265 0.977535 -0.208871 9.923500 -0.059188 0.210224 0.975860 -1.227300 0.000000 0.000000 0.000000 1.000000
0.996946 -0.015617 0.076522 0.000000 0.031455 0.977112 -0.210387 9.923500 -0.071485 0.212152 0.974619 -1.227300 0.000000 0.000000 0.000000 1.000000
0.995921 -0.010819 0.089579 0.000000 0.029898 0.976268 -0.214490 9.923500 -0.085132 0.216294 0.972610 -1.227300 0.000000 0.000000 0.000000 1.000000
0.994723 0.001036 0.102596 0.000000 0.021685 0.975237 -0.220097 9.923500 -0.100283 0.221160 0.970068 -1.227300 0.000000 0.000000 0.000000 1.000000
0.993218 0.017499 0.114941 0.000000 0.008781 0.974494 -0.224242 9.923500 -0.115933 0.223730 0.967731 -1.227300 0.000000 0.000000 0.000000 1.000000
0.991622 0.027556 0.126201 0.000000 0.001199 0.974977 -0.222302 9.923500 -0.129169 0.220591 0.966776 -1.227300 0.000000 0.000000 0.000000 1.000000
0.990718 0.017556 0.134796 0.000000 0.011642 0.977024 -0.212812 9.923500 -0.135435 0.212406 0.967751 -1.227300 0.000000 0.000000 0.000000 1.000000
0.990369 -0.014121 0.137731 0.000000 0.041687 0.979035 -0.199381 9.923500 -0.132028 0.203202 0.970195 -1.227300 0.000000 0.000000 0.000000 1.000000
0.989488 -0.057087 0.132871 0.000000 0.081118 0.979733 -0.183147 9.923500 -0.119723 0.192000 0.974065 -1.227300 0.000000 0.000000 0.000000 1.000000
0.988016 -0.095690 0.121112 0.000000 0.115366 0.979087 -0.167567 9.923500 -0.102545 0.179531 0.978393 -1.227300 0.000000 0.000000 0.000000 1.000000
0.987924 -0.113443 0.105532 0.000000 0.129754 0.977995 -0.163368 9.923500 -0.084677 0.175088 0.980905 -1.227300 0.000000 0.000000 0.000000 1.000000
0.989943 -0.108863 0.090338 0.000000 0.123331 0.976959 -0.174188 9.923500 -0.069294 0.183578 0.980560 -1.227300 0.000000 0.000000 0.000000 1.000000
0.992368 -0.095661 0.077809 0.000000 0.109099 0.975220 -0.192465 9.923500 -0.057470 0.199485 0.978214 -1.227300 0.000000 0.000000 0.000000 1.000000
0.994094 -0.082776 0.070183 0.000000 0.095962 0.972492 -0.212250 9.923500 -0.050684 0.217731 0.974692 -1.227300 0.000000 0.000000 0.000000 1.000000
0.994963 -0.073661 0.067995 0.000000 0.087201 0.970550 -0.224565 9.923500 -0.049451 0.229362 0.972084 -1.227300 0.000000 0.000000 0.000000 1.000000
0.995196 -0.069764 0.068685 -0.000000 0.083650 0.970453 -0.226328 9.923500 -0.050866 0.230986 0.971626 -1.227300 0.000000 0.000000 0.000000 1.000000
0.995299 -0.069946 0.066991 0.000000 0.083091 0.972052 -0.219571 9.923500 -0.049761 0.224105 0.973294 -1.227300 0.000000 0.000000 0.000000 1.000000
0.995857 -0.068571 0.059722 0.000000 0.079699 0.974408 -0.210182 9.923500 -0.043781 0.214071 0.975836 -1.227300 0.000000 0.000000 0.000000 1.000000
0.997264 -0.056019 0.048224 0.000000 0.064737 0.976823 -0.204026 9.923500 -0.035677 0.206589 0.977777 -1.227300 0.000000 0.000000 0.000000 1.000000
0.998753 -0.032965 0.037486 0.000000 0.039916 0.978335 -0.203145 9.923500 -0.029977 0.204388 0.978431 -1.227300 0.000000 0.000000 0.000000 1.000000</float_array><technique_common><accessor source="#mixamorig_Spine-Matrix-animation-output-transform-array" count="27" stride="16"><param type="float4x4"/></accessor></technique_common></source><source id="mixamorig_Spine-Interpolations"><Name_array id="mixamorig_Spine-Interpolations-array" count="27">
 LINEAR LINEAR LINEAR LINEAR LINEAR LINEAR LINEAR LINEAR LINEAR LINEAR LINEAR
LINEAR LINEAR LINEAR LINEAR LINEAR LINEAR LINEAR LINEAR LINEAR LINEAR LINEAR LINEAR
LINEAR LINEAR LINEAR LINEAR</Name_array><technique_common><accessor source="#mixamorig_Spine-Interpolations-array" count="27"><param type="name"/></accessor></technique_common></source><sampler id="mixamorig_Spine-Matrix-animation-transform"><input semantic="INPUT" source="#mixamorig_Spine-Matrix-animation-input"/><input semantic="OUTPUT" source="#mixamorig_Spine-Matrix-animation-output-transform"/><input semantic="INTERPOLATION" source="#mixamorig_Spine-Interpolations"/></sampler><channel source="#mixamorig_Spine-Matrix-animation-transform" target="mixamorig_Spine/matrix"/></animation>
    <animation id="mixamorig_Spine1-anim" name="mixamorig_Spine1"><source id="mixamorig_Spine1-Matrix-animation-input"><float_array id="mixamorig_Spine1-Matrix-animation-input-array" count="27">

0.000000 0.033333 0.066667 0.100000 0.133333 0.166667 0.200000 0.233333 0.266667 0.300000 0.333333 0.366667 0.400000 0.433333 0.466667 0.500000
0.533333 0.566667 0.600000 0.633333 0.666667 0.700000 0.733333 0.766667 0.800000 0.833333 0.866667</float_array><technique_common><accessor source="#mixamorig_Spine1-Matrix-animation-input-array" count="27"><param name="TIME" type="float"/></accessor></technique_common></source><source id="mixamorig_Spine1-Matrix-animation-output-transform"><float_array id="mixamorig_Spine1-Matrix-animation-output-transform-array" count="432">

0.999879 -0.014964 0.004222 -0.000100 0.015059 0.999610 -0.023523 11.645400 -0.003868 0.023583 0.999714 -1.422300 0.000000 0.000000 0.000000 1.000000
0.999733 -0.022890 0.003091 -0.000100 0.022962 0.999410 -0.025553 11.645400 -0.002505 0.025617 0.999669 -1.422300 0.000000 0.000000 0.000000 1.000000
0.999676 -0.025264 0.003029 -0.000100 0.025340 0.999274 -0.028443 11.645400 -0.002308 0.028511 0.999591 -1.422300 0.000000 0.000000 0.000000 1.000000
0.999738 -0.022624 0.003585 -0.000100 0.022722 0.999286 -0.030191 11.645400 -0.002900 0.030265 0.999538 -1.422300 0.000000 0.000000 0.000000 1.000000
0.999812 -0.018925 0.004301 -0.000100 0.019045 0.999374 -0.029810 11.645400 -0.003734 0.029887 0.999546 -1.422300 0.000000 0.000000 0.000000 1.000000
0.999850 -0.016487 0.005216 -0.000100 0.016627 0.999465 -0.028148 11.645400 -0.004749 0.028231 0.999590 -1.422300 0.000000 0.000000 0.000000 1.000000
0.999864 -0.015179 0.006480 -0.000100 0.015345 0.999535 -0.026344 11.645400 -0.006077 0.026440 0.999632 -1.422300 0.000000 0.000000 0.000000 1.000000
0.999865 -0.014362 0.008030 -0.000100 0.014554 0.999598 -0.024328 11.645400 -0.007678 0.024442 0.999672 -1.422300 0.000000 0.000000 0.000000 1.000000
0.999855 -0.013968 0.009729 -0.000100 0.014176 0.999665 -0.021633 11.645400 -0.009424 0.021768 0.999719 -1.422300 0.000000 0.000000 0.000000 1.000000
0.999830 -0.014419 0.011509 -0.000100 0.014628 0.999726 -0.018276 11.645400 -0.011242 0.018441 0.999767 -1.422300 0.000000 0.000000 0.000000 1.000000
0.999790 -0.015550 0.013351 -0.000100 0.015747 0.999767 -0.014780 11.645400 -0.013118 0.014987 0.999802 -1.422300 0.000000 0.000000 0.000000 1.000000
0.999755 -0.016079 0.015206 -0.000100 0.016264 0.999794 -0.012124 11.645400 -0.015008 0.012368 0.999811 -1.422300 0.000000 0.000000 0.000000 1.000000
0.999768 -0.013311 0.016942 -0.000100 0.013514 0.999838 -0.011904 11.645400 -0.016781 0.012130 0.999786 -1.422300 0.000000 0.000000 0.000000 1.000000
0.999821 -0.005119 0.018219 -0.000100 0.005399 0.999868 -0.015355 11.645400 -0.018138 0.015451 0.999716 -1.422300 0.000000 0.000000 0.000000 1.000000
0.999801 0.007147 0.018618 -0.000100 -0.006729 0.999726 -0.022407 11.645400 -0.018773 0.022277 0.999576 -1.422300 0.000000 0.000000 0.000000 1.000000
0.999635 0.020226 0.017931 -0.000100 -0.019624 0.999258 -0.033129 11.645400 -0.018588 0.032765 0.999290 -1.422300 0.000000 0.000000 0.000000 1.000000
0.999405 0.030374 0.016351 -0.000100 -0.029616 0.998558 -0.044775 11.645400 -0.017688 0.044264 0.998863 -1.422300 0.000000 0.000000 0.000000 1.000000
0.999319 0.034023 0.014281 -0.000100 -0.033248 0.998123 -0.051433 11.645400 -0.016004 0.050923 0.998574 -1.422300 0.000000 0.000000 0.000000 1.000000
0.999425 0.031623 0.012196 -0.000100 -0.030961 0.998214 -0.051093 11.645400 -0.013790 0.050686 0.998619 -1.422300 0.000000 0.000000 0.000000 1.000000
0.999588 0.026742 0.010421 -0.000100 -0.026232 0.998582 -0.046321 11.645400 -0.011645 0.046029 0.998872 -1.422300 0.000000 0.000000 0.000000 1.000000
0.999749 0.020410 0.009240 -0.000100 -0.020040 0.999057 -0.038518 11.645400 -0.010018 0.038323 0.999215 -1.422300 0.000000 0.000000 0.000000 1.000000
0.999866 0.013814 0.008765 -0.000100 -0.013536 0.999425 -0.031075 11.645400 -0.009189 0.030952 0.999479 -1.422300 0.000000 0.000000 0.000000 1.000000
0.999929 0.008191 0.008700 -0.000100 -0.007963 0.999631 -0.025979 11.645400 -0.008909 0.025908 0.999625 -1.422300 0.000000 0.000000 0.000000 1.000000
0.999958 0.003819 0.008367 -0.000100 -0.003619 0.999710 -0.023803 11.645400 -0.008455 0.023771 0.999682 -1.422300 0.000000 0.000000 0.000000 1.000000
0.999973 -0.000710 0.007326 -0.000100 0.000879 0.999733 -0.023110 11.645400 -0.007308 0.023115 0.999706 -1.422300 0.000000 0.000000 0.000000 1.000000
0.999956 -0.007371 0.005762 -0.000100 0.007502 0.999705 -0.023101 11.645400 -0.005590 0.023143 0.999717 -1.422300 0.000000 0.000000 0.000000 1.000000
0.999881 -0.014788 0.004369 -0.000100 0.014889 0.999601 -0.024011 11.645400 -0.004012 0.024073 0.999702 -1.422300 0.000000 0.000000 0.000000 1.000000</float_array><technique_common><accessor source="#mixamorig_Spine1-Matrix-animation-output-transform-array" count="27" stride="16"><param type="float4x4"/></accessor></technique_common></source><source id="mixamorig_Spine1-Interpolations"><Name_array id="mixamorig_Spine1-Interpolations-array" count="27">
 LINEAR LINEAR LINEAR LINEAR LINEAR LINEAR LINEAR LINEAR LINEAR LINEAR LINEAR
LINEAR LINEAR LINEAR LINEAR LINEAR LINEAR LINEAR LINEAR LINEAR LINEAR LINEAR LINEAR
LINEAR LINEAR LINEAR LINEAR</Name_array><technique_common><accessor source="#mixamorig_Spine1-Interpolations-array" count="27"><param type="name"/></accessor></technique_common></source><sampler id="mixamorig_Spine1-Matrix-animation-transform"><input semantic="INPUT" source="#mixamorig_Spine1-Matrix-animation-input"/><input semantic="OUTPUT" source="#mixamorig_Spine1-Matrix-animation-output-transform"/><input semantic="INTERPOLATION" source="#mixamorig_Spine1-Interpolations"/></sampler><channel source="#mixamorig_Spine1-Matrix-animation-transform" target="mixamorig_Spine1/matrix"/></animation>
    <animation id="mixamorig_Spine2-anim" name="mixamorig_Spine2"><source id="mixamorig_Spine2-Matrix-animation-input"><float_array id="mixamorig_Spine2-Matrix-animation-input-array" count="27">

0.000000 0.033333 0.066667 0.100000 0.133333 0.166667 0.200000 0.233333 0.266667 0.300000 0.333333 0.366667 0.400000 0.433333 0.466667 0.500000
0.533333 0.566667 0.600000 0.633333 0.666667 0.700000 0.733333 0.766667 0.800000 0.833333 0.866667</float_array><technique_common><accessor source="#mixamorig_Spine2-Matrix-animation-input-array" count="27"><param name="TIME" type="float"/></accessor></technique_common></source><source id="mixamorig_Spine2-Matrix-animation-output-transform"><float_array id="mixamorig_Spine2-Matrix-animation-output-transform-array" count="432">

0.999879 -0.014926 0.004439 0.000100 0.015026 0.999612 -0.023464 13.360200 -0.004087 0.023528 0.999715 -1.626500 0.000000 0.000000 0.000000 1.000000
0.999732 -0.022856 0.003564 0.000100 0.022940 0.999412 -0.025485 13.360200 -0.002980 0.025560 0.999669 -1.626500 0.000000 0.000000 0.000000 1.000000
0.999675 -0.025238 0.003617 0.000100 0.025331 0.999276 -0.028373 13.360200 -0.002898 0.028456 0.999591 -1.626500 0.000000 0.000000 0.000000 1.000000
0.999736 -0.022607 0.004128 0.000100 0.022721 0.999288 -0.030123 13.360200 -0.003444 0.030209 0.999538 -1.626500 0.000000 0.000000 0.000000 1.000000
0.999810 -0.018910 0.004737 0.000100 0.019043 0.999376 -0.029746 13.360200 -0.004172 0.029830 0.999546 -1.626500 0.000000 0.000000 0.000000 1.000000
0.999849 -0.016466 0.005573 0.000100 0.016617 0.999468 -0.028082 13.360200 -0.005108 0.028170 0.999590 -1.626500 0.000000 0.000000 0.000000 1.000000
0.999862 -0.015154 0.006794 0.000100 0.015327 0.999537 -0.026270 13.360200 -0.006393 0.026371 0.999632 -1.626500 0.000000 0.000000 0.000000 1.000000
0.999863 -0.014326 0.008317 0.000100 0.014524 0.999601 -0.024242 13.360200 -0.007967 0.024360 0.999672 -1.626500 0.000000 0.000000 0.000000 1.000000
0.999853 -0.013903 0.010001 0.000100 0.014116 0.999669 -0.021529 13.360200 -0.009698 0.021667 0.999718 -1.626500 0.000000 0.000000 0.000000 1.000000
0.999828 -0.014301 0.011792 0.000100 0.014513 0.999730 -0.018138 13.360200 -0.011530 0.018306 0.999766 -1.626500 0.000000 0.000000 0.000000 1.000000
0.999789 -0.015362 0.013672 0.000100 0.015561 0.999773 -0.014587 13.360200 -0.013445 0.014797 0.999800 -1.626500 0.000000 0.000000 0.000000 1.000000
0.999754 -0.015822 0.015556 0.000100 0.016008 0.999801 -0.011870 13.360200 -0.015365 0.012116 0.999809 -1.626500 0.000000 0.000000 0.000000 1.000000
0.999767 -0.013028 0.017233 0.000100 0.013229 0.999845 -0.011643 13.360200 -0.017079 0.011868 0.999784 -1.626500 0.000000 0.000000 0.000000 1.000000
0.999821 -0.004885 0.018306 0.000100 0.005164 0.999871 -0.015206 13.360200 -0.018229 0.015297 0.999717 -1.626500 0.000000 0.000000 0.000000 1.000000
0.999805 0.007257 0.018379 0.000100 -0.006844 0.999724 -0.022465 13.360200 -0.018537 0.022334 0.999579 -1.626500 0.000000 0.000000 0.000000 1.000000
0.999647 0.020158 0.017308 0.000100 -0.019571 0.999250 -0.033402 13.360200 -0.017969 0.033051 0.999292 -1.626500 0.000000 0.000000 0.000000 1.000000
0.999428 0.030133 0.015377 0.000100 -0.029411 0.998545 -0.045192 13.360200 -0.016716 0.044714 0.998860 -1.626500 0.000000 0.000000 0.000000 1.000000
0.999346 0.033703 0.013115 0.000100 -0.032980 0.998109 -0.051872 13.360200 -0.014839 0.051406 0.998568 -1.626500 0.000000 0.000000 0.000000 1.000000
0.999448 0.031330 0.011038 0.000100 -0.030722 0.998203 -0.051452 13.360200 -0.012630 0.051084 0.998614 -1.626500 0.000000 0.000000 0.000000 1.000000
0.999603 0.026547 0.009388 0.000100 -0.026082 0.998574 -0.046574 13.360200 -0.010611 0.046311 0.998871 -1.626500 0.000000 0.000000 0.000000 1.000000
0.999758 0.020329 0.008399 0.000100 -0.019990 0.999052 -0.038681 13.360200 -0.009177 0.038504 0.999216 -1.626500 0.000000 0.000000 0.000000 1.000000
0.999871 0.013819 0.008136 0.000100 -0.013559 0.999422 -0.031174 13.360200 -0.008562 0.031060 0.999481 -1.626500 0.000000 0.000000 0.000000 1.000000
0.999932 0.008245 0.008252 0.000100 -0.008028 0.999629 -0.026035 13.360200 -0.008463 0.025967 0.999627 -1.626500 0.000000 0.000000 0.000000 1.000000
0.999960 0.003885 0.008042 0.000100 -0.003692 0.999709 -0.023829 13.360200 -0.008133 0.023798 0.999684 -1.626500 0.000000 0.000000 0.000000 1.000000
0.999974 -0.000652 0.007119 0.000100 0.000817 0.999733 -0.023111 13.360200 -0.007102 0.023116 0.999708 -1.626500 0.000000 0.000000 0.000000 1.000000
0.999957 -0.007324 0.005744 0.000100 0.007455 0.999706 -0.023076 13.360200 -0.005574 0.023118 0.999717 -1.626500 0.000000 0.000000 0.000000 1.000000
0.999881 -0.014749 0.004583 0.000100 0.014855 0.999602 -0.023964 13.360200 -0.004228 0.024029 0.999702 -1.626500 0.000000 0.000000 0.000000 1.000000</float_array><technique_common><accessor source="#mixamorig_Spine2-Matrix-animation-output-transform-array" count="27" stride="16"><param type="float4x4"/></accessor></technique_common></source><source id="mixamorig_Spine2-Interpolations"><Name_array id="mixamorig_Spine2-Interpolations-array" count="27">
 LINEAR LINEAR LINEAR LINEAR LINEAR LINEAR LINEAR LINEAR LINEAR LINEAR LINEAR
LINEAR LINEAR LINEAR LINEAR LINEAR LINEAR LINEAR LINEAR LINEAR LINEAR LINEAR LINEAR
LINEAR LINEAR LINEAR LINEAR</Name_array><technique_common><accessor source="#mixamorig_Spine2-Interpolations-array" count="27"><param type="name"/></accessor></technique_common></source><sampler id="mixamorig_Spine2-Matrix-animation-transform"><input semantic="INPUT" source="#mixamorig_Spine2-Matrix-animation-input"/><input semantic="OUTPUT" source="#mixamorig_Spine2-Matrix-animation-output-transform"/><input semantic="INTERPOLATION" source="#mixamorig_Spine2-Interpolations"/></sampler><channel source="#mixamorig_Spine2-Matrix-animation-transform" target="mixamorig_Spine2/matrix"/></animation>
    <animation id="mixamorig_Neck-anim" name="mixamorig_Neck"><source id="mixamorig_Neck-Matrix-animation-input"><float_array id="mixamorig_Neck-Matrix-animation-input-array" count="27">

0.000000 0.033333 0.066667 0.100000 0.133333 0.166667 0.200000 0.233333 0.266667 0.300000 0.333333 0.366667 0.400000 0.433333 0.466667 0.500000
0.533333 0.566667 0.600000 0.633333 0.666667 0.700000 0.733333 0.766667 0.800000 0.833333 0.866667</float_array><technique_common><accessor source="#mixamorig_Neck-Matrix-animation-input-array" count="27"><param name="TIME" type="float"/></accessor></technique_common></source><source id="mixamorig_Neck-Matrix-animation-output-transform"><float_array id="mixamorig_Neck-Matrix-animation-output-transform-array" count="432">

0.986717 0.158510 0.035561 0.000000 -0.152790 0.979895 -0.128303 15.032500 -0.055183 0.121165 0.991097 0.792900 0.000000 0.000000 0.000000 1.000000
0.987911 0.151032 0.034955 0.000000 -0.146040 0.982335 -0.117003 15.032500 -0.052009 0.110484 0.992516 0.792900 0.000000 0.000000 0.000000 1.000000
0.988346 0.148423 0.033807 -0.000000 -0.143753 0.983090 -0.113445 15.032500 -0.050073 0.107263 0.992969 0.792900 0.000000 0.000000 0.000000 1.000000
0.988077 0.150487 0.032514 0.000000 -0.145766 0.982371 -0.117046 15.032500 -0.049555 0.110910 0.992594 0.792900 0.000000 0.000000 0.000000 1.000000
0.987469 0.154744 0.030982 0.000000 -0.149834 0.980927 -0.123823 15.032500 -0.049552 0.117630 0.991820 0.792900 0.000000 0.000000 0.000000 1.000000
0.987017 0.158005 0.028860 -0.000000 -0.152983 0.979535 -0.130799 15.032500 -0.048936 0.124685 0.990989 0.792900 0.000000 0.000000 0.000000 1.000000
0.986970 0.158747 0.026261 -0.000000 -0.153754 0.978577 -0.136919 15.032500 -0.047433 0.131097 0.990234 0.792900 0.000000 0.000000 0.000000 1.000000
0.987271 0.157296 0.023545 0.000000 -0.152427 0.978016 -0.142306 15.032500 -0.045412 0.136906 0.989543 0.792900 0.000000 0.000000 0.000000 1.000000
0.987749 0.154638 0.020960 0.000000 -0.149945 0.977700 -0.147035 15.032500 -0.043230 0.142091 0.988909 0.792900 0.000000 0.000000 0.000000 1.000000
0.988194 0.152051 0.018784 0.000000 -0.147547 0.977525 -0.150579 15.032500 -0.041258 0.146029 0.988420 0.792900 0.000000 0.000000 0.000000 1.000000
0.988437 0.150617 0.017510 0.000000 -0.146249 0.977470 -0.152198 15.032500 -0.040040 0.147878 0.988195 0.792900 0.000000 0.000000 0.000000 1.000000
0.988335 0.151264 0.017682 0.000000 -0.146889 0.977470 -0.151580 15.032500 -0.040213 0.147214 0.988287 0.792900 0.000000 0.000000 0.000000 1.000000
0.987732 0.154928 0.019556 0.000000 -0.150342 0.977318 -0.149156 15.032500 -0.042221 0.144386 0.988620 0.792900 0.000000 0.000000 0.000000 1.000000
0.986511 0.162098 0.022791 -0.000000 -0.157101 0.976676 -0.146368 15.032500 -0.045985 0.140813 0.988968 0.792900 0.000000 0.000000 0.000000 1.000000
0.984727 0.172089 0.026403 0.000000 -0.166539 0.975265 -0.145336 15.032500 -0.050761 0.138720 0.989030 0.792900 0.000000 0.000000 0.000000 1.000000
0.982774 0.182487 0.029228 -0.000000 -0.176329 0.973226 -0.147445 15.032500 -0.055352 0.139751 0.988638 0.792900 0.000000 0.000000 0.000000 1.000000
0.981176 0.190652 0.030759 -0.000000 -0.183922 0.971091 -0.152165 15.032500 -0.058880 0.143643 0.987876 0.792900 0.000000 0.000000 0.000000 1.000000
0.980314 0.194984 0.031072 0.000000 -0.187810 0.969420 -0.157965 15.032500 -0.060923 0.149020 0.986956 0.792900 0.000000 0.000000 0.000000 1.000000
0.980180 0.195768 0.030379 0.000000 -0.188339 0.968374 -0.163646 15.032500 -0.061455 0.154681 0.986051 0.792900 0.000000 0.000000 0.000000 1.000000
0.980368 0.195013 0.029122 0.000000 -0.187463 0.967638 -0.168922 15.032500 -0.061121 0.160146 0.985199 0.792900 0.000000 0.000000 0.000000 1.000000
0.980509 0.194465 0.028018 -0.000000 -0.186827 0.966977 -0.173351 15.032500 -0.060803 0.164737 0.984462 0.792900 0.000000 0.000000 0.000000 1.000000
0.980614 0.193947 0.027947 0.000000 -0.186198 0.966717 -0.175464 15.032500 -0.061048 0.166859 0.984089 0.792900 0.000000 0.000000 0.000000 1.000000
0.981002 0.191764 0.029365 -0.000000 -0.183928 0.967495 -0.173560 15.032500 -0.061693 0.164861 0.984385 0.792900 0.000000 0.000000 0.000000 1.000000
0.981931 0.186565 0.031714 0.000000 -0.178831 0.969609 -0.166969 15.032500 -0.061901 0.158281 0.985452 0.792900 0.000000 0.000000 0.000000 1.000000
0.983369 0.178385 0.034133 0.000000 -0.171046 0.972801 -0.156213 15.032500 -0.061071 0.147776 0.987133 0.792900 0.000000 0.000000 0.000000 1.000000
0.985107 0.168258 0.035416 0.000000 -0.161665 0.976502 -0.142508 15.032500 -0.058562 0.134660 0.989160 0.792900 0.000000 0.000000 0.000000 1.000000
0.986664 0.158904 0.035273 0.000000 -0.153185 0.979760 -0.128858 15.032500 -0.055035 0.121736 0.991036 0.792900 0.000000 0.000000 0.000000 1.000000</float_array><technique_common><accessor source="#mixamorig_Neck-Matrix-animation-output-transform-array" count="27" stride="16"><param type="float4x4"/></accessor></technique_common></source><source id="mixamorig_Neck-Interpolations"><Name_array id="mixamorig_Neck-Interpolations-array" count="27">
 LINEAR LINEAR LINEAR LINEAR LINEAR LINEAR LINEAR LINEAR LINEAR LINEAR LINEAR
LINEAR LINEAR LINEAR LINEAR LINEAR LINEAR LINEAR LINEAR LINEAR LINEAR LINEAR LINEAR
LINEAR LINEAR LINEAR LINEAR</Name_array><technique_common><accessor source="#mixamorig_Neck-Interpolations-array" count="27"><param type="name"/></accessor></technique_common></source><sampler id="mixamorig_Neck-Matrix-animation-transform"><input semantic="INPUT" source="#mixamorig_Neck-Matrix-animation-input"/><input semantic="OUTPUT" source="#mixamorig_Neck-Matrix-animation-output-transform"/><input semantic="INTERPOLATION" source="#mixamorig_Neck-Interpolations"/></sampler><channel source="#mixamorig_Neck-Matrix-animation-transform" target="mixamorig_Neck/matrix"/></animation>
    <animation id="mixamorig_Head-anim" name="mixamorig_Head"><source id="mixamorig_Head-Matrix-animation-input"><float_array id="mixamorig_Head-Matrix-animation-input-array" count="27">

0.000000 0.033333 0.066667 0.100000 0.133333 0.166667 0.200000 0.233333 0.266667 0.300000 0.333333 0.366667 0.400000 0.433333 0.466667 0.500000
0.533333 0.566667 0.600000 0.633333 0.666667 0.700000 0.733333 0.766667 0.800000 0.833333 0.866667</float_array><technique_common><accessor source="#mixamorig_Head-Matrix-animation-input-array" count="27"><param name="TIME" type="float"/></accessor></technique_common></source><source id="mixamorig_Head-Matrix-animation-output-transform"><float_array id="mixamorig_Head-Matrix-animation-output-transform-array" count="432">

0.990122 0.120367 0.071907 0.000000 -0.113855 0.989531 -0.088687 10.321800 -0.081829 0.079624 0.993461 3.142400 0.000000 0.000000 0.000000 1.000000
0.991646 0.106436 0.072865 0.000000 -0.101137 0.992197 -0.072918 10.321800 -0.080058 0.064939 0.994673 3.142400 0.000000 0.000000 0.000000 1.000000
0.993491 0.091150 0.068321 -0.000000 -0.086910 0.994243 -0.062669 10.321800 -0.073640 0.056323 0.995693 3.142400 0.000000 0.000000 0.000000 1.000000
0.994692 0.083647 0.059918 0.000000 -0.079884 0.994833 -0.062659 10.321800 -0.064850 0.057540 0.996235 3.142400 0.000000 0.000000 0.000000 1.000000
0.995224 0.084401 0.049050 0.000000 -0.080845 0.994234 -0.070448 10.321800 -0.054713 0.066146 0.996309 3.142400 0.000000 0.000000 0.000000 1.000000
0.995642 0.085744 0.036667 -0.000000 -0.082612 0.993384 -0.079778 10.321800 -0.043265 0.076401 0.996138 3.142400 0.000000 0.000000 0.000000 1.000000
0.996360 0.081679 0.024389 0.000000 -0.079290 0.993082 -0.086610 10.321800 -0.031295 0.084361 0.995944 3.142400 0.000000 0.000000 0.000000 1.000000
0.997228 0.073196 0.013360 -0.000000 -0.071669 0.993192 -0.091829 10.321800 -0.019991 0.090617 0.995685 3.142400 0.000000 0.000000 0.000000 1.000000
0.997874 0.065068 0.003630 0.000000 -0.064397 0.993068 -0.098336 10.321800 -0.010003 0.097893 0.995147 3.142400 0.000000 0.000000 0.000000 1.000000
0.998135 0.060857 -0.004716 -0.000000 -0.061010 0.992312 -0.107682 10.321800 -0.001874 0.107769 0.994174 3.142400 0.000000 0.000000 0.000000 1.000000
0.998092 0.060872 -0.010305 0.000000 -0.061668 0.990945 -0.119270 10.321800 0.002952 0.119678 0.992808 3.142400 0.000000 0.000000 0.000000 1.000000
0.997873 0.064195 -0.011343 0.000000 -0.065131 0.989136 -0.131789 10.321800 0.002759 0.132247 0.991213 3.142400 0.000000 0.000000 0.000000 1.000000
0.997509 0.070152 -0.007340 0.000000 -0.070478 0.987156 -0.143374 10.321800 -0.002812 0.143534 0.989641 3.142400 0.000000 0.000000 0.000000 1.000000
0.996902 0.078649 0.000044 0.000000 -0.077733 0.985382 -0.151590 10.321800 -0.011966 0.151117 0.988443 3.142400 0.000000 0.000000 0.000000 1.000000
0.996001 0.089041 0.007267 -0.000000 -0.086817 0.983881 -0.156333 10.321800 -0.021070 0.155077 0.987678 3.142400 0.000000 0.000000 0.000000 1.000000
0.994991 0.099348 0.011125 0.000000 -0.096282 0.982285 -0.160768 10.321800 -0.026900 0.158891 0.986930 3.142400 0.000000 0.000000 0.000000 1.000000
0.994145 0.107459 0.011304 0.000000 -0.104070 0.980390 -0.167347 10.321800 -0.029065 0.165191 0.985833 3.142400 0.000000 0.000000 0.000000 1.000000
0.993642 0.112193 0.009395 0.000000 -0.108820 0.978461 -0.175421 10.321800 -0.028873 0.173284 0.984449 3.142400 0.000000 0.000000 0.000000 1.000000
0.993552 0.113195 0.006377 -0.000000 -0.110170 0.977221 -0.181387 10.321800 -0.026764 0.179515 0.983391 3.142400 0.000000 0.000000 0.000000 1.000000
0.993618 0.112750 0.003314 0.000000 -0.110279 0.977180 -0.181544 10.321800 -0.023708 0.180020 0.983377 3.142400 0.000000 0.000000 0.000000 1.000000
0.993499 0.113815 0.002394 0.000000 -0.111644 0.978224 -0.174966 10.321800 -0.022255 0.173561 0.984572 3.142400 0.000000 0.000000 0.000000 1.000000
0.993128 0.116817 0.007135 0.000000 -0.114096 0.979969 -0.163229 10.321800 -0.026060 0.161293 0.986562 3.142400 0.000000 0.000000 0.000000 1.000000
0.992510 0.120578 0.019606 0.000000 -0.116353 0.981963 -0.149030 10.321800 -0.037222 0.145633 0.988638 3.142400 0.000000 0.000000 0.000000 1.000000
0.991466 0.124954 0.037157 0.000000 -0.118951 0.983773 -0.134316 10.321800 -0.053338 0.128750 0.990242 3.142400 0.000000 0.000000 0.000000 1.000000
0.990056 0.129373 0.055243 -0.000000 -0.122057 0.985257 -0.119877 10.321800 -0.069937 0.111942 0.991251 3.142400 0.000000 0.000000 0.000000 1.000000
0.989440 0.128410 0.067223 0.000000 -0.120996 0.987117 -0.104692 10.321800 -0.079801 0.095453 0.992230 3.142400 0.000000 0.000000 0.000000 1.000000
0.990616 0.117173 0.070360 0.000000 -0.110798 0.989891 -0.088546 10.321800 -0.080024 0.079919 0.993584 3.142400 0.000000 0.000000 0.000000 1.000000</float_array><technique_common><accessor source="#mixamorig_Head-Matrix-animation-output-transform-array" count="27" stride="16"><param type="float4x4"/></accessor></technique_common></source><source id="mixamorig_Head-Interpolations"><Name_array id="mixamorig_Head-Interpolations-array" count="27">
 LINEAR LINEAR LINEAR LINEAR LINEAR LINEAR LINEAR LINEAR LINEAR LINEAR LINEAR
LINEAR LINEAR LINEAR LINEAR LINEAR LINEAR LINEAR LINEAR LINEAR LINEAR LINEAR LINEAR
LINEAR LINEAR LINEAR LINEAR</Name_array><technique_common><accessor source="#mixamorig_Head-Interpolations-array" count="27"><param type="name"/></accessor></technique_common></source><sampler id="mixamorig_Head-Matrix-animation-transform"><input semantic="INPUT" source="#mixamorig_Head-Matrix-animation-input"/><input semantic="OUTPUT" source="#mixamorig_Head-Matrix-animation-output-transform"/><input semantic="INTERPOLATION" source="#mixamorig_Head-Interpolations"/></sampler><channel source="#mixamorig_Head-Matrix-animation-transform" target="mixamorig_Head/matrix"/></animation>
    <animation id="mixamorig_LeftShoulder-anim" name="mixamorig_LeftShoulder"><source id="mixamorig_LeftShoulder-Matrix-animation-input"><float_array id="mixamorig_LeftShoulder-Matrix-animation-input-array" count="27">

0.000000 0.033333 0.066667 0.100000 0.133333 0.166667 0.200000 0.233333 0.266667 0.300000 0.333333 0.366667 0.400000 0.433333 0.466667 0.500000
0.533333 0.566667 0.600000 0.633333 0.666667 0.700000 0.733333 0.766667 0.800000 0.833333 0.866667</float_array><technique_common><accessor source="#mixamorig_LeftShoulder-Matrix-animation-input-array" count="27"><param name="TIME" type="float"/></accessor></technique_common></source><source id="mixamorig_LeftShoulder-Matrix-animation-output-transform"><float_array id="mixamorig_LeftShoulder-Matrix-animation-output-transform-array" count="432">

0.985339 0.162821 -0.050963 6.105800 -0.166621 0.982581 -0.082289 9.110400 0.036677 0.089574 0.995305 0.705600 0.000000 0.000000 0.000000 1.000000
0.986996 0.143770 -0.071901 6.105800 -0.149764 0.984940 -0.086390 9.110400 0.058398 0.096034 0.993663 0.705600 0.000000 0.000000 0.000000 1.000000
0.987154 0.128567 -0.094860 6.105800 -0.137213 0.986346 -0.091068 9.110400 0.081856 0.102914 0.991316 0.705600 0.000000 0.000000 0.000000 1.000000
0.986365 0.120273 -0.112335 6.105800 -0.131112 0.986837 -0.094673 9.110400 0.099470 0.108111 0.989150 0.705600 0.000000 0.000000 0.000000 1.000000
0.985344 0.119431 -0.121790 6.105800 -0.131517 0.986601 -0.096549 9.110400 0.108628 0.111151 0.987849 0.705600 0.000000 0.000000 0.000000 1.000000
0.984426 0.124240 -0.124381 6.105800 -0.136659 0.985873 -0.096844 9.110400 0.110592 0.112334 0.987497 0.705600 0.000000 0.000000 0.000000 1.000000
0.983626 0.132005 -0.122698 6.105800 -0.144157 0.984881 -0.096066 9.110400 0.108162 0.112181 0.987784 0.705600 0.000000 0.000000 0.000000 1.000000
0.982935 0.141032 -0.118108 6.105800 -0.152516 0.983764 -0.094587 9.110400 0.102851 0.110986 0.988486 0.705600 0.000000 0.000000 0.000000 1.000000
0.982364 0.150430 -0.111048 6.105800 -0.160945 0.982600 -0.092705 9.110400 0.095170 0.108943 0.989482 0.705600 0.000000 0.000000 0.000000 1.000000
0.982032 0.159114 -0.101466 6.105800 -0.168386 0.981560 -0.090472 9.110400 0.085200 0.105932 0.990717 0.705600 0.000000 0.000000 0.000000 1.000000
0.982165 0.165630 -0.088982 6.105800 -0.173367 0.980948 -0.087668 9.110400 0.072766 0.101531 0.992168 0.705600 0.000000 0.000000 0.000000 1.000000
0.982693 0.169889 -0.073834 6.105800 -0.175896 0.980790 -0.084328 9.110400 0.058090 0.095855 0.993699 0.705600 0.000000 0.000000 0.000000 1.000000
0.983030 0.174230 -0.057407 6.105800 -0.178529 0.980593 -0.081017 9.110400 0.042177 0.089891 0.995058 0.705600 0.000000 0.000000 0.000000 1.000000
0.982164 0.183307 -0.041853 6.105800 -0.186140 0.979362 -0.078754 9.110400 0.026553 0.085140 0.996015 0.705600 0.000000 0.000000 0.000000 1.000000
0.979283 0.200313 -0.029644 6.105800 -0.202066 0.976204 -0.078712 9.110400 0.013171 0.083072 0.996457 0.705600 0.000000 0.000000 0.000000 1.000000
0.974319 0.224107 -0.021886 6.105800 -0.225151 0.970965 -0.080838 9.110400 0.003134 0.083689 0.996487 0.705600 0.000000 0.000000 0.000000 1.000000
0.970587 0.240183 -0.016549 6.105800 -0.240719 0.966999 -0.083467 9.110400 -0.004044 0.084996 0.996373 0.705600 0.000000 0.000000 0.000000 1.000000
0.968703 0.247891 -0.012806 6.105800 -0.248070 0.965012 -0.084928 9.110400 -0.008695 0.085447 0.996305 0.705600 0.000000 0.000000 0.000000 1.000000
0.967948 0.250831 -0.012672 6.105800 -0.250985 0.964242 -0.085118 9.110400 -0.009131 0.085570 0.996290 0.705600 0.000000 0.000000 0.000000 1.000000
0.967861 0.250847 -0.017887 6.105800 -0.251450 0.964114 -0.085182 9.110400 -0.004123 0.086942 0.996205 0.705600 0.000000 0.000000 0.000000 1.000000
0.968235 0.248628 -0.026561 6.105800 -0.250006 0.964440 -0.085752 9.110400 0.004296 0.089669 0.995962 0.705600 0.000000 0.000000 0.000000 1.000000
0.969696 0.241996 -0.033582 6.105800 -0.244038 0.965946 -0.085985 9.110400 0.011630 0.091574 0.995730 0.705600 0.000000 0.000000 0.000000 1.000000
0.972500 0.230206 -0.035339 6.105800 -0.232435 0.968916 -0.084705 9.110400 0.014741 0.090590 0.995779 0.705600 0.000000 0.000000 0.000000 1.000000
0.976022 0.215022 -0.033865 6.105800 -0.217138 0.972662 -0.082337 9.110400 0.015235 0.087716 0.996029 0.705600 0.000000 0.000000 0.000000 1.000000
0.979615 0.198271 -0.032300 6.105800 -0.200272 0.976467 -0.080022 9.110400 0.015674 0.084859 0.996270 0.705600 0.000000 0.000000 0.000000 1.000000
