<?xml version="1.0" encoding="utf-8"?>
<COLLADA xmlns="http://www.collada.org/2005/11/COLLADASchema" version="1.4.1">
  <asset><contributor><author>Mixamo</author><authoring_tool>COLLADA Mixamo exporter</authoring_tool><comments></comments></contributor><created>2018-10-29T12:00:06Z</created><modified>2018-10-29T12:00:06Z</modified><revision></revision><title></title><unit meter="0.010000"/><up_axis>Y_UP</up_axis></asset>
  <library_animations>
    <animation id="mixamorig_Hips-anim" name="mixamorig_Hips"><source id="mixamorig_Hips-Matrix-animation-input"><float_array id="mixamorig_Hips-Matrix-animation-input-array" count="31">

0.000000 0.033333 0.066667 0.100000 0.133333 0.166667 0.200000 0.233333 0.266667 0.300000 0.333333 0.366667 0.400000 0.433333 0.466667 0.500000
0.533333 0.566667 0.600000 0.633333 0.666667 0.700000 0.733333 0.766667 0.800000 0.833333 0.866667 0.900000 0.933333 0.966667 1.000000</float_array><technique_common><accessor source="#mixamorig_Hips-Matrix-animation-input-array" count="31"><param name="TIME" type="float"/></accessor></technique_common></source><source id="mixamorig_Hips-Matrix-animation-output-transform"><float_array id="mixamorig_Hips-Matrix-animation-output-transform-array" count="496">

0.872925 -0.007100 0.487802 0.303564 0.008925 0.999959 -0.001416 90.889069 -0.487772 0.005590 0.872953 0.303753 0.000000 0.000000 0.000000 1.000000
0.867736 -0.009735 0.496930 1.205284 0.014424 0.999880 -0.005598 91.078690 -0.496816 0.012025 0.867773 1.470319 0.000000 0.000000 0.000000 1.000000
0.863969 -0.009792 0.503450 2.036731 0.018583 0.999750 -0.012445 91.435059 -0.503203 0.020108 0.863934 2.441785 0.000000 0.000000 0.000000 1.000000
0.861721 -0.011220 0.507259 2.860785 0.024587 0.999504 -0.019660 91.850853 -0.506787 0.029413 0.861569 3.153127 0.000000 0.000000 0.000000 1.000000
0.861742 -0.013523 0.507167 3.773293 0.031347 0.999154 -0.026621 92.218956 -0.506378 0.038839 0.861437 3.581506 0.000000 0.000000 0.000000 1.000000
0.865331 -0.015745 0.500954 4.820144 0.037491 0.998740 -0.033370 92.521118 -0.499797 0.047658 0.864830 3.812755 0.000000 0.000000 0.000000 1.000000
0.872657 -0.017433 0.488023 5.968225 0.042119 0.998325 -0.039654 92.762245 -0.486514 0.055159 0.871930 3.954417 0.000000 0.000000 0.000000 1.000000
0.881734 -0.018098 0.471399 7.192384 0.044761 0.997965 -0.045408 92.897392 -0.469618 0.061138 0.880750 4.024982 0.000000 0.000000 0.000000 1.000000
0.889872 -0.016915 0.455896 8.537312 0.044915 0.997706 -0.050652 92.826080 -0.453993 0.065550 0.888591 3.976239 0.000000 0.000000 0.000000 1.000000
0.895655 -0.013880 0.444532 10.077748 0.042414 0.997623 -0.054308 92.419205 -0.442722 0.067495 0.894115 3.734803 0.000000 0.000000 0.000000 1.000000
0.899271 -0.009012 0.437298 11.887841 0.036435 0.997856 -0.054360 91.665779 -0.435871 0.064817 0.897672 3.286286 0.000000 0.000000 0.000000 1.000000
0.901548 -0.003311 0.432667 13.999126 0.027578 0.998377 -0.049823 90.641129 -0.431800 0.056850 0.900176 2.662266 0.000000 0.000000 0.000000 1.000000
0.903000 0.003395 0.429627 16.397818 0.016034 0.999006 -0.041595 89.492027 -0.429341 0.044449 0.902048 1.895082 0.000000 0.000000 0.000000 1.000000
0.903648 0.010317 0.428151 18.947844 0.003330 0.999510 -0.031112 88.436867 -0.428262 0.029540 0.903172 0.996943 0.000000 0.000000 0.000000 1.000000
0.902872 0.015933 0.429614 21.646257 -0.008531 0.999780 -0.019151 87.560486 -0.429824 0.013626 0.902810 -0.094212 0.000000 0.000000 0.000000 1.000000
0.900348 0.016477 0.434858 24.340715 -0.015148 0.999864 -0.006521 87.186790 -0.434906 -0.000716 0.900475 -1.224216 0.000000 0.000000 0.000000 1.000000
0.896640 0.016006 0.442470 27.007261 -0.020304 0.999781 0.004979 87.277634 -0.442294 -0.013448 0.896769 -2.430724 0.000000 0.000000 0.000000 1.000000
0.893461 0.017700 0.448793 29.594444 -0.026493 0.999560 0.013321 87.800034 -0.448360 -0.023791 0.893537 -3.657836 0.000000 0.000000 0.000000 1.000000
0.892301 0.022402 0.450884 32.074951 -0.034062 0.999262 0.017761 88.615028 -0.450153 -0.031206 0.892406 -4.798703 0.000000 0.000000 0.000000 1.000000
0.892794 0.029268 0.449513 34.353817 -0.042521 0.998907 0.019412 89.514572 -0.448454 -0.036445 0.893063 -5.745107 0.000000 0.000000 0.000000 1.000000
0.893863 0.037256 0.446790 36.348042 -0.051325 0.998493 0.019422 90.364456 -0.445393 -0.040292 0.894428 -6.418863 0.000000 0.000000 0.000000 1.000000
0.895126 0.045978 0.443435 38.065212 -0.059685 0.998073 0.016995 91.110924 -0.441799 -0.041679 0.896145 -6.776543 0.000000 0.000000 0.000000 1.000000
0.896980 0.054525 0.438696 39.582550 -0.065944 0.997765 0.010821 91.744492 -0.437125 -0.038636 0.898570 -6.848950 0.000000 0.000000 0.000000 1.000000
0.899948 0.061252 0.431673 40.950371 -0.068715 0.997635 0.001698 92.221046 -0.430548 -0.031191 0.902028 -6.672338 0.000000 0.000000 0.000000 1.000000
0.903690 0.064295 0.423333 42.212208 -0.067343 0.997700 -0.007770 92.481476 -0.422858 -0.021487 0.905941 -6.250902 0.000000 0.000000 0.000000 1.000000
0.906391 0.062149 0.417844 43.420395 -0.061407 0.997997 -0.015235 92.479584 -0.417954 -0.011850 0.908391 -5.553177 0.000000 0.000000 0.000000 1.000000
0.905590 0.054046 0.420697 44.617424 -0.050609 0.998531 -0.019338 92.249420 -0.421124 -0.003779 0.906995 -4.593578 0.000000 0.000000 0.000000 1.000000
0.900095 0.041410 0.433722 45.822006 -0.036789 0.999142 -0.019048 91.949020 -0.434138 0.001189 0.900845 -3.486432 0.000000 0.000000 0.000000 1.000000
0.891022 0.023977 0.453327 47.019104 -0.019799 0.999707 -0.013960 91.478310 -0.453528 0.003463 0.891235 -2.251189 0.000000 0.000000 0.000000 1.000000
0.881278 0.005936 0.472562 48.239918 -0.003335 0.999974 -0.006342 91.039337 -0.472587 0.004013 0.881275 -0.964959 0.000000 0.000000 0.000000 1.000000
0.872925 -0.007101 0.487802 49.448864 0.008926 0.999959 -0.001416 90.889069 -0.487772 0.005590 0.872953 0.303766 0.000000 0.000000 0.000000 1.000000</float_array><technique_common><accessor source="#mixamorig_Hips-Matrix-animation-output-transform-array" count="31" stride="16"><param type="float4x4"/></accessor></technique_common></source><source id="mixamorig_Hips-Interpolations"><Name_array id="mixamorig_Hips-Interpolations-array" count="31">
 LINEAR LINEAR LINEAR LINEAR LINEAR LINEAR LINEAR LINEAR LINEAR LINEAR LINEAR
LINEAR LINEAR LINEAR LINEAR LINEAR LINEAR LINEAR LINEAR LINEAR LINEAR LINEAR LINEAR
LINEAR LINEAR LINEAR LINEAR LINEAR LINEAR LINEAR LINEAR</Name_array><technique_common><accessor source="#mixamorig_Hips-Interpolations-array" count="31"><param type="name"/></accessor></technique_common></source><sampler id="mixamorig_Hips-Matrix-animation-transform"><input semantic="INPUT" source="#mixamorig_Hips-Matrix-animation-input"/><input semantic="OUTPUT" source="#mixamorig_Hips-Matrix-animation-output-transform"/><input semantic="INTERPOLATION" source="#mixamorig_Hips-Interpolations"/></sampler><channel source="#mixamorig_Hips-Matrix-animation-transform" target="mixamorig_Hips/matrix"/></animation>
    <animation id="mixamorig_Spine-anim" name="mixamorig_Spine"><source id="mixamorig_Spine-Matrix-animation-input"><float_array id="mixamorig_Spine-Matrix-animation-input-array" count="31">

0.000000 0.033333 0.066667 0.100000 0.133333 0.166667 0.200000 0.233333 0.266667 0.300000 0.333333 0.366667 0.400000 0.433333 0.466667 0.500000
0.533333 0.566667 0.600000 0.633333 0.666667 0.700000 0.733333 0.766667 0.800000 0.833333 0.866667 0.900000 0.933333 0.966667 1.000000</float_array><technique_common><accessor source="#mixamorig_Spine-Matrix-animation-input-array" count="31"><param name="TIME" type="float"/></accessor></technique_common></source><source id="mixamorig_Spine-Matrix-animation-output-transform"><float_array id="mixamorig_Spine-Matrix-animation-output-transform-array" count="496">

0.999398 -0.000766 -0.034689 0.000000 -0.000836 0.998935 -0.046132 9.923500 0.034687 0.046133 0.998333 -1.227300 0.000000 0.000000 0.000000 1.000000
0.999372 -0.005845 -0.034958 0.000000 0.004238 0.998939 -0.045856 9.923500 0.035189 0.045679 0.998336 -1.227300 0.000000 0.000000 0.000000 1.000000
0.999329 -0.011301 -0.034839 0.000000 0.009736 0.998950 -0.044777 9.923500 0.035308 0.044408 0.998389 -1.227300 0.000000 0.000000 0.000000 1.000000
0.999316 -0.014018 -0.034221 0.000000 0.012503 0.998949 -0.044104 9.923500 0.034804 0.043646 0.998441 -1.227300 0.000000 0.000000 0.000000 1.000000
0.999348 -0.014775 -0.032931 0.000000 0.013309 0.998930 -0.044289 9.923500 0.033550 0.043822 0.998476 -1.227300 0.000000 0.000000 0.000000 1.000000
0.999431 -0.013862 -0.030751 0.000000 0.012472 0.998911 -0.044960 9.923500 0.031341 0.044551 0.998515 -1.227300 0.000000 0.000000 0.000000 1.000000
0.999552 -0.011022 -0.027833 0.000000 0.009752 0.998923 -0.045360 9.923500 0.028303 0.045068 0.998583 -1.227300 0.000000 0.000000 0.000000 1.000000
0.999670 -0.006652 -0.024802 0.000000 0.005531 0.998972 -0.044998 9.923500 0.025076 0.044846 0.998679 -1.227300 0.000000 0.000000 0.000000 1.000000
0.999746 -0.002128 -0.022434 0.000000 0.001144 0.999039 -0.043813 9.923500 0.022506 0.043777 0.998788 -1.227300 0.000000 0.000000 0.000000 1.000000
0.999775 0.001166 -0.021162 0.000000 -0.002065 0.999093 -0.042529 9.923500 0.021093 0.042563 0.998871 -1.227300 0.000000 0.000000 0.000000 1.000000
0.999782 0.002112 -0.020755 0.000000 -0.002979 0.999119 -0.041861 9.923500 0.020648 0.041913 0.998908 -1.227300 0.000000 0.000000 0.000000 1.000000
0.999786 0.001796 -0.020596 0.000000 -0.002656 0.999121 -0.041831 9.923500 0.020503 0.041877 0.998912 -1.227300 0.000000 0.000000 0.000000 1.000000
0.999793 0.000678 -0.020332 -0.000000 -0.001533 0.999113 -0.042079 9.923500 0.020286 0.042102 0.998907 -1.227300 0.000000 0.000000 0.000000 1.000000
0.999804 0.000673 -0.019787 0.000000 -0.001507 0.999110 -0.042164 9.923500 0.019741 0.042186 0.998915 -1.227300 0.000000 0.000000 0.000000 1.000000
0.999810 0.001206 -0.019471 0.000000 -0.002035 0.999089 -0.042630 9.923500 0.019402 0.042662 0.998901 -1.227300 0.000000 0.000000 0.000000 1.000000
0.999795 0.005144 -0.019570 0.000000 -0.005998 0.999020 -0.043844 9.923500 0.019325 0.043953 0.998847 -1.227300 0.000000 0.000000 0.000000 1.000000
0.999764 0.008909 -0.019827 0.000000 -0.009808 0.998907 -0.045700 9.923500 0.019398 0.045884 0.998758 -1.227300 0.000000 0.000000 0.000000 1.000000
0.999752 0.010472 -0.019658 0.000000 -0.011397 0.998804 -0.047545 9.923500 0.019136 0.047757 0.998676 -1.227300 0.000000 0.000000 0.000000 1.000000
0.999773 0.009416 -0.019129 0.000000 -0.010344 0.998747 -0.048962 9.923500 0.018644 0.049149 0.998617 -1.227300 0.000000 0.000000 0.000000 1.000000
0.999797 0.006919 -0.018918 0.000000 -0.007861 0.998710 -0.050171 9.923500 0.018547 0.050309 0.998561 -1.227300 0.000000 0.000000 0.000000 1.000000
0.999801 0.004692 -0.019404 -0.000000 -0.005678 0.998678 -0.051092 9.923500 0.019138 0.051192 0.998505 -1.227300 0.000000 0.000000 0.000000 1.000000
0.999783 0.003168 -0.020590 0.000000 -0.004215 0.998690 -0.050996 9.923500 0.020402 0.051071 0.998487 -1.227300 0.000000 0.000000 0.000000 1.000000
0.999749 0.002189 -0.022280 -0.000000 -0.003295 0.998757 -0.049740 9.923500 0.022144 0.049801 0.998514 -1.227300 0.000000 0.000000 0.000000 1.000000
0.999706 0.002254 -0.024138 -0.000000 -0.003413 0.998839 -0.048058 9.923500 0.024002 0.048127 0.998553 -1.227300 0.000000 0.000000 0.000000 1.000000
0.999654 0.003814 -0.026012 0.000000 -0.005017 0.998913 -0.046333 9.923500 0.025807 0.046447 0.998587 -1.227300 0.000000 0.000000 0.000000 1.000000
0.999587 0.006263 -0.028057 0.000000 -0.007501 0.998991 -0.044271 9.923500 0.027751 0.044464 0.998625 -1.227300 0.000000 0.000000 0.000000 1.000000
0.999506 0.008163 -0.030345 0.000000 -0.009438 0.999068 -0.042114 9.923500 0.029973 0.042380 0.998652 -1.227300 0.000000 0.000000 0.000000 1.000000
0.999451 0.007110 -0.032348 -0.000000 -0.008441 0.999116 -0.041172 9.923500 0.032026 0.041422 0.998628 -1.227300 0.000000 0.000000 0.000000 1.000000
0.999403 0.005300 -0.034131 0.000000 -0.006742 0.999083 -0.042281 9.923500 0.033875 0.042486 0.998523 -1.227300 0.000000 0.000000 0.000000 1.000000
0.999386 0.002917 -0.034911 0.000000 -0.004471 0.998998 -0.044526 9.923500 0.034746 0.044655 0.998398 -1.227300 0.000000 0.000000 0.000000 1.000000
0.999398 -0.000765 -0.034688 0.000000 -0.000836 0.998935 -0.046132 9.923500 0.034687 0.046133 0.998333 -1.227300 0.000000 0.000000 0.000000 1.000000</float_array><technique_common><accessor source="#mixamorig_Spine-Matrix-animation-output-transform-array" count="31" stride="16"><param type="float4x4"/></accessor></technique_common></source><source id="mixamorig_Spine-Interpolations"><Name_array id="mixamorig_Spine-Interpolations-array" count="31">
 LINEAR LINEAR LINEAR LINEAR LINEAR LINEAR LINEAR LINEAR LINEAR LINEAR LINEAR
LINEAR LINEAR LINEAR LINEAR LINEAR LINEAR LINEAR LINEAR LINEAR LINEAR LINEAR LINEAR
LINEAR LINEAR LINEAR LINEAR LINEAR LINEAR LINEAR LINEAR</Name_array><technique_common><accessor source="#mixamorig_Spine-Interpolations-array" count="31"><param type="name"/></accessor></technique_common></source><sampler id="mixamorig_Spine-Matrix-animation-transform"><input semantic="INPUT" source="#mixamorig_Spine-Matrix-animation-input"/><input semantic="OUTPUT" source="#mixamorig_Spine-Matrix-animation-output-transform"/><input semantic="INTERPOLATION" source="#mixamorig_Spine-Interpolations"/></sampler><channel source="#mixamorig_Spine-Matrix-animation-transform" target="mixamorig_Spine/matrix"/></animation>
    <animation id="mixamorig_Spine1-anim" name="mixamorig_Spine1"><source id="mixamorig_Spine1-Matrix-animation-input"><float_array id="mixamorig_Spine1-Matrix-animation-input-array" count="31">

0.000000 0.033333 0.066667 0.100000 0.133333 0.166667 0.200000 0.233333 0.266667 0.300000 0.333333 0.366667 0.400000 0.433333 0.466667 0.500000
0.533333 0.566667 0.600000 0.633333 0.666667 0.700000 0.733333 0.766667 0.800000 0.833333 0.866667 0.900000 0.933333 0.966667 1.000000</float_array><technique_common><accessor source="#mixamorig_Spine1-Matrix-animation-input-array" count="31"><param name="TIME" type="float"/></accessor></technique_common></source><source id="mixamorig_Spine1-Matrix-animation-output-transform"><float_array id="mixamorig_Spine1-Matrix-animation-output-transform-array" count="496">

0.997688 -0.000616 -0.067952 -0.000100 -0.004747 0.996884 -0.078744 11.645400 0.067788 0.078884 0.994576 -1.422300 0.000000 0.000000 0.000000 1.000000
0.997609 -0.009702 -0.068429 -0.000100 0.004252 0.996839 -0.079334 11.645400 0.068982 0.078854 0.994497 -1.422300 0.000000 0.000000 0.000000 1.000000
0.997558 -0.016642 -0.067834 -0.000100 0.011274 0.996830 -0.078758 11.645400 0.068929 0.077801 0.994583 -1.422300 0.000000 0.000000 0.000000 1.000000
0.997618 -0.019250 -0.066241 -0.000100 0.014031 0.996826 -0.078364 11.645400 0.067540 0.077248 0.994722 -1.422300 0.000000 0.000000 0.000000 1.000000
0.997815 -0.018450 -0.063439 -0.000100 0.013410 0.996787 -0.078964 11.645400 0.064692 0.077941 0.994857 -1.422300 0.000000 0.000000 0.000000 1.000000
0.998114 -0.016033 -0.059256 -0.000100 0.011254 0.996721 -0.080124 11.645400 0.060346 0.079306 0.995022 -1.422300 0.000000 0.000000 0.000000 1.000000
0.998455 -0.013031 -0.054023 -0.000100 0.008637 0.996694 -0.080786 11.645400 0.054897 0.080194 0.995266 -1.422300 0.000000 0.000000 0.000000 1.000000
0.998763 -0.009587 -0.048783 -0.000100 0.005649 0.996760 -0.080229 11.645400 0.049394 0.079855 0.995582 -1.422300 0.000000 0.000000 0.000000 1.000000
0.998981 -0.006000 -0.044728 -0.000100 0.002477 0.996918 -0.078413 11.645400 0.045061 0.078223 0.995917 -1.422300 0.000000 0.000000 0.000000 1.000000
0.999098 -0.003210 -0.042340 -0.000100 -0.000033 0.997079 -0.076371 11.645400 0.042462 0.076303 0.996180 -1.422300 0.000000 0.000000 0.000000 1.000000
0.999147 -0.001790 -0.041261 -0.000100 -0.001320 0.997167 -0.075208 11.645400 0.041279 0.075198 0.996314 -1.422300 0.000000 0.000000 0.000000 1.000000
0.999168 -0.001833 -0.040747 -0.000100 -0.001226 0.997190 -0.074910 11.645400 0.040770 0.074897 0.996357 -1.422300 0.000000 0.000000 0.000000 1.000000
0.999189 -0.003347 -0.040128 -0.000100 0.000339 0.997205 -0.074716 11.645400 0.040266 0.074641 0.996397 -1.422300 0.000000 0.000000 0.000000 1.000000
0.999211 -0.005073 -0.039382 -0.000100 0.002136 0.997237 -0.074250 11.645400 0.039650 0.074107 0.996462 -1.422300 0.000000 0.000000 0.000000 1.000000
0.999206 -0.006361 -0.039323 -0.000100 0.003411 0.997206 -0.074628 11.645400 0.039688 0.074434 0.996436 -1.422300 0.000000 0.000000 0.000000 1.000000
0.999158 -0.006729 -0.040473 -0.000100 0.003600 0.997033 -0.076891 11.645400 0.040870 0.076680 0.996218 -1.422300 0.000000 0.000000 0.000000 1.000000
0.999099 -0.006991 -0.041862 -0.000100 0.003590 0.996726 -0.080775 11.645400 0.042290 0.080552 0.995853 -1.422300 0.000000 0.000000 0.000000 1.000000
0.999084 -0.008721 -0.041888 -0.000100 0.005141 0.996382 -0.084834 11.645400 0.042476 0.084541 0.995514 -1.422300 0.000000 0.000000 0.000000 1.000000
0.999108 -0.012158 -0.040443 -0.000100 0.008565 0.996096 -0.087866 11.645400 0.041353 0.087441 0.995311 -1.422300 0.000000 0.000000 0.000000 1.000000
0.999110 -0.015952 -0.039043 -0.000100 0.012391 0.995881 -0.089822 11.645400 0.040315 0.089258 0.995192 -1.422300 0.000000 0.000000 0.000000 1.000000
0.999063 -0.018610 -0.039079 -0.000100 0.014994 0.995751 -0.090860 11.645400 0.040603 0.090189 0.995097 -1.422300 0.000000 0.000000 0.000000 1.000000
0.998979 -0.019520 -0.040747 -0.000100 0.015768 0.995777 -0.090442 11.645400 0.042341 0.089707 0.995068 -1.422300 0.000000 0.000000 0.000000 1.000000
0.998881 -0.018878 -0.043352 -0.000100 0.014986 0.995970 -0.088421 11.645400 0.044847 0.087673 0.995139 -1.422300 0.000000 0.000000 0.000000 1.000000
0.998799 -0.016559 -0.046123 -0.000100 0.012559 0.996243 -0.085688 11.645400 0.047369 0.085006 0.995254 -1.422300 0.000000 0.000000 0.000000 1.000000
0.998724 -0.012274 -0.048985 -0.000100 0.008177 0.996517 -0.082985 11.645400 0.049833 0.082478 0.995346 -1.422300 0.000000 0.000000 0.000000 1.000000
0.998593 -0.006421 -0.052632 -0.000100 0.002185 0.996781 -0.080148 11.645400 0.052977 0.079920 0.995392 -1.422300 0.000000 0.000000 0.000000 1.000000
0.998341 -0.000094 -0.057582 -0.000100 -0.004351 0.997016 -0.077075 11.645400 0.057417 0.077197 0.995361 -1.422300 0.000000 0.000000 0.000000 1.000000
0.997999 0.005185 -0.063023 -0.000100 -0.009897 0.997159 -0.074673 11.645400 0.062457 0.075148 0.995215 -1.422300 0.000000 0.000000 0.000000 1.000000
0.997722 0.007461 -0.067049 -0.000100 -0.012451 0.997157 -0.074321 11.645400 0.066303 0.074986 0.994978 -1.422300 0.000000 0.000000 0.000000 1.000000
0.997639 0.005203 -0.068485 -0.000100 -0.010434 0.997034 -0.076252 11.645400 0.067885 0.076786 0.994734 -1.422300 0.000000 0.000000 0.000000 1.000000
0.997688 -0.000616 -0.067952 -0.000100 -0.004747 0.996884 -0.078744 11.645400 0.067788 0.078884 0.994576 -1.422300 0.000000 0.000000 0.000000 1.000000</float_array><technique_common><accessor source="#mixamorig_Spine1-Matrix-animation-output-transform-array" count="31" stride="16"><param type="float4x4"/></accessor></technique_common></source><source id="mixamorig_Spine1-Interpolations"><Name_array id="mixamorig_Spine1-Interpolations-array" count="31">
 LINEAR LINEAR LINEAR LINEAR LINEAR LINEAR LINEAR LINEAR LINEAR LINEAR LINEAR
LINEAR LINEAR LINEAR LINEAR LINEAR LINEAR LINEAR LINEAR LINEAR LINEAR LINEAR LINEAR
LINEAR LINEAR LINEAR LINEAR LINEAR LINEAR LINEAR LINEAR</Name_array><technique_common><accessor source="#mixamorig_Spine1-Interpolations-array" count="31"><param type="name"/></accessor></technique_common></source><sampler id="mixamorig_Spine1-Matrix-animation-transform"><input semantic="INPUT" source="#mixamorig_Spine1-Matrix-animation-input"/><input semantic="OUTPUT" source="#mixamorig_Spine1-Matrix-animation-output-transform"/><input semantic="INTERPOLATION" source="#mixamorig_Spine1-Interpolations"/></sampler><channel source="#mixamorig_Spine1-Matrix-animation-transform" target="mixamorig_Spine1/matrix"/></animation>
    <animation id="mixamorig_Spine2-anim" name="mixamorig_Spine2"><source id="mixamorig_Spine2-Matrix-animation-input"><float_array id="mixamorig_Spine2-Matrix-animation-input-array" count="31">

0.000000 0.033333 0.066667 0.100000 0.133333 0.166667 0.200000 0.233333 0.266667 0.300000 0.333333 0.366667 0.400000 0.433333 0.466667 0.500000
0.533333 0.566667 0.600000 0.633333 0.666667 0.700000 0.733333 0.766667 0.800000 0.833333 0.866667 0.900000 0.933333 0.966667 1.000000</float_array><technique_common><accessor source="#mixamorig_Spine2-Matrix-animation-input-array" count="31"><param name="TIME" type="float"/></accessor></technique_common></source><source id="mixamorig_Spine2-Matrix-animation-output-transform"><float_array id="mixamorig_Spine2-Matrix-animation-output-transform-array" count="496">

0.997692 -0.000181 -0.067907 0.000100 -0.005180 0.996881 -0.078751 13.360200 0.067709 0.078921 0.994579 -1.626500 0.000000 0.000000 0.000000 1.000000
0.997619 -0.009292 -0.068339 0.000100 0.003844 0.996834 -0.079422 13.360200 0.068861 0.078970 0.994496 -1.626500 0.000000 0.000000 0.000000 1.000000
0.997569 -0.016292 -0.067758 0.000100 0.010924 0.996826 -0.078856 13.360200 0.068827 0.077924 0.994581 -1.626500 0.000000 0.000000 0.000000 1.000000
0.997624 -0.018949 -0.066239 0.000100 0.013728 0.996827 -0.078402 13.360200 0.067515 0.077306 0.994719 -1.626500 0.000000 0.000000 0.000000 1.000000
0.997814 -0.018177 -0.063531 0.000100 0.013133 0.996794 -0.078929 13.360200 0.064762 0.077922 0.994854 -1.626500 0.000000 0.000000 0.000000 1.000000
0.998108 -0.015777 -0.059422 0.000100 0.010990 0.996731 -0.080041 13.360200 0.060491 0.079237 0.995019 -1.626500 0.000000 0.000000 0.000000 1.000000
0.998446 -0.012795 -0.054239 0.000100 0.008390 0.996705 -0.080680 13.360200 0.055093 0.080100 0.995263 -1.626500 0.000000 0.000000 0.000000 1.000000
0.998753 -0.009378 -0.049028 0.000100 0.005426 0.996771 -0.080112 13.360200 0.049621 0.079746 0.995579 -1.626500 0.000000 0.000000 0.000000 1.000000
0.998971 -0.005818 -0.044969 0.000100 0.002282 0.996927 -0.078299 13.360200 0.045286 0.078116 0.995915 -1.626500 0.000000 0.000000 0.000000 1.000000
0.999091 -0.003043 -0.042524 0.000100 -0.000210 0.997086 -0.076285 13.360200 0.042632 0.076225 0.996179 -1.626500 0.000000 0.000000 0.000000 1.000000
0.999143 -0.001622 -0.041354 0.000100 -0.001492 0.997170 -0.075170 13.360200 0.041359 0.075167 0.996313 -1.626500 0.000000 0.000000 0.000000 1.000000
0.999168 -0.001656 -0.040759 0.000100 -0.001403 0.997189 -0.074917 13.360200 0.040769 0.074912 0.996356 -1.626500 0.000000 0.000000 0.000000 1.000000
0.999190 -0.003158 -0.040125 0.000100 0.000151 0.997203 -0.074738 13.360200 0.040249 0.074671 0.996396 -1.626500 0.000000 0.000000 0.000000 1.000000
0.999207 -0.004886 -0.039526 0.000100 0.001941 0.997241 -0.074200 13.360200 0.039780 0.074065 0.996460 -1.626500 0.000000 0.000000 0.000000 1.000000
0.999191 -0.006182 -0.039749 0.000100 0.003208 0.997220 -0.074439 13.360200 0.040099 0.074251 0.996433 -1.626500 0.000000 0.000000 0.000000 1.000000
0.999127 -0.006561 -0.041254 0.000100 0.003387 0.997062 -0.076529 13.360200 0.041635 0.076323 0.996214 -1.626500 0.000000 0.000000 0.000000 1.000000
0.999053 -0.006839 -0.042966 0.000100 0.003371 0.996768 -0.080268 13.360200 0.043376 0.080047 0.995847 -1.626500 0.000000 0.000000 0.000000 1.000000
0.999031 -0.008585 -0.043156 0.000100 0.004922 0.996430 -0.084280 13.360200 0.043725 0.083986 0.995507 -1.626500 0.000000 0.000000 0.000000 1.000000
0.999060 -0.012027 -0.041654 0.000100 0.008349 0.996140 -0.087380 13.360200 0.042544 0.086950 0.995304 -1.626500 0.000000 0.000000 0.000000 1.000000
0.999072 -0.015806 -0.040064 0.000100 0.012169 0.995917 -0.089448 13.360200 0.041315 0.088877 0.995185 -1.626500 0.000000 0.000000 0.000000 1.000000
0.999033 -0.018436 -0.039912 0.000100 0.014758 0.995780 -0.090573 13.360200 0.041414 0.089897 0.995090 -1.626500 0.000000 0.000000 0.000000 1.000000
0.998955 -0.019323 -0.041423 0.000100 0.015522 0.995802 -0.090207 13.360200 0.042992 0.089470 0.995061 -1.626500 0.000000 0.000000 0.000000 1.000000
0.998864 -0.018670 -0.043848 0.000100 0.014744 0.995991 -0.088233 13.360200 0.045320 0.087486 0.995134 -1.626500 0.000000 0.000000 0.000000 1.000000
0.998787 -0.016344 -0.046438 0.000100 0.012325 0.996257 -0.085555 13.360200 0.047662 0.084879 0.995251 -1.626500 0.000000 0.000000 0.000000 1.000000
0.998718 -0.012058 -0.049163 0.000100 0.007951 0.996526 -0.082896 13.360200 0.049992 0.082399 0.995345 -1.626500 0.000000 0.000000 0.000000 1.000000
0.998590 -0.006219 -0.052727 0.000100 0.001980 0.996787 -0.080074 13.360200 0.053055 0.079857 0.995393 -1.626500 0.000000 0.000000 0.000000 1.000000
0.998338 0.000091 -0.057633 0.000100 -0.004536 0.997021 -0.076993 13.360200 0.057455 0.077126 0.995365 -1.626500 0.000000 0.000000 0.000000 1.000000
0.997996 0.005396 -0.063054 0.000100 -0.010103 0.997164 -0.074576 13.360200 0.062473 0.075063 0.995220 -1.626500 0.000000 0.000000 0.000000 1.000000
0.997719 0.007766 -0.067055 0.000100 -0.012750 0.997160 -0.074226 13.360200 0.066289 0.074912 0.994984 -1.626500 0.000000 0.000000 0.000000 1.000000
0.997638 0.005608 -0.068461 0.000100 -0.010834 0.997034 -0.076198 13.360200 0.067831 0.076760 0.994740 -1.626500 0.000000 0.000000 0.000000 1.000000
0.997692 -0.000181 -0.067907 0.000100 -0.005179 0.996881 -0.078751 13.360200 0.067709 0.078921 0.994579 -1.626500 0.000000 0.000000 0.000000 1.000000</float_array><technique_common><accessor source="#mixamorig_Spine2-Matrix-animation-output-transform-array" count="31" stride="16"><param type="float4x4"/></accessor></technique_common></source><source id="mixamorig_Spine2-Interpolations"><Name_array id="mixamorig_Spine2-Interpolations-array" count="31">
 LINEAR LINEAR LINEAR LINEAR LINEAR LINEAR LINEAR LINEAR LINEAR LINEAR LINEAR
LINEAR LINEAR LINEAR LINEAR LINEAR LINEAR LINEAR LINEAR LINEAR LINEAR LINEAR LINEAR
LINEAR LINEAR LINEAR LINEAR LINEAR LINEAR LINEAR LINEAR</Name_array><technique_common><accessor source="#mixamorig_Spine2-Interpolations-array" count="31"><param type="name"/></accessor></technique_common></source><sampler id="mixamorig_Spine2-Matrix-animation-transform"><input semantic="INPUT" source="#mixamorig_Spine2-Matrix-animation-input"/><input semantic="OUTPUT" source="#mixamorig_Spine2-Matrix-animation-output-transform"/><input semantic="INTERPOLATION" source="#mixamorig_Spine2-Interpolations"/></sampler><channel source="#mixamorig_Spine2-Matrix-animation-transform" target="mixamorig_Spine2/matrix"/></animation>
    <animation id="mixamorig_Neck-anim" name="mixamorig_Neck"><source id="mixamorig_Neck-Matrix-animation-input"><float_array id="mixamorig_Neck-Matrix-animation-input-array" count="31">

0.000000 0.033333 0.066667 0.100000 0.133333 0.166667 0.200000 0.233333 0.266667 0.300000 0.333333 0.366667 0.400000 0.433333 0.466667 0.500000
0.533333 0.566667 0.600000 0.633333 0.666667 0.700000 0.733333 0.766667 0.800000 0.833333 0.866667 0.900000 0.933333 0.966667 1.000000</float_array><technique_common><accessor source="#mixamorig_Neck-Matrix-animation-input-array" count="31"><param name="TIME" type="float"/></accessor></technique_common></source><source id="mixamorig_Neck-Matrix-animation-output-transform"><float_array id="mixamorig_Neck-Matrix-animation-output-transform-array" count="496">

0.996689 -0.076460 0.027654 0.000000 0.079647 0.986518 -0.142962 15.032500 -0.016350 0.144692 0.989342 0.792900 0.000000 0.000000 0.000000 1.000000
0.997183 -0.069216 0.028912 -0.000000 0.072616 0.987376 -0.140771 15.032500 -0.018804 0.142474 0.989620 0.792900 0.000000 0.000000 0.000000 1.000000
0.997571 -0.062480 0.030790 0.000000 0.066237 0.987679 -0.141784 15.032500 -0.021552 0.143479 0.989419 0.792900 0.000000 0.000000 0.000000 1.000000
0.997796 -0.057797 0.032589 -0.000000 0.061928 0.987539 -0.144675 15.032500 -0.023821 0.146375 0.988942 0.792900 0.000000 0.000000 0.000000 1.000000
0.997873 -0.055863 0.033613 -0.000000 0.060218 0.987326 -0.146839 15.032500 -0.024984 0.148551 0.988589 0.792900 0.000000 0.000000 0.000000 1.000000
0.997883 -0.055256 0.034308 0.000000 0.059748 0.987201 -0.147868 15.032500 -0.025698 0.149605 0.988412 0.792900 0.000000 0.000000 0.000000 1.000000
0.997915 -0.053904 0.035499 0.000000 0.058616 0.987122 -0.148844 15.032500 -0.027018 0.150615 0.988223 0.792900 0.000000 0.000000 0.000000 1.000000
0.997965 -0.051846 0.037120 0.000000 0.056861 0.987038 -0.150073 15.032500 -0.028858 0.151878 0.987978 0.792900 0.000000 0.000000 0.000000 1.000000
0.997981 -0.050531 0.038467 0.000000 0.055786 0.986998 -0.150744 15.032500 -0.030349 0.152585 0.987824 0.792900 0.000000 0.000000 0.000000 1.000000
0.997951 -0.050564 0.039193 0.000000 0.055906 0.987101 -0.150023 15.032500 -0.031102 0.151907 0.987905 0.792900 0.000000 0.000000 0.000000 1.000000
0.997890 -0.051561 0.039454 0.000000 0.056871 0.987337 -0.148092 15.032500 -0.031318 0.150024 0.988186 0.792900 0.000000 0.000000 0.000000 1.000000
0.997809 -0.053190 0.039343 -0.000000 0.058411 0.987510 -0.146327 15.032500 -0.031069 0.148305 0.988454 0.792900 0.000000 0.000000 0.000000 1.000000
0.997727 -0.055124 0.038752 -0.000000 0.060231 0.987431 -0.146127 15.032500 -0.030210 0.148129 0.988506 0.792900 0.000000 0.000000 0.000000 1.000000
0.997683 -0.056670 0.037643 0.000000 0.061642 0.987114 -0.147667 15.032500 -0.028789 0.149645 0.988321 0.792900 0.000000 0.000000 0.000000 1.000000
0.997691 -0.057494 0.036167 -0.000000 0.062301 0.986712 -0.150059 15.032500 -0.027059 0.151966 0.988015 0.792900 0.000000 0.000000 0.000000 1.000000
0.997689 -0.058520 0.034513 -0.000000 0.063128 0.986277 -0.152551 15.032500 -0.025112 0.154377 0.987693 0.792900 0.000000 0.000000 0.000000 1.000000
0.997586 -0.061252 0.032704 0.000000 0.065608 0.985718 -0.155101 15.032500 -0.022736 0.156873 0.987357 0.792900 0.000000 0.000000 0.000000 1.000000
0.997336 -0.066263 0.030482 0.000000 0.070261 0.984995 -0.157634 15.032500 -0.019579 0.159356 0.987027 0.792900 0.000000 0.000000 0.000000 1.000000
0.996958 -0.072778 0.027885 0.000000 0.076310 0.984250 -0.159463 15.032500 -0.015841 0.161105 0.986810 0.792900 0.000000 0.000000 0.000000 1.000000
0.996532 -0.079214 0.025470 -0.000000 0.082284 0.983657 -0.160153 15.032500 -0.012367 0.161693 0.986764 0.792900 0.000000 0.000000 0.000000 1.000000
0.996174 -0.084035 0.023997 0.000000 0.086807 0.983221 -0.160442 15.032500 -0.010111 0.161912 0.986753 0.792900 0.000000 0.000000 0.000000 1.000000
0.995905 -0.087254 0.023663 -0.000000 0.089937 0.982820 -0.161172 15.032500 -0.009194 0.162640 0.986643 0.792900 0.000000 0.000000 0.000000 1.000000
0.995609 -0.090523 0.023862 -0.000000 0.093200 0.982429 -0.161702 15.032500 -0.008805 0.163216 0.986551 0.792900 0.000000 0.000000 0.000000 1.000000
0.995173 -0.095156 0.023994 0.000000 0.097786 0.982129 -0.160812 15.032500 -0.008263 0.162382 0.986693 0.792900 0.000000 0.000000 0.000000 1.000000
0.994615 -0.100824 0.023998 0.000000 0.103363 0.981928 -0.158534 15.032500 -0.007580 0.160161 0.987062 0.792900 0.000000 0.000000 0.000000 1.000000
0.994087 -0.105894 0.024030 0.000000 0.108357 0.981783 -0.156081 15.032500 -0.007064 0.157762 0.987452 0.792900 0.000000 0.000000 0.000000 1.000000
0.993829 -0.108276 0.024092 0.000000 0.110706 0.981820 -0.154189 15.032500 -0.006959 0.155905 0.987748 0.792900 0.000000 0.000000 0.000000 1.000000
0.994059 -0.106125 0.024187 0.000000 0.108582 0.982332 -0.152427 15.032500 -0.007584 0.154147 0.988019 0.792900 0.000000 0.000000 0.000000 1.000000
0.994802 -0.098810 0.024612 -0.000000 0.101394 0.983491 -0.149879 15.032500 -0.009396 0.151595 0.988398 0.792900 0.000000 0.000000 0.000000 1.000000
0.995778 -0.088101 0.025784 -0.000000 0.090942 0.985030 -0.146441 15.032500 -0.012496 0.148168 0.988883 0.792900 0.000000 0.000000 0.000000 1.000000
0.996689 -0.076460 0.027654 0.000000 0.079647 0.986518 -0.142962 15.032500 -0.016350 0.144691 0.989342 0.792900 0.000000 0.000000 0.000000 1.000000</float_array><technique_common><accessor source="#mixamorig_Neck-Matrix-animation-output-transform-array" count="31" stride="16"><param type="float4x4"/></accessor></technique_common></source><source id="mixamorig_Neck-Interpolations"><Name_array id="mixamorig_Neck-Interpolations-array" count="31">
 LINEAR LINEAR LINEAR LINEAR LINEAR LINEAR LINEAR LINEAR LINEAR LINEAR LINEAR
LINEAR LINEAR LINEAR LINEAR LINEAR LINEAR LINEAR LINEAR LINEAR LINEAR LINEAR LINEAR
LINEAR LINEAR LINEAR LINEAR LINEAR LINEAR LINEAR LINEAR</Name_array><technique_common><accessor source="#mixamorig_Neck-Interpolations-array" count="31"><param type="name"/></accessor></technique_common></source><sampler id="mixamorig_Neck-Matrix-animation-transform"><input semantic="INPUT" source="#mixamorig_Neck-Matrix-animation-input"/><input semantic="OUTPUT" source="#mixamorig_Neck-Matrix-animation-output-transform"/><input semantic="INTERPOLATION" source="#mixamorig_Neck-Interpolations"/></sampler><channel source="#mixamorig_Neck-Matrix-animation-transform" target="mixamorig_Neck/matrix"/></animation>
    <animation id="mixamorig_Head-anim" name="mixamorig_Head"><source id="mixamorig_Head-Matrix-animation-input"><float_array id="mixamorig_Head-Matrix-animation-input-array" count="31">

0.000000 0.033333 0.066667 0.100000 0.133333 0.166667 0.200000 0.233333 0.266667 0.300000 0.333333 0.366667 0.400000 0.433333 0.466667 0.500000
0.533333 0.566667 0.600000 0.633333 0.666667 0.700000 0.733333 0.766667 0.800000 0.833333 0.866667 0.900000 0.933333 0.966667 1.000000</float_array><technique_common><accessor source="#mixamorig_Head-Matrix-animation-input-array" count="31"><param name="TIME" type="float"/></accessor></technique_common></source><source id="mixamorig_Head-Matrix-animation-output-transform"><float_array id="mixamorig_Head-Matrix-animation-output-transform-array" count="496">

0.956056 -0.003723 -0.293160 0.000000 -0.046618 0.985267 -0.164544 10.321800 0.289453 0.170980 0.941798 3.142400 0.000000 0.000000 0.000000 1.000000
0.955619 0.007081 -0.294520 0.000000 -0.056956 0.985291 -0.161116 10.321800 0.289047 0.170740 0.941966 3.142400 0.000000 0.000000 0.000000 1.000000
0.955990 0.013365 -0.293094 -0.000000 -0.062004 0.985603 -0.157294 10.321800 0.286773 0.168544 0.943056 3.142400 0.000000 0.000000 0.000000 1.000000
0.956835 0.012791 -0.290349 -0.000000 -0.059366 0.986569 -0.152176 10.321800 0.284503 0.162844 0.944743 3.142400 0.000000 0.000000 0.000000 1.000000
0.957463 0.008938 -0.288418 0.000000 -0.053004 0.987961 -0.145341 10.321800 0.283647 0.154446 0.946410 3.142400 0.000000 0.000000 0.000000 1.000000
0.958024 0.004253 -0.286658 0.000000 -0.045462 0.989492 -0.137258 10.321800 0.283062 0.144528 0.948150 3.142400 0.000000 0.000000 0.000000 1.000000
0.958995 -0.000462 -0.283422 -0.000000 -0.037499 0.991001 -0.128498 10.321800 0.280930 0.133857 0.950348 3.142400 0.000000 0.000000 0.000000 1.000000
0.960341 -0.004174 -0.278799 0.000000 -0.030669 0.992240 -0.120495 10.321800 0.277138 0.124266 0.952760 3.142400 0.000000 0.000000 0.000000 1.000000
0.961613 -0.005703 -0.274349 0.000000 -0.026756 0.993072 -0.114424 10.321800 0.273100 0.117372 0.954798 3.142400 0.000000 0.000000 0.000000 1.000000
0.962520 -0.005825 -0.271149 -0.000000 -0.024845 0.993672 -0.109540 10.321800 0.270071 0.112171 0.956284 3.142400 0.000000 0.000000 0.000000 1.000000
0.963093 -0.006448 -0.269093 -0.000000 -0.022786 0.994171 -0.105375 10.321800 0.268204 0.107618 0.957332 3.142400 0.000000 0.000000 0.000000 1.000000
0.963380 -0.007514 -0.268035 0.000000 -0.021134 0.994370 -0.103838 10.321800 0.267306 0.105700 0.957797 3.142400 0.000000 0.000000 0.000000 1.000000
0.963205 -0.007268 -0.268668 0.000000 -0.022263 0.994041 -0.106705 10.321800 0.267842 0.108760 0.957304 3.142400 0.000000 0.000000 0.000000 1.000000
0.962297 -0.005631 -0.271942 -0.000000 -0.026107 0.993258 -0.112947 10.321800 0.270745 0.115788 0.955662 3.142400 0.000000 0.000000 0.000000 1.000000
0.960618 -0.005430 -0.277818 0.000000 -0.029057 0.992365 -0.119866 10.321800 0.276348 0.123218 0.953126 3.142400 0.000000 0.000000 0.000000 1.000000
0.958536 -0.010219 -0.284790 0.000000 -0.026789 0.991700 -0.125753 10.321800 0.283711 0.128168 0.950306 3.142400 0.000000 0.000000 0.000000 1.000000
0.956429 -0.020358 -0.291255 0.000000 -0.018726 0.991235 -0.130776 10.321800 0.291364 0.130532 0.947665 3.142400 0.000000 0.000000 0.000000 1.000000
0.954232 -0.031422 -0.297414 0.000000 -0.009760 0.990664 -0.135978 10.321800 0.298910 0.132657 0.945016 3.142400 0.000000 0.000000 0.000000 1.000000
0.952157 -0.038209 -0.303210 0.000000 -0.005557 0.989825 -0.142182 10.321800 0.305558 0.137064 0.942257 3.142400 0.000000 0.000000 0.000000 1.000000
0.950714 -0.039896 -0.307491 0.000000 -0.006547 0.988884 -0.148546 10.321800 0.309999 0.143238 0.939885 3.142400 0.000000 0.000000 0.000000 1.000000
0.950344 -0.038749 -0.308778 -0.000000 -0.009517 0.988135 -0.153292 10.321800 0.311055 0.148619 0.938700 3.142400 0.000000 0.000000 0.000000 1.000000
0.951174 -0.036602 -0.306477 0.000000 -0.012584 0.987519 -0.156994 10.321800 0.308399 0.153186 0.938842 3.142400 0.000000 0.000000 0.000000 1.000000
0.952877 -0.033831 -0.301464 0.000000 -0.016180 0.986679 -0.161871 10.321800 0.302924 0.159121 0.939637 3.142400 0.000000 0.000000 0.000000 1.000000
0.955036 -0.030193 -0.294950 0.000000 -0.020730 0.985567 -0.168012 10.321800 0.295766 0.166571 0.940626 3.142400 0.000000 0.000000 0.000000 1.000000
0.957346 -0.025288 -0.287835 0.000000 -0.026045 0.984555 -0.173126 10.321800 0.287768 0.173238 0.941901 3.142400 0.000000 0.000000 0.000000 1.000000
0.959358 -0.019202 -0.281538 -0.000000 -0.031862 0.983932 -0.175680 10.321800 0.280387 0.177510 0.943331 3.142400 0.000000 0.000000 0.000000 1.000000
0.960382 -0.013282 -0.278369 0.000000 -0.037489 0.983627 -0.176272 10.321800 0.276153 0.179724 0.944160 3.142400 0.000000 0.000000 0.000000 1.000000
0.959968 -0.009634 -0.279944 0.000000 -0.041452 0.983519 -0.175990 10.321800 0.277026 0.180549 0.943747 3.142400 0.000000 0.000000 0.000000 1.000000
0.958427 -0.008553 -0.285208 0.000000 -0.043116 0.983732 -0.174392 10.321800 0.282060 0.179439 0.942467 3.142400 0.000000 0.000000 0.000000 1.000000
0.956913 -0.006808 -0.290295 0.000000 -0.044745 0.984328 -0.170578 10.321800 0.286906 0.176218 0.941611 3.142400 0.000000 0.000000 0.000000 1.000000
0.956056 -0.003723 -0.293159 0.000000 -0.046619 0.985267 -0.164545 10.321800 0.289453 0.170981 0.941797 3.142400 0.000000 0.000000 0.000000 1.000000</float_array><technique_common><accessor source="#mixamorig_Head-Matrix-animation-output-transform-array" count="31" stride="16"><param type="float4x4"/></accessor></technique_common></source><source id="mixamorig_Head-Interpolations"><Name_array id="mixamorig_Head-Interpolations-array" count="31">
 LINEAR LINEAR LINEAR LINEAR LINEAR LINEAR LINEAR LINEAR LINEAR LINEAR LINEAR
LINEAR LINEAR LINEAR LINEAR LINEAR LINEAR LINEAR LINEAR LINEAR LINEAR LINEAR LINEAR
LINEAR LINEAR LINEAR LINEAR LINEAR LINEAR LINEAR LINEAR</Name_array><technique_common><accessor source="#mixamorig_Head-Interpolations-array" count="31"><param type="name"/></accessor></technique_common></source><sampler id="mixamorig_Head-Matrix-animation-transform"><input semantic="INPUT" source="#mixamorig_Head-Matrix-animation-input"/><input semantic="OUTPUT" source="#mixamorig_Head-Matrix-animation-output-transform"/><input semantic="INTERPOLATION" source="#mixamorig_Head-Interpolations"/></sampler><channel source="#mixamorig_Head-Matrix-animation-transform" target="mixamorig_Head/matrix"/></animation>
    <animation id="mixamorig_LeftShoulder-anim" name="mixamorig_LeftShoulder"><source id="mixamorig_LeftShoulder-Matrix-animation-input"><float_array id="mixamorig_LeftShoulder-Matrix-animation-input-array" count="31">

0.000000 0.033333 0.066667 0.100000 0.133333 0.166667 0.200000 0.233333 0.266667 0.300000 0.333333 0.366667 0.400000 0.433333 0.466667 0.500000
