<?xml version="1.0" encoding="utf-8"?>
<COLLADA xmlns="http://www.collada.org/2005/11/COLLADASchema" version="1.4.1">
  <asset><contributor><author>Mixamo</author><authoring_tool>COLLADA Mixamo exporter</authoring_tool><comments></comments></contributor><created>2018-10-29T11:57:53Z</created><modified>2018-10-29T11:57:53Z</modified><revision></revision><title></title><unit meter="0.010000"/><up_axis>Y_UP</up_axis></asset>
  <library_animations>
    <animation id="mixamorig_Hips-anim" name="mixamorig_Hips"><source id="mixamorig_Hips-Matrix-animation-input"><float_array id="mixamorig_Hips-Matrix-animation-input-array" count="31">

0.000000 0.033333 0.066667 0.100000 0.133333 0.166667 0.200000 0.233333 0.266667 0.300000 0.333333 0.366667 0.400000 0.433333 0.466667 0.500000
0.533333 0.566667 0.600000 0.633333 0.666667 0.700000 0.733333 0.766667 0.800000 0.833333 0.866667 0.900000 0.933333 0.966667 1.000000</float_array><technique_common><accessor source="#mixamorig_Hips-Matrix-animation-input-array" count="31"><param name="TIME" type="float"/></accessor></technique_common></source><source id="mixamorig_Hips-Matrix-animation-output-transform"><float_array id="mixamorig_Hips-Matrix-animation-output-transform-array" count="496">

0.883908 0.008279 -0.467587 -0.274878 -0.011982 0.999916 -0.004945 90.295219 0.467507 0.009974 0.883933 0.285938 0.000000 0.000000 0.000000 1.000000
0.876613 0.010454 -0.481083 -1.477701 -0.017077 0.999810 -0.009393 90.461014 0.480894 0.016449 0.876625 1.316474 0.000000 0.000000 0.000000 1.000000
0.871272 0.010706 -0.490684 -2.603944 -0.021340 0.999643 -0.016081 90.850807 0.490336 0.024482 0.871189 2.175558 0.000000 0.000000 0.000000 1.000000
0.868383 0.013191 -0.495718 -3.705495 -0.027728 0.999374 -0.021981 91.289406 0.495118 0.032833 0.868205 2.758632 0.000000 0.000000 0.000000 1.000000
0.868536 0.017296 -0.495325 -4.883738 -0.035280 0.999013 -0.026980 91.676704 0.494369 0.040908 0.868289 3.059926 0.000000 0.000000 0.000000 1.000000
0.872441 0.021571 -0.488243 -6.174189 -0.042700 0.998569 -0.032184 92.007988 0.486850 0.048927 0.872114 3.192480 0.000000 0.000000 0.000000 1.000000
0.879768 0.025017 -0.474745 -7.530803 -0.048767 0.998096 -0.037777 92.288635 0.472895 0.056387 0.879312 3.272371 0.000000 0.000000 0.000000 1.000000
0.888507 0.026881 -0.458075 -8.932328 -0.052472 0.997686 -0.043230 92.452873 0.455853 0.062447 0.887862 3.303896 0.000000 0.000000 0.000000 1.000000
0.896316 0.026127 -0.442645 -10.435534 -0.052716 0.997462 -0.047870 92.366325 0.440271 0.066241 0.895418 3.231330 0.000000 0.000000 0.000000 1.000000
0.902046 0.022835 -0.431035 -12.133579 -0.049308 0.997514 -0.050344 91.884384 0.428814 0.066666 0.900930 2.975898 0.000000 0.000000 0.000000 1.000000
0.905794 0.017601 -0.423353 -14.101476 -0.042104 0.997931 -0.048596 91.008125 0.421622 0.061843 0.904660 2.528709 0.000000 0.000000 0.000000 1.000000
0.908016 0.011473 -0.418778 -16.379030 -0.031841 0.998624 -0.041679 89.831581 0.417724 0.051180 0.907131 1.916759 0.000000 0.000000 0.000000 1.000000
0.908768 0.004234 -0.417281 -18.938732 -0.018883 0.999342 -0.030984 88.540817 0.416875 0.036036 0.908249 1.176852 0.000000 0.000000 0.000000 1.000000
0.907746 -0.003573 -0.419506 -21.686232 -0.004734 0.999813 -0.018760 87.345047 0.419495 0.019015 0.907559 0.283229 0.000000 0.000000 0.000000 1.000000
0.904525 -0.009294 -0.426320 -24.591423 0.007446 0.999954 -0.006000 86.379120 0.426356 0.002253 0.904552 -0.805330 0.000000 0.000000 0.000000 1.000000
0.899165 -0.011580 -0.437458 -27.591187 0.016288 0.999843 0.007013 85.813400 0.437308 -0.013432 0.899212 -2.033376 0.000000 0.000000 0.000000 1.000000
0.893330 -0.011402 -0.449257 -30.558102 0.022087 0.999584 0.018550 85.825981 0.448859 -0.026494 0.893210 -3.305448 0.000000 0.000000 0.000000 1.000000
0.889446 -0.012786 -0.456861 -33.457207 0.027611 0.999286 0.025789 86.355957 0.456205 -0.035553 0.889164 -4.582376 0.000000 0.000000 0.000000 1.000000
0.888789 -0.016837 -0.458008 -36.240425 0.033280 0.999058 0.027856 87.238808 0.457108 -0.040000 0.888512 -5.756827 0.000000 0.000000 0.000000 1.000000
0.890250 -0.023389 -0.454870 -38.811733 0.040013 0.998836 0.026953 88.238770 0.453710 -0.042196 0.890150 -6.688458 0.000000 0.000000 0.000000 1.000000
0.892412 -0.032167 -0.450074 -41.091358 0.048674 0.998498 0.025146 89.202728 0.448590 -0.044347 0.892637 -7.292370 0.000000 0.000000 0.000000 1.000000
0.895135 -0.042866 -0.443730 -43.100468 0.058380 0.998066 0.021354 90.074661 0.441957 -0.045020 0.895906 -7.534529 0.000000 0.000000 0.000000 1.000000
0.898931 -0.053991 -0.434750 -44.932072 0.066403 0.997703 0.013398 90.847435 0.433028 -0.040913 0.900451 -7.483652 0.000000 0.000000 0.000000 1.000000
0.904152 -0.063327 -0.422492 -46.622059 0.070601 0.997503 0.001575 91.462280 0.421338 -0.031252 0.906365 -7.201146 0.000000 0.000000 0.000000 1.000000
0.910352 -0.068716 -0.408089 -48.201435 0.070281 0.997465 -0.011175 91.836845 0.407823 -0.018508 0.912874 -6.689737 0.000000 0.000000 0.000000 1.000000
0.915593 -0.068348 -0.396254 -49.734058 0.065025 0.997645 -0.021832 91.897324 0.396813 -0.005777 0.917881 -5.900339 0.000000 0.000000 0.000000 1.000000
0.917048 -0.061267 -0.394043 -51.287277 0.054417 0.998110 -0.028545 91.681274 0.395047 0.004735 0.918649 -4.842698 0.000000 0.000000 0.000000 1.000000
0.913043 -0.047453 -0.405093 -52.877647 0.038689 0.998807 -0.029800 91.304985 0.406024 0.011535 0.913790 -3.615311 0.000000 0.000000 0.000000 1.000000
0.904433 -0.028481 -0.425663 -54.497696 0.020021 0.999503 -0.024337 90.876808 0.426145 0.013489 0.904554 -2.325448 0.000000 0.000000 0.000000 1.000000
0.893920 -0.008272 -0.448150 -56.139568 0.002260 0.999900 -0.013949 90.475616 0.448221 0.011456 0.893849 -1.015512 0.000000 0.000000 0.000000 1.000000
0.883908 0.008279 -0.467587 -57.753319 -0.011982 0.999916 -0.004945 90.295235 0.467507 0.009974 0.883933 0.285932 0.000000 0.000000 0.000000 1.000000</float_array><technique_common><accessor source="#mixamorig_Hips-Matrix-animation-output-transform-array" count="31" stride="16"><param type="float4x4"/></accessor></technique_common></source><source id="mixamorig_Hips-Interpolations"><Name_array id="mixamorig_Hips-Interpolations-array" count="31">
 LINEAR LINEAR LINEAR LINEAR LINEAR LINEAR LINEAR LINEAR LINEAR LINEAR LINEAR
LINEAR LINEAR LINEAR LINEAR LINEAR LINEAR LINEAR LINEAR LINEAR LINEAR LINEAR LINEAR
LINEAR LINEAR LINEAR LINEAR LINEAR LINEAR LINEAR LINEAR</Name_array><technique_common><accessor source="#mixamorig_Hips-Interpolations-array" count="31"><param type="name"/></accessor></technique_common></source><sampler id="mixamorig_Hips-Matrix-animation-transform"><input semantic="INPUT" source="#mixamorig_Hips-Matrix-animation-input"/><input semantic="OUTPUT" source="#mixamorig_Hips-Matrix-animation-output-transform"/><input semantic="INTERPOLATION" source="#mixamorig_Hips-Interpolations"/></sampler><channel source="#mixamorig_Hips-Matrix-animation-transform" target="mixamorig_Hips/matrix"/></animation>
    <animation id="mixamorig_Spine-anim" name="mixamorig_Spine"><source id="mixamorig_Spine-Matrix-animation-input"><float_array id="mixamorig_Spine-Matrix-animation-input-array" count="31">

0.000000 0.033333 0.066667 0.100000 0.133333 0.166667 0.200000 0.233333 0.266667 0.300000 0.333333 0.366667 0.400000 0.433333 0.466667 0.500000
0.533333 0.566667 0.600000 0.633333 0.666667 0.700000 0.733333 0.766667 0.800000 0.833333 0.866667 0.900000 0.933333 0.966667 1.000000</float_array><technique_common><accessor source="#mixamorig_Spine-Matrix-animation-input-array" count="31"><param name="TIME" type="float"/></accessor></technique_common></source><source id="mixamorig_Spine-Matrix-animation-output-transform"><float_array id="mixamorig_Spine-Matrix-animation-output-transform-array" count="496">

0.999337 0.003896 0.036196 0.000000 -0.002103 0.998775 -0.049441 9.923500 -0.036344 0.049332 0.998121 -1.227300 0.000000 0.000000 0.000000 1.000000
0.999257 0.010799 0.036999 0.000000 -0.008992 0.998774 -0.048672 9.923500 -0.037479 0.048303 0.998129 -1.227300 0.000000 0.000000 0.000000 1.000000
0.999165 0.017119 0.037110 -0.000000 -0.015371 0.998782 -0.046891 9.923500 -0.037867 0.046281 0.998210 -1.227300 0.000000 0.000000 0.000000 1.000000
0.999125 0.020419 0.036499 0.000000 -0.018730 0.998764 -0.046037 9.923500 -0.037394 0.045313 0.998273 -1.227300 0.000000 0.000000 0.000000 1.000000
0.999169 0.021152 0.034850 0.000000 -0.019524 0.998731 -0.046415 9.923500 -0.035788 0.045696 0.998314 -1.227300 0.000000 0.000000 0.000000 1.000000
0.999298 0.019417 0.032051 -0.000000 -0.017891 0.998725 -0.047214 9.923500 -0.032927 0.046607 0.998370 -1.227300 0.000000 0.000000 0.000000 1.000000
0.999477 0.015170 0.028548 -0.000000 -0.013804 0.998778 -0.047465 9.923500 -0.029233 0.047046 0.998465 -1.227300 0.000000 0.000000 0.000000 1.000000
0.999641 0.009323 0.025134 0.000000 -0.008138 0.998869 -0.046846 9.923500 -0.025543 0.046624 0.998586 -1.227300 0.000000 0.000000 0.000000 1.000000
0.999740 0.003786 0.022493 0.000000 -0.002761 0.998963 -0.045440 9.923500 -0.022642 0.045366 0.998714 -1.227300 0.000000 0.000000 0.000000 1.000000
0.999782 0.000127 0.020898 0.000000 0.000793 0.999031 -0.044003 9.923500 -0.020883 0.044009 0.998813 -1.227300 0.000000 0.000000 0.000000 1.000000
0.999797 -0.000996 0.020142 0.000000 0.001867 0.999062 -0.043261 9.923500 -0.020080 0.043290 0.998861 -1.227300 0.000000 0.000000 0.000000 1.000000
0.999805 -0.000775 0.019752 0.000000 0.001630 0.999061 -0.043288 9.923500 -0.019700 0.043312 0.998867 -1.227300 0.000000 0.000000 0.000000 1.000000
0.999809 -0.000006 0.019523 0.000000 0.000857 0.999049 -0.043591 9.923500 -0.019504 0.043600 0.998859 -1.227300 0.000000 0.000000 0.000000 1.000000
0.999813 0.000155 0.019320 -0.000000 0.000691 0.999042 -0.043763 9.923500 -0.019308 0.043769 0.998855 -1.227300 0.000000 0.000000 0.000000 1.000000
0.999814 -0.001249 0.019252 0.000000 0.002100 0.999020 -0.044207 9.923500 -0.019178 0.044239 0.998837 -1.227300 0.000000 0.000000 0.000000 1.000000
0.999803 -0.003968 0.019436 0.000000 0.004849 0.998953 -0.045500 9.923500 -0.019235 0.045585 0.998775 -1.227300 0.000000 0.000000 0.000000 1.000000
0.999784 -0.007595 0.019336 -0.000000 0.008505 0.998837 -0.047450 9.923500 -0.018953 0.047604 0.998686 -1.227300 0.000000 0.000000 0.000000 1.000000
0.999783 -0.009301 0.018629 -0.000000 0.010207 0.998739 -0.049153 9.923500 -0.018148 0.049332 0.998618 -1.227300 0.000000 0.000000 0.000000 1.000000
0.999808 -0.008489 0.017653 -0.000000 0.009366 0.998693 -0.050244 9.923500 -0.017203 0.050400 0.998581 -1.227300 0.000000 0.000000 0.000000 1.000000
0.999836 -0.005972 0.017100 0.000000 0.006844 0.998656 -0.051369 9.923500 -0.016771 0.051477 0.998533 -1.227300 0.000000 0.000000 0.000000 1.000000
0.999845 -0.003331 0.017274 0.000000 0.004236 0.998606 -0.052605 9.923500 -0.017075 0.052670 0.998466 -1.227300 0.000000 0.000000 0.000000 1.000000
0.999834 -0.001040 0.018209 0.000000 0.002004 0.998593 -0.052983 9.923500 -0.018128 0.053010 0.998429 -1.227300 0.000000 0.000000 0.000000 1.000000
0.999802 0.001067 0.019866 0.000000 -0.000028 0.998635 -0.052238 9.923500 -0.019895 0.052227 0.998437 -1.227300 0.000000 0.000000 0.000000 1.000000
0.999757 0.001936 0.021937 0.000000 -0.000815 0.998698 -0.051012 9.923500 -0.022007 0.050981 0.998457 -1.227300 0.000000 0.000000 0.000000 1.000000
0.999707 0.000595 0.024189 -0.000000 0.000605 0.998769 -0.049602 9.923500 -0.024188 0.049602 0.998476 -1.227300 0.000000 0.000000 0.000000 1.000000
0.999638 -0.002368 0.026809 0.000000 0.003645 0.998857 -0.047664 9.923500 -0.026666 0.047744 0.998504 -1.227300 0.000000 0.000000 0.000000 1.000000
0.999540 -0.005042 0.029891 -0.000000 0.006396 0.998949 -0.045378 9.923500 -0.029631 0.045548 0.998523 -1.227300 0.000000 0.000000 0.000000 1.000000
0.999442 -0.005750 0.032911 0.000000 0.007201 0.999000 -0.044129 9.923500 -0.032624 0.044341 0.998484 -1.227300 0.000000 0.000000 0.000000 1.000000
0.999376 -0.003953 0.035109 0.000000 0.005538 0.998964 -0.045165 9.923500 -0.034894 0.045331 0.998362 -1.227300 0.000000 0.000000 0.000000 1.000000
0.999344 -0.000248 0.036211 0.000000 0.001977 0.998859 -0.047718 9.923500 -0.036158 0.047758 0.998204 -1.227300 0.000000 0.000000 0.000000 1.000000
0.999337 0.003896 0.036196 0.000000 -0.002103 0.998775 -0.049441 9.923500 -0.036344 0.049332 0.998121 -1.227300 0.000000 0.000000 0.000000 1.000000</float_array><technique_common><accessor source="#mixamorig_Spine-Matrix-animation-output-transform-array" count="31" stride="16"><param type="float4x4"/></accessor></technique_common></source><source id="mixamorig_Spine-Interpolations"><Name_array id="mixamorig_Spine-Interpolations-array" count="31">
 LINEAR LINEAR LINEAR LINEAR LINEAR LINEAR LINEAR LINEAR LINEAR LINEAR LINEAR
LINEAR LINEAR LINEAR LINEAR LINEAR LINEAR LINEAR LINEAR LINEAR LINEAR LINEAR LINEAR
LINEAR LINEAR LINEAR LINEAR LINEAR LINEAR LINEAR LINEAR</Name_array><technique_common><accessor source="#mixamorig_Spine-Interpolations-array" count="31"><param type="name"/></accessor></technique_common></source><sampler id="mixamorig_Spine-Matrix-animation-transform"><input semantic="INPUT" source="#mixamorig_Spine-Matrix-animation-input"/><input semantic="OUTPUT" source="#mixamorig_Spine-Matrix-animation-output-transform"/><input semantic="INTERPOLATION" source="#mixamorig_Spine-Interpolations"/></sampler><channel source="#mixamorig_Spine-Matrix-animation-transform" target="mixamorig_Spine/matrix"/></animation>
    <animation id="mixamorig_Spine1-anim" name="mixamorig_Spine1"><source id="mixamorig_Spine1-Matrix-animation-input"><float_array id="mixamorig_Spine1-Matrix-animation-input-array" count="31">

0.000000 0.033333 0.066667 0.100000 0.133333 0.166667 0.200000 0.233333 0.266667 0.300000 0.333333 0.366667 0.400000 0.433333 0.466667 0.500000
0.533333 0.566667 0.600000 0.633333 0.666667 0.700000 0.733333 0.766667 0.800000 0.833333 0.866667 0.900000 0.933333 0.966667 1.000000</float_array><technique_common><accessor source="#mixamorig_Spine1-Matrix-animation-input-array" count="31"><param name="TIME" type="float"/></accessor></technique_common></source><source id="mixamorig_Spine1-Matrix-animation-output-transform"><float_array id="mixamorig_Spine1-Matrix-animation-output-transform-array" count="496">

0.997475 0.005411 0.070818 -0.000100 0.000771 0.996211 -0.086971 11.645400 -0.071020 0.086806 0.993691 -1.422300 0.000000 0.000000 0.000000 1.000000
0.997252 0.016828 0.072151 -0.000100 -0.010519 0.996157 -0.086950 11.645400 -0.073337 0.085952 0.993596 -1.422300 0.000000 0.000000 0.000000 1.000000
0.997065 0.026012 0.072011 -0.000100 -0.019824 0.996153 -0.085354 11.645400 -0.073954 0.083676 0.993745 -1.422300 0.000000 0.000000 0.000000 1.000000
0.997070 0.029970 0.070379 -0.000100 -0.023979 0.996137 -0.084479 11.645400 -0.072639 0.082544 0.993937 -1.422300 0.000000 0.000000 0.000000 1.000000
0.997337 0.029099 0.066877 -0.000100 -0.023355 0.996097 -0.085114 11.645400 -0.069093 0.083325 0.994124 -1.422300 0.000000 0.000000 0.000000 1.000000
0.997773 0.025627 0.061579 -0.000100 -0.020261 0.996068 -0.086246 11.645400 -0.063547 0.084806 0.994369 -1.422300 0.000000 0.000000 0.000000 1.000000
0.998241 0.021116 0.055390 -0.000100 -0.016271 0.996118 -0.086510 11.645400 -0.057002 0.085457 0.994710 -1.422300 0.000000 0.000000 0.000000 1.000000
0.998638 0.016196 0.049606 -0.000100 -0.011913 0.996272 -0.085446 11.645400 -0.050805 0.084739 0.995107 -1.422300 0.000000 0.000000 0.000000 1.000000
0.998914 0.011509 0.045150 -0.000100 -0.007716 0.996495 -0.083297 11.645400 -0.045950 0.082858 0.995501 -1.422300 0.000000 0.000000 0.000000 1.000000
0.999076 0.008142 0.042192 -0.000100 -0.004699 0.996697 -0.081069 11.645400 -0.042712 0.080796 0.995815 -1.422300 0.000000 0.000000 0.000000 1.000000
0.999161 0.006509 0.040441 -0.000100 -0.003264 0.996806 -0.079793 11.645400 -0.040831 0.079594 0.995991 -1.422300 0.000000 0.000000 0.000000 1.000000
0.999199 0.006463 0.039496 -0.000100 -0.003305 0.996829 -0.079507 11.645400 -0.039884 0.079313 0.996052 -1.422300 0.000000 0.000000 0.000000 1.000000
0.999208 0.007911 0.038993 -0.000100 -0.004798 0.996840 -0.079295 11.645400 -0.039497 0.079046 0.996088 -1.422300 0.000000 0.000000 0.000000 1.000000
0.999192 0.010147 0.038878 -0.000100 -0.007063 0.996876 -0.078667 11.645400 -0.039555 0.078329 0.996143 -1.422300 0.000000 0.000000 0.000000 1.000000
0.999144 0.012307 0.039488 -0.000100 -0.009172 0.996862 -0.078622 11.645400 -0.040331 0.078192 0.996122 -1.422300 0.000000 0.000000 0.000000 1.000000
0.999074 0.013778 0.040766 -0.000100 -0.010462 0.996703 -0.080455 11.645400 -0.041740 0.079954 0.995924 -1.422300 0.000000 0.000000 0.000000 1.000000
0.999023 0.014929 0.041585 -0.000100 -0.011391 0.996398 -0.084031 11.645400 -0.042689 0.083475 0.995595 -1.422300 0.000000 0.000000 0.000000 1.000000
0.999032 0.016720 0.040690 -0.000100 -0.013098 0.996061 -0.087700 11.645400 -0.041997 0.087083 0.995315 -1.422300 0.000000 0.000000 0.000000 1.000000
0.999074 0.019537 0.038330 -0.000100 -0.016008 0.995786 -0.090297 11.645400 -0.039933 0.089599 0.995177 -1.422300 0.000000 0.000000 0.000000 1.000000
0.999090 0.022720 0.036087 -0.000100 -0.019306 0.995545 -0.092286 11.645400 -0.038023 0.091506 0.995078 -1.422300 0.000000 0.000000 0.000000 1.000000
0.999056 0.025277 0.035343 -0.000100 -0.021853 0.995321 -0.094124 11.645400 -0.037556 0.093263 0.994933 -1.422300 0.000000 0.000000 0.000000 1.000000
0.998983 0.026706 0.036341 -0.000100 -0.023154 0.995219 -0.094881 11.645400 -0.038701 0.093943 0.994825 -1.422300 0.000000 0.000000 0.000000 1.000000
0.998891 0.026994 0.038585 -0.000100 -0.023273 0.995315 -0.093841 11.645400 -0.040937 0.092839 0.994839 -1.422300 0.000000 0.000000 0.000000 1.000000
0.998824 0.025160 0.041446 -0.000100 -0.021273 0.995561 -0.091686 11.645400 -0.043569 0.090697 0.994925 -1.422300 0.000000 0.000000 0.000000 1.000000
0.998789 0.020355 0.044785 -0.000100 -0.016285 0.995860 -0.089435 11.645400 -0.046420 0.088597 0.994985 -1.422300 0.000000 0.000000 0.000000 1.000000
0.998696 0.013367 0.049278 -0.000100 -0.009032 0.996153 -0.087162 11.645400 -0.050254 0.086603 0.994975 -1.422300 0.000000 0.000000 0.000000 1.000000
0.998438 0.006010 0.055549 -0.000100 -0.001291 0.996415 -0.084589 11.645400 -0.055858 0.084385 0.994866 -1.422300 0.000000 0.000000 0.000000 1.000000
0.998032 -0.000036 0.062702 -0.000100 0.005213 0.996586 -0.082401 11.645400 -0.062485 0.082566 0.994625 -1.422300 0.000000 0.000000 0.000000 1.000000
0.997654 -0.003071 0.068383 -0.000100 0.008696 0.996585 -0.082118 11.645400 -0.067897 0.082520 0.994274 -1.422300 0.000000 0.000000 0.000000 1.000000
0.997480 -0.001226 0.070934 -0.000100 0.007218 0.996417 -0.084273 11.645400 -0.070577 0.084573 0.993915 -1.422300 0.000000 0.000000 0.000000 1.000000
0.997475 0.005411 0.070818 -0.000100 0.000771 0.996211 -0.086971 11.645400 -0.071020 0.086806 0.993691 -1.422300 0.000000 0.000000 0.000000 1.000000</float_array><technique_common><accessor source="#mixamorig_Spine1-Matrix-animation-output-transform-array" count="31" stride="16"><param type="float4x4"/></accessor></technique_common></source><source id="mixamorig_Spine1-Interpolations"><Name_array id="mixamorig_Spine1-Interpolations-array" count="31">
 LINEAR LINEAR LINEAR LINEAR LINEAR LINEAR LINEAR LINEAR LINEAR LINEAR LINEAR
LINEAR LINEAR LINEAR LINEAR LINEAR LINEAR LINEAR LINEAR LINEAR LINEAR LINEAR LINEAR
LINEAR LINEAR LINEAR LINEAR LINEAR LINEAR LINEAR LINEAR</Name_array><technique_common><accessor source="#mixamorig_Spine1-Interpolations-array" count="31"><param type="name"/></accessor></technique_common></source><sampler id="mixamorig_Spine1-Matrix-animation-transform"><input semantic="INPUT" source="#mixamorig_Spine1-Matrix-animation-input"/><input semantic="OUTPUT" source="#mixamorig_Spine1-Matrix-animation-output-transform"/><input semantic="INTERPOLATION" source="#mixamorig_Spine1-Interpolations"/></sampler><channel source="#mixamorig_Spine1-Matrix-animation-transform" target="mixamorig_Spine1/matrix"/></animation>
    <animation id="mixamorig_Spine2-anim" name="mixamorig_Spine2"><source id="mixamorig_Spine2-Matrix-animation-input"><float_array id="mixamorig_Spine2-Matrix-animation-input-array" count="31">

0.000000 0.033333 0.066667 0.100000 0.133333 0.166667 0.200000 0.233333 0.266667 0.300000 0.333333 0.366667 0.400000 0.433333 0.466667 0.500000
0.533333 0.566667 0.600000 0.633333 0.666667 0.700000 0.733333 0.766667 0.800000 0.833333 0.866667 0.900000 0.933333 0.966667 1.000000</float_array><technique_common><accessor source="#mixamorig_Spine2-Matrix-animation-input-array" count="31"><param name="TIME" type="float"/></accessor></technique_common></source><source id="mixamorig_Spine2-Matrix-animation-output-transform"><float_array id="mixamorig_Spine2-Matrix-animation-output-transform-array" count="496">

0.997482 0.005001 0.070750 0.000100 0.001178 0.996205 -0.087027 13.360200 -0.070917 0.086892 0.993690 -1.626500 0.000000 0.000000 0.000000 1.000000
0.997266 0.016451 0.072038 0.000100 -0.010142 0.996149 -0.087090 13.360200 -0.073193 0.086122 0.993592 -1.626500 0.000000 0.000000 0.000000 1.000000
0.997079 0.025706 0.071924 0.000100 -0.019515 0.996148 -0.085494 13.360200 -0.073845 0.083841 0.993739 -1.626500 0.000000 0.000000 0.000000 1.000000
0.997077 0.029712 0.070392 0.000100 -0.023716 0.996138 -0.084540 13.360200 -0.072632 0.082623 0.993931 -1.626500 0.000000 0.000000 0.000000 1.000000
0.997334 0.028865 0.067019 0.000100 -0.023113 0.996107 -0.085074 13.360200 -0.069214 0.083298 0.994118 -1.626500 0.000000 0.000000 0.000000 1.000000
0.997763 0.025409 0.061828 0.000100 -0.020029 0.996082 -0.086135 13.360200 -0.063774 0.084704 0.994363 -1.626500 0.000000 0.000000 0.000000 1.000000
0.998227 0.020918 0.055718 0.000100 -0.016054 0.996135 -0.086358 13.360200 -0.057309 0.085311 0.994705 -1.626500 0.000000 0.000000 0.000000 1.000000
0.998621 0.016024 0.049983 0.000100 -0.011719 0.996289 -0.085274 13.360200 -0.051164 0.084570 0.995103 -1.626500 0.000000 0.000000 0.000000 1.000000
0.998898 0.011367 0.045532 0.000100 -0.007551 0.996511 -0.083124 13.360200 -0.046318 0.082688 0.995498 -1.626500 0.000000 0.000000 0.000000 1.000000
0.999064 0.008019 0.042516 0.000100 -0.004556 0.996710 -0.080925 13.360200 -0.043025 0.080655 0.995813 -1.626500 0.000000 0.000000 0.000000 1.000000
0.999152 0.006388 0.040672 0.000100 -0.003129 0.996814 -0.079696 13.360200 -0.041051 0.079501 0.995989 -1.626500 0.000000 0.000000 0.000000 1.000000
0.999194 0.006333 0.039647 0.000100 -0.003165 0.996834 -0.079452 13.360200 -0.040025 0.079262 0.996050 -1.626500 0.000000 0.000000 0.000000 1.000000
0.999204 0.007766 0.039139 0.000100 -0.004643 0.996844 -0.079249 13.360200 -0.039631 0.079004 0.996086 -1.626500 0.000000 0.000000 0.000000 1.000000
0.999183 0.009992 0.039167 0.000100 -0.006890 0.996886 -0.078559 13.360200 -0.039830 0.078225 0.996140 -1.626500 0.000000 0.000000 0.000000 1.000000
0.999123 0.012148 0.040069 0.000100 -0.008978 0.996883 -0.078378 13.360200 -0.040896 0.077950 0.996118 -1.626500 0.000000 0.000000 0.000000 1.000000
0.999036 0.013622 0.041740 0.000100 -0.010247 0.996740 -0.080026 13.360200 -0.042694 0.079522 0.995918 -1.626500 0.000000 0.000000 0.000000 1.000000
0.998968 0.014784 0.042941 0.000100 -0.011161 0.996451 -0.083437 13.360200 -0.044023 0.082872 0.995587 -1.626500 0.000000 0.000000 0.000000 1.000000
0.998969 0.016598 0.042261 0.000100 -0.012868 0.996121 -0.087051 13.360200 -0.043542 0.086418 0.995307 -1.626500 0.000000 0.000000 0.000000 1.000000
0.999017 0.019429 0.039845 0.000100 -0.015789 0.995841 -0.089727 13.360200 -0.041423 0.089009 0.995169 -1.626500 0.000000 0.000000 0.000000 1.000000
0.999046 0.022605 0.037374 0.000100 -0.019090 0.995590 -0.091852 13.360200 -0.039286 0.091051 0.995071 -1.626500 0.000000 0.000000 0.000000 1.000000
0.999021 0.025142 0.036403 0.000100 -0.021632 0.995356 -0.093798 13.360200 -0.038592 0.092919 0.994925 -1.626500 0.000000 0.000000 0.000000 1.000000
0.998955 0.026558 0.037200 0.000100 -0.022935 0.995249 -0.094626 13.360200 -0.039536 0.093674 0.994818 -1.626500 0.000000 0.000000 0.000000 1.000000
0.998871 0.026832 0.039194 0.000100 -0.023062 0.995337 -0.093662 13.360200 -0.041524 0.092652 0.994832 -1.626500 0.000000 0.000000 0.000000 1.000000
0.998814 0.024979 0.041799 0.000100 -0.021064 0.995574 -0.091593 13.360200 -0.043902 0.090604 0.994919 -1.626500 0.000000 0.000000 0.000000 1.000000
0.998786 0.020161 0.044949 0.000100 -0.016079 0.995865 -0.089406 13.360200 -0.046566 0.088575 0.994980 -1.626500 0.000000 0.000000 0.000000 1.000000
0.998696 0.013189 0.049321 0.000100 -0.008850 0.996155 -0.087164 13.360200 -0.050281 0.086614 0.994972 -1.626500 0.000000 0.000000 0.000000 1.000000
0.998440 0.005862 0.055524 0.000100 -0.001146 0.996415 -0.084595 13.360200 -0.055821 0.084400 0.994867 -1.626500 0.000000 0.000000 0.000000 1.000000
0.998035 -0.000193 0.062652 0.000100 0.005365 0.996585 -0.082395 13.360200 -0.062423 0.082569 0.994628 -1.626500 0.000000 0.000000 0.000000 1.000000
0.997657 -0.003322 0.068328 0.000100 0.008942 0.996584 -0.082100 13.360200 -0.067822 0.082519 0.994279 -1.626500 0.000000 0.000000 0.000000 1.000000
0.997484 -0.001599 0.070871 0.000100 0.007585 0.996413 -0.084279 13.360200 -0.070482 0.084604 0.993919 -1.626500 0.000000 0.000000 0.000000 1.000000
0.997482 0.005001 0.070750 0.000100 0.001178 0.996205 -0.087027 13.360200 -0.070917 0.086892 0.993690 -1.626500 0.000000 0.000000 0.000000 1.000000</float_array><technique_common><accessor source="#mixamorig_Spine2-Matrix-animation-output-transform-array" count="31" stride="16"><param type="float4x4"/></accessor></technique_common></source><source id="mixamorig_Spine2-Interpolations"><Name_array id="mixamorig_Spine2-Interpolations-array" count="31">
 LINEAR LINEAR LINEAR LINEAR LINEAR LINEAR LINEAR LINEAR LINEAR LINEAR LINEAR
LINEAR LINEAR LINEAR LINEAR LINEAR LINEAR LINEAR LINEAR LINEAR LINEAR LINEAR LINEAR
LINEAR LINEAR LINEAR LINEAR LINEAR LINEAR LINEAR LINEAR</Name_array><technique_common><accessor source="#mixamorig_Spine2-Interpolations-array" count="31"><param type="name"/></accessor></technique_common></source><sampler id="mixamorig_Spine2-Matrix-animation-transform"><input semantic="INPUT" source="#mixamorig_Spine2-Matrix-animation-input"/><input semantic="OUTPUT" source="#mixamorig_Spine2-Matrix-animation-output-transform"/><input semantic="INTERPOLATION" source="#mixamorig_Spine2-Interpolations"/></sampler><channel source="#mixamorig_Spine2-Matrix-animation-transform" target="mixamorig_Spine2/matrix"/></animation>
    <animation id="mixamorig_Neck-anim" name="mixamorig_Neck"><source id="mixamorig_Neck-Matrix-animation-input"><float_array id="mixamorig_Neck-Matrix-animation-input-array" count="31">

0.000000 0.033333 0.066667 0.100000 0.133333 0.166667 0.200000 0.233333 0.266667 0.300000 0.333333 0.366667 0.400000 0.433333 0.466667 0.500000
0.533333 0.566667 0.600000 0.633333 0.666667 0.700000 0.733333 0.766667 0.800000 0.833333 0.866667 0.900000 0.933333 0.966667 1.000000</float_array><technique_common><accessor source="#mixamorig_Neck-Matrix-animation-input-array" count="31"><param name="TIME" type="float"/></accessor></technique_common></source><source id="mixamorig_Neck-Matrix-animation-output-transform"><float_array id="mixamorig_Neck-Matrix-animation-output-transform-array" count="496">

0.996222 0.083347 -0.024403 0.000000 -0.085995 0.985964 -0.143105 15.032500 0.012133 0.144663 0.989407 0.792900 0.000000 0.000000 0.000000 1.000000
0.996951 0.073601 -0.025903 0.000000 -0.076552 0.986868 -0.142240 15.032500 0.015094 0.143789 0.989493 0.792900 0.000000 0.000000 0.000000 1.000000
0.997557 0.063847 -0.028331 -0.000000 -0.067309 0.987056 -0.145568 15.032500 0.018670 0.147120 0.988942 0.792900 0.000000 0.000000 0.000000 1.000000
0.997898 0.057011 -0.030805 0.000000 -0.061028 0.986658 -0.150936 15.032500 0.021789 0.152499 0.988063 0.792900 0.000000 0.000000 0.000000 1.000000
0.997986 0.054558 -0.032372 0.000000 -0.058940 0.986146 -0.155053 15.032500 0.023464 0.156648 0.987376 0.792900 0.000000 0.000000 0.000000 1.000000
0.997965 0.054325 -0.033375 -0.000000 -0.058924 0.985790 -0.157310 15.032500 0.024355 0.158956 0.986985 0.792900 0.000000 0.000000 0.000000 1.000000
0.997968 0.053458 -0.034676 -0.000000 -0.058311 0.985595 -0.158753 15.032500 0.025690 0.160452 0.986709 0.792900 0.000000 0.000000 0.000000 1.000000
0.998003 0.051676 -0.036335 -0.000000 -0.056840 0.985551 -0.159560 15.032500 0.027565 0.161307 0.986519 0.792900 0.000000 0.000000 0.000000 1.000000
0.998018 0.050327 -0.037773 0.000000 -0.055726 0.985691 -0.159085 15.032500 0.029226 0.160874 0.986542 0.792900 0.000000 0.000000 0.000000 1.000000
0.998009 0.049767 -0.038757 0.000000 -0.055273 0.986020 -0.157193 15.032500 0.030392 0.159022 0.986807 0.792900 0.000000 0.000000 0.000000 1.000000
0.997993 0.049509 -0.039485 -0.000000 -0.055053 0.986444 -0.154591 15.032500 0.031296 0.156455 0.987189 0.792900 0.000000 0.000000 0.000000 1.000000
0.997964 0.049757 -0.039904 0.000000 -0.055299 0.986739 -0.152603 15.032500 0.031782 0.154499 0.987482 0.792900 0.000000 0.000000 0.000000 1.000000
0.997911 0.051050 -0.039584 0.000000 -0.056519 0.986714 -0.152317 15.032500 0.031283 0.154236 0.987539 0.792900 0.000000 0.000000 0.000000 1.000000
0.997861 0.053038 -0.038226 0.000000 -0.058313 0.986415 -0.153575 15.032500 0.029562 0.155475 0.987397 0.792900 0.000000 0.000000 0.000000 1.000000
0.997843 0.054939 -0.035921 0.000000 -0.059884 0.986027 -0.155450 15.032500 0.026879 0.157266 0.987190 0.792900 0.000000 0.000000 0.000000 1.000000
0.997831 0.056937 -0.033039 0.000000 -0.061453 0.985611 -0.157462 15.032500 0.023598 0.159151 0.986972 0.792900 0.000000 0.000000 0.000000 1.000000
0.997736 0.060181 -0.030027 -0.000000 -0.064224 0.985071 -0.159717 15.032500 0.019967 0.161284 0.986706 0.792900 0.000000 0.000000 0.000000 1.000000
0.997490 0.065430 -0.027071 0.000000 -0.068968 0.984369 -0.162052 15.032500 0.016044 0.163513 0.986411 0.792900 0.000000 0.000000 0.000000 1.000000
0.997094 0.072263 -0.024128 -0.000000 -0.075249 0.983640 -0.163678 15.032500 0.011905 0.165018 0.986219 0.792900 0.000000 0.000000 0.000000 1.000000
0.996619 0.079344 -0.021339 -0.000000 -0.081776 0.983074 -0.163947 15.032500 0.007970 0.165138 0.986238 0.792900 0.000000 0.000000 0.000000 1.000000
0.996187 0.085065 -0.019378 0.000000 -0.087092 0.982722 -0.163317 15.032500 0.005150 0.164381 0.986383 0.792900 0.000000 0.000000 0.000000 1.000000
0.995840 0.089159 -0.018788 0.000000 -0.091032 0.982442 -0.162851 15.032500 0.003938 0.163883 0.986472 0.792900 0.000000 0.000000 0.000000 1.000000
0.995470 0.093119 -0.019203 0.000000 -0.095006 0.982103 -0.162625 15.032500 0.003716 0.163713 0.986501 0.792900 0.000000 0.000000 0.000000 1.000000
0.994917 0.098738 -0.019796 0.000000 -0.100642 0.981751 -0.161360 15.032500 0.003503 0.162532 0.986697 0.792900 0.000000 0.000000 0.000000 1.000000
0.994125 0.106351 -0.020137 0.000000 -0.108201 0.981455 -0.158235 15.032500 0.002935 0.159484 0.987196 0.792900 0.000000 0.000000 0.000000 1.000000
0.993251 0.114203 -0.020269 0.000000 -0.115966 0.981200 -0.154271 15.032500 0.002270 0.155580 0.987821 0.792900 0.000000 0.000000 0.000000 1.000000
0.992656 0.119252 -0.020302 -0.000000 -0.120953 0.981080 -0.151170 15.032500 0.001891 0.152516 0.988299 0.792900 0.000000 0.000000 0.000000 1.000000
0.992717 0.118741 -0.020318 -0.000000 -0.120447 0.981423 -0.149339 15.032500 0.002208 0.150698 0.988577 0.792900 0.000000 0.000000 0.000000 1.000000
0.993549 0.111499 -0.020694 0.000000 -0.113338 0.982509 -0.147753 15.032500 0.003858 0.149145 0.988808 0.792900 0.000000 0.000000 0.000000 1.000000
0.994872 0.098707 -0.022042 0.000000 -0.100872 0.984198 -0.145527 15.032500 0.007329 0.147005 0.989109 0.792900 0.000000 0.000000 0.000000 1.000000
0.996222 0.083347 -0.024403 0.000000 -0.085995 0.985964 -0.143105 15.032500 0.012133 0.144663 0.989407 0.792900 0.000000 0.000000 0.000000 1.000000</float_array><technique_common><accessor source="#mixamorig_Neck-Matrix-animation-output-transform-array" count="31" stride="16"><param type="float4x4"/></accessor></technique_common></source><source id="mixamorig_Neck-Interpolations"><Name_array id="mixamorig_Neck-Interpolations-array" count="31">
 LINEAR LINEAR LINEAR LINEAR LINEAR LINEAR LINEAR LINEAR LINEAR LINEAR LINEAR
LINEAR LINEAR LINEAR LINEAR LINEAR LINEAR LINEAR LINEAR LINEAR LINEAR LINEAR LINEAR
LINEAR LINEAR LINEAR LINEAR LINEAR LINEAR LINEAR LINEAR</Name_array><technique_common><accessor source="#mixamorig_Neck-Interpolations-array" count="31"><param type="name"/></accessor></technique_common></source><sampler id="mixamorig_Neck-Matrix-animation-transform"><input semantic="INPUT" source="#mixamorig_Neck-Matrix-animation-input"/><input semantic="OUTPUT" source="#mixamorig_Neck-Matrix-animation-output-transform"/><input semantic="INTERPOLATION" source="#mixamorig_Neck-Interpolations"/></sampler><channel source="#mixamorig_Neck-Matrix-animation-transform" target="mixamorig_Neck/matrix"/></animation>
    <animation id="mixamorig_Head-anim" name="mixamorig_Head"><source id="mixamorig_Head-Matrix-animation-input"><float_array id="mixamorig_Head-Matrix-animation-input-array" count="31">

0.000000 0.033333 0.066667 0.100000 0.133333 0.166667 0.200000 0.233333 0.266667 0.300000 0.333333 0.366667 0.400000 0.433333 0.466667 0.500000
0.533333 0.566667 0.600000 0.633333 0.666667 0.700000 0.733333 0.766667 0.800000 0.833333 0.866667 0.900000 0.933333 0.966667 1.000000</float_array><technique_common><accessor source="#mixamorig_Head-Matrix-animation-input-array" count="31"><param name="TIME" type="float"/></accessor></technique_common></source><source id="mixamorig_Head-Matrix-animation-output-transform"><float_array id="mixamorig_Head-Matrix-animation-output-transform-array" count="496">

0.954328 -0.004765 0.298723 0.000000 0.063042 0.980571 -0.185757 10.321800 -0.292034 0.196105 0.936087 3.142400 0.000000 0.000000 0.000000 1.000000
0.953137 -0.015578 0.302137 0.000000 0.073620 0.980597 -0.181686 10.321800 -0.293445 0.195415 0.935790 3.142400 0.000000 0.000000 0.000000 1.000000
0.953087 -0.022059 0.301892 0.000000 0.078613 0.981158 -0.176491 10.321800 -0.292311 0.191943 0.936863 3.142400 0.000000 0.000000 0.000000 1.000000
0.954133 -0.022239 0.298557 0.000000 0.076169 0.982454 -0.170242 10.321800 -0.289533 0.185174 0.939085 3.142400 0.000000 0.000000 0.000000 1.000000
0.955393 -0.018231 0.294773 0.000000 0.069111 0.984181 -0.163128 10.321800 -0.287136 0.176223 0.941540 3.142400 0.000000 0.000000 0.000000 1.000000
0.956548 -0.012179 0.291321 0.000000 0.059808 0.986078 -0.155152 10.321800 -0.285376 0.165834 0.943960 3.142400 0.000000 0.000000 0.000000 1.000000
0.957861 -0.005775 0.287175 -0.000000 0.049890 0.987946 -0.146537 10.321800 -0.282868 0.154689 0.946603 3.142400 0.000000 0.000000 0.000000 1.000000
0.959390 -0.000975 0.282080 0.000000 0.041795 0.989448 -0.138728 10.321800 -0.278969 0.144884 0.949308 3.142400 0.000000 0.000000 0.000000 1.000000
0.960841 0.000789 0.277100 -0.000000 0.037585 0.990383 -0.133147 10.321800 -0.274540 0.138348 0.951571 3.142400 0.000000 0.000000 0.000000 1.000000
0.961980 0.000701 0.273120 -0.000000 0.035856 0.991017 -0.128837 10.321800 -0.270757 0.133731 0.953314 3.142400 0.000000 0.000000 0.000000 1.000000
0.962846 0.001330 0.270049 0.000000 0.033579 0.991638 -0.124607 10.321800 -0.267957 0.129045 0.954749 3.142400 0.000000 0.000000 0.000000 1.000000
0.963430 0.002862 0.267943 0.000000 0.031056 0.992012 -0.122262 10.321800 -0.266153 0.126112 0.955646 3.142400 0.000000 0.000000 0.000000 1.000000
0.963407 0.003208 0.268023 -0.000000 0.031347 0.991718 -0.124546 10.321800 -0.266203 0.128391 0.955328 3.142400 0.000000 0.000000 0.000000 1.000000
0.962279 0.002191 0.272056 0.000000 0.034747 0.990789 -0.130882 10.321800 -0.269837 0.135398 0.953339 3.142400 0.000000 0.000000 0.000000 1.000000
0.959769 0.002992 0.280775 0.000000 0.037222 0.989763 -0.137781 10.321800 -0.278313 0.142689 0.949832 3.142400 0.000000 0.000000 0.000000 1.000000
0.956194 0.009234 0.292587 0.000000 0.034225 0.989121 -0.143065 10.321800 -0.290725 0.146812 0.945476 3.142400 0.000000 0.000000 0.000000 1.000000
0.952366 0.021129 0.304225 0.000000 0.025170 0.988747 -0.147466 10.321800 -0.303918 0.148099 0.941117 3.142400 0.000000 0.000000 0.000000 1.000000
0.948922 0.034321 0.313638 -0.000000 0.014585 0.988231 -0.152271 10.321800 -0.315173 0.149068 0.937254 3.142400 0.000000 0.000000 0.000000 1.000000
0.946161 0.043204 0.320801 -0.000000 0.008464 0.987412 -0.157946 10.321800 -0.323587 0.152157 0.933884 3.142400 0.000000 0.000000 0.000000 1.000000
0.944226 0.045876 0.326088 0.000000 0.008664 0.986444 -0.163868 10.321800 -0.329185 0.157553 0.931028 3.142400 0.000000 0.000000 0.000000 1.000000
0.943515 0.043957 0.328402 0.000000 0.012756 0.985607 -0.168572 10.321800 -0.331085 0.163239 0.929374 3.142400 0.000000 0.000000 0.000000 1.000000
0.944569 0.039811 0.325890 0.000000 0.018174 0.984758 -0.172976 10.321800 -0.327809 0.169311 0.929449 3.142400 0.000000 0.000000 0.000000 1.000000
0.947217 0.034693 0.318709 0.000000 0.024150 0.983582 -0.178841 10.321800 -0.319681 0.177098 0.930828 3.142400 0.000000 0.000000 0.000000 1.000000
0.950714 0.028854 0.308723 0.000000 0.030460 0.982154 -0.185593 10.321800 -0.308569 0.185850 0.932869 3.142400 0.000000 0.000000 0.000000 1.000000
0.954419 0.021730 0.297678 0.000000 0.037226 0.980892 -0.190961 10.321800 -0.296139 0.193338 0.935373 3.142400 0.000000 0.000000 0.000000 1.000000
0.957684 0.012845 0.287536 0.000000 0.045056 0.979997 -0.193845 10.321800 -0.284274 0.198597 0.937948 3.142400 0.000000 0.000000 0.000000 1.000000
0.959614 0.003453 0.281300 -0.000000 0.053661 0.979319 -0.195079 10.321800 -0.276156 0.202295 0.939582 3.142400 0.000000 0.000000 0.000000 1.000000
0.959589 -0.003383 0.281386 0.000000 0.060899 0.978729 -0.195912 10.321800 -0.274737 0.205131 0.939383 3.142400 0.000000 0.000000 0.000000 1.000000
0.957933 -0.005606 0.286939 0.000000 0.064394 0.978516 -0.195858 10.321800 -0.279676 0.206096 0.937713 3.142400 0.000000 0.000000 0.000000 1.000000
0.955866 -0.005125 0.293760 0.000000 0.064522 0.979101 -0.192868 10.321800 -0.286632 0.203310 0.936220 3.142400 0.000000 0.000000 0.000000 1.000000
0.954328 -0.004765 0.298723 0.000000 0.063042 0.980571 -0.185757 10.321800 -0.292034 0.196106 0.936087 3.142400 0.000000 0.000000 0.000000 1.000000</float_array><technique_common><accessor source="#mixamorig_Head-Matrix-animation-output-transform-array" count="31" stride="16"><param type="float4x4"/></accessor></technique_common></source><source id="mixamorig_Head-Interpolations"><Name_array id="mixamorig_Head-Interpolations-array" count="31">
 LINEAR LINEAR LINEAR LINEAR LINEAR LINEAR LINEAR LINEAR LINEAR LINEAR LINEAR
LINEAR LINEAR LINEAR LINEAR LINEAR LINEAR LINEAR LINEAR LINEAR LINEAR LINEAR LINEAR
LINEAR LINEAR LINEAR LINEAR LINEAR LINEAR LINEAR LINEAR</Name_array><technique_common><accessor source="#mixamorig_Head-Interpolations-array" count="31"><param type="name"/></accessor></technique_common></source><sampler id="mixamorig_Head-Matrix-animation-transform"><input semantic="INPUT" source="#mixamorig_Head-Matrix-animation-input"/><input semantic="OUTPUT" source="#mixamorig_Head-Matrix-animation-output-transform"/><input semantic="INTERPOLATION" source="#mixamorig_Head-Interpolations"/></sampler><channel source="#mixamorig_Head-Matrix-animation-transform" target="mixamorig_Head/matrix"/></animation>
    <animation id="mixamorig_LeftShoulder-anim" name="mixamorig_LeftShoulder"><source id="mixamorig_LeftShoulder-Matrix-animation-input"><float_array id="mixamorig_LeftShoulder-Matrix-animation-input-array" count="31">

0.000000 0.033333 0.066667 0.100000 0.133333 0.166667 0.200000 0.233333 0.266667 0.300000 0.333333 0.366667 0.400000 0.433333 0.466667 0.500000
