<?xml version="1.0" encoding="utf-8"?>
<COLLADA xmlns="http://www.collada.org/2005/11/COLLADASchema" version="1.4.1">
  <asset><contributor><author>Mixamo</author><authoring_tool>COLLADA Mixamo exporter</authoring_tool><comments></comments></contributor><created>2018-10-30T11:44:12Z</created><modified>2018-10-30T11:44:12Z</modified><revision></revision><title></title><unit meter="0.010000"/><up_axis>Y_UP</up_axis></asset>
  <library_animations>
    <animation id="mixamorig_Hips-anim" name="mixamorig_Hips"><source id="mixamorig_Hips-Matrix-animation-input"><float_array id="mixamorig_Hips-Matrix-animation-input-array" count="67">

0.000000 0.033333 0.066667 0.100000 0.133333 0.166667 0.200000 0.233333 0.266667 0.300000 0.333333 0.366667 0.400000 0.433333 0.466667 0.500000
0.533333 0.566667 0.600000 0.633333 0.666667 0.700000 0.733333 0.766667 0.800000 0.833333 0.866667 0.900000 0.933333 0.966667 1.000000 1.033333
1.066667 1.100000 1.133333 1.166667 1.200000 1.233333 1.266667 1.300000 1.333333 1.366667 1.400000 1.433333 1.466667 1.500000 1.533333 1.566667
1.600000 1.633333 1.666667 1.700000 1.733333 1.766667 1.800000 1.833333 1.866667 1.900000 1.933333 1.966667 2.000000 2.033333 2.066667 2.100000
2.133333 2.166667 2.200000</float_array><technique_common><accessor source="#mixamorig_Hips-Matrix-animation-input-array" count="67"><param name="TIME" type="float"/></accessor></technique_common></source><source id="mixamorig_Hips-Matrix-animation-output-transform"><float_array id="mixamorig_Hips-Matrix-animation-output-transform-array" count="1072">

0.583654 -0.120268 -0.803046 0.341118 -0.015750 0.987108 -0.159281 84.785706 0.811850 0.105613 0.574235 -0.199014 0.000000 0.000000 0.000000 1.000000
0.533575 -0.107068 -0.838948 0.932162 -0.018992 0.990188 -0.138448 84.779335 0.845539 0.089805 0.526306 -0.466570 0.000000 0.000000 0.000000 1.000000
0.529328 -0.106637 -0.841689 1.540828 -0.001327 0.991964 -0.126510 84.704414 0.848416 0.068082 0.524933 -0.566031 0.000000 0.000000 0.000000 1.000000
0.528383 -0.104057 -0.842605 1.997104 0.020106 0.993716 -0.110111 84.551521 0.848768 0.041239 0.527154 -0.249445 0.000000 0.000000 0.000000 1.000000
0.543417 -0.090219 -0.834601 2.191367 0.043346 0.995897 -0.079432 84.310883 0.838343 0.006988 0.545098 0.384424 0.000000 0.000000 0.000000 1.000000
0.586541 -0.057183 -0.807899 1.960685 0.065674 0.997578 -0.022928 83.959412 0.807253 -0.039609 0.588875 1.192451 0.000000 0.000000 0.000000 1.000000
0.663194 -0.005802 -0.748425 0.833891 0.080593 0.994709 0.063703 83.451668 0.744095 -0.102565 0.660153 1.847112 0.000000 0.000000 0.000000 1.000000
0.759199 0.053385 -0.648666 -0.848005 0.081549 0.980974 0.176179 82.726654 0.645730 -0.186653 0.740401 2.074424 0.000000 0.000000 0.000000 1.000000
0.849581 0.093810 -0.519049 -1.620679 0.070045 0.955276 0.287300 81.768059 0.522786 -0.280442 0.805013 1.622473 0.000000 0.000000 0.000000 1.000000
0.924537 0.103844 -0.366671 -2.108771 0.049906 0.920881 0.386635 80.571686 0.377810 -0.375758 0.846207 0.897288 0.000000 0.000000 0.000000 1.000000
0.980373 0.070069 -0.184282 -2.613087 0.022697 0.888388 0.458531 79.172539 0.195843 -0.453714 0.869361 -0.365024 0.000000 0.000000 0.000000 1.000000
0.999118 0.035855 -0.021864 -2.968560 -0.020312 0.868263 0.495688 77.583649 0.036757 -0.494806 0.868226 -2.508472 0.000000 0.000000 0.000000 1.000000
0.988511 0.003771 0.151101 -3.482354 -0.083886 0.845281 0.527696 74.933304 -0.125733 -0.534309 0.835886 -5.549038 0.000000 0.000000 0.000000 1.000000
0.951757 -0.029935 0.305389 -4.728536 -0.152075 0.818395 0.554168 70.646622 -0.266518 -0.573875 0.774361 -9.409119 0.000000 0.000000 0.000000 1.000000
0.906654 -0.068992 0.416195 -6.735465 -0.200512 0.797514 0.569005 65.099556 -0.371178 -0.599343 0.709235 -14.032913 0.000000 0.000000 0.000000 1.000000
0.857399 -0.100163 0.504811 -9.106773 -0.247285 0.780052 0.574778 59.010265 -0.451350 -0.617646 0.644047 -18.878586 0.000000 0.000000 0.000000 1.000000
0.817972 -0.113479 0.563954 -11.372498 -0.292522 0.762088 0.577627 51.865768 -0.495331 -0.637452 0.590171 -23.262573 0.000000 0.000000 0.000000 1.000000
0.797317 -0.123474 0.590796 -13.293110 -0.323606 0.738809 0.591135 43.761425 -0.509475 -0.662507 0.549108 -27.412144 0.000000 0.000000 0.000000 1.000000
0.781648 -0.136897 0.608511 -14.815049 -0.351329 0.709483 0.610903 35.336357 -0.515359 -0.691298 0.506470 -31.212448 0.000000 0.000000 0.000000 1.000000
0.768824 -0.148829 0.621900 -15.968563 -0.391046 0.660071 0.641396 26.754988 -0.505957 -0.736312 0.449280 -33.947510 0.000000 0.000000 0.000000 1.000000
0.720715 -0.171891 0.671582 -17.071390 -0.485994 0.565554 0.666302 20.559843 -0.494348 -0.806599 0.324066 -36.454414 0.000000 0.000000 0.000000 1.000000
0.726774 -0.253824 0.638257 -17.801161 -0.521983 0.399892 0.753405 19.444580 -0.446467 -0.880715 0.158140 -38.984306 0.000000 0.000000 0.000000 1.000000
0.769311 -0.298000 0.565117 -17.795784 -0.510106 0.246045 0.824169 18.361147 -0.384646 -0.922311 0.037273 -41.290668 0.000000 0.000000 0.000000 1.000000
0.738468 -0.265884 0.619654 -17.327530 -0.602138 0.153561 0.783485 17.966009 -0.303471 -0.951696 -0.046699 -43.633919 0.000000 0.000000 0.000000 1.000000
0.726794 -0.293956 0.620774 -17.537371 -0.626799 0.085742 0.774449 18.153545 -0.280881 -0.951965 -0.121934 -45.286510 0.000000 0.000000 0.000000 1.000000
0.727231 -0.379417 0.571995 -18.164505 -0.636319 -0.060210 0.769073 18.354717 -0.257360 -0.923265 -0.285217 -46.352600 0.000000 0.000000 0.000000 1.000000
0.735783 -0.411496 0.537861 -18.119884 -0.655224 -0.231797 0.718994 18.775848 -0.171189 -0.881443 -0.440174 -47.955498 0.000000 0.000000 0.000000 1.000000
0.738387 -0.441999 0.509335 -17.808071 -0.658494 -0.309604 0.685952 19.659122 -0.145498 -0.841892 -0.519661 -50.124073 0.000000 0.000000 0.000000 1.000000
0.753860 -0.463833 0.465354 -17.193968 -0.637885 -0.346923 0.687566 22.218508 -0.157474 -0.815171 -0.557403 -52.289352 0.000000 0.000000 0.000000 1.000000
0.774942 -0.463185 0.430029 -16.286268 -0.616085 -0.401710 0.677545 25.082912 -0.141082 -0.789993 -0.596664 -54.364273 0.000000 0.000000 0.000000 1.000000
0.789101 -0.457268 0.410154 -15.599754 -0.603682 -0.453896 0.655398 27.221638 -0.113525 -0.764777 -0.634214 -56.397919 0.000000 0.000000 0.000000 1.000000
0.787070 -0.453902 0.417724 -15.138706 -0.610750 -0.478300 0.631042 28.470839 -0.086634 -0.751799 -0.653676 -58.024193 0.000000 0.000000 0.000000 1.000000
0.785757 -0.455860 0.418064 -14.852135 -0.614872 -0.502228 0.608028 29.062298 -0.067212 -0.734819 -0.674925 -59.468426 0.000000 0.000000 0.000000 1.000000
0.797162 -0.450901 0.401523 -14.746284 -0.600336 -0.521172 0.606611 29.503914 -0.064259 -0.724616 -0.686151 -60.819302 0.000000 0.000000 0.000000 1.000000
0.813331 -0.445069 0.374708 -14.696777 -0.576659 -0.531243 0.620682 30.118486 -0.077186 -0.720898 -0.688729 -62.061863 0.000000 0.000000 0.000000 1.000000
0.823192 -0.440962 0.357643 -14.718839 -0.558815 -0.517866 0.647720 30.176210 -0.100409 -0.733053 -0.672719 -63.154442 0.000000 0.000000 0.000000 1.000000
0.830774 -0.440508 0.340247 -14.579945 -0.539765 -0.488337 0.685697 29.677593 -0.135900 -0.753312 -0.643469 -64.163704 0.000000 0.000000 0.000000 1.000000
0.838795 -0.437995 0.323393 -14.473864 -0.516219 -0.451026 0.728075 28.592873 -0.173035 -0.777648 -0.604420 -64.938225 0.000000 0.000000 0.000000 1.000000
0.852460 -0.427632 0.300736 -14.315056 -0.480563 -0.414471 0.772835 26.957275 -0.205842 -0.803333 -0.558824 -65.344948 0.000000 0.000000 0.000000 1.000000
0.861274 -0.418737 0.287867 -14.105280 -0.451988 -0.372439 0.810553 24.620817 -0.232195 -0.828220 -0.510036 -65.196274 0.000000 0.000000 0.000000 1.000000
0.865008 -0.411985 0.286407 -13.816966 -0.424549 -0.296719 0.855404 21.696453 -0.267431 -0.861525 -0.431572 -65.001129 0.000000 0.000000 0.000000 1.000000
0.863379 -0.409662 0.294540 -13.525089 -0.398103 -0.194453 0.896494 18.267399 -0.309985 -0.891272 -0.330974 -64.456085 0.000000 0.000000 0.000000 1.000000
0.865440 -0.403047 0.297600 -13.352587 -0.356906 -0.079094 0.930786 14.940980 -0.351612 -0.911755 -0.212301 -63.750351 0.000000 0.000000 0.000000 1.000000
0.897982 -0.378016 0.225237 -13.822929 -0.253662 -0.026440 0.966932 14.389288 -0.359561 -0.925421 -0.119631 -62.834122 0.000000 0.000000 0.000000 1.000000
0.912341 -0.342514 0.224319 -14.504763 -0.237714 0.002954 0.971331 14.518829 -0.333357 -0.939508 -0.078725 -61.815666 0.000000 0.000000 0.000000 1.000000
0.906956 -0.366443 0.207728 -14.920497 -0.219491 0.009780 0.975565 14.516222 -0.359521 -0.930389 -0.071561 -60.638165 0.000000 0.000000 0.000000 1.000000
0.907520 -0.394628 0.143792 -15.604660 -0.151609 0.011484 0.988374 14.438978 -0.391691 -0.918769 -0.049407 -59.520004 0.000000 0.000000 0.000000 1.000000
0.912881 -0.401781 0.072256 -16.254658 -0.071525 0.016843 0.997297 14.461198 -0.401912 -0.915581 -0.013362 -58.450863 0.000000 0.000000 0.000000 1.000000
0.905283 -0.418779 0.071317 -16.841518 -0.053085 0.055044 0.997072 14.925548 -0.421479 -0.906418 0.027599 -57.410275 0.000000 0.000000 0.000000 1.000000
0.902583 -0.424178 0.073600 -17.227898 -0.055715 0.054433 0.996962 15.232477 -0.426896 -0.903941 0.025498 -57.172012 0.000000 0.000000 0.000000 1.000000
0.901508 -0.426646 0.072497 -17.389112 -0.058583 0.045666 0.997237 15.215184 -0.428778 -0.903265 0.016174 -57.438644 0.000000 0.000000 0.000000 1.000000
0.900970 -0.428659 0.067119 -17.425220 -0.055817 0.038898 0.997683 15.072213 -0.430276 -0.902629 0.011120 -58.001724 0.000000 0.000000 0.000000 1.000000
0.901178 -0.427870 0.069316 -17.324341 -0.061445 0.032196 0.997591 14.721073 -0.429071 -0.903267 0.002724 -58.472363 0.000000 0.000000 0.000000 1.000000
0.901202 -0.425935 0.080083 -17.163126 -0.075033 0.028654 0.996769 14.346266 -0.426854 -0.904300 -0.006137 -58.872650 0.000000 0.000000 0.000000 1.000000
0.901521 -0.422155 0.095111 -16.985872 -0.095965 0.019282 0.995198 14.198923 -0.421962 -0.906319 -0.023129 -59.405308 0.000000 0.000000 0.000000 1.000000
0.901085 -0.418140 0.114911 -16.779728 -0.122990 0.007677 0.992378 14.124072 -0.415835 -0.908350 -0.044509 -59.873985 0.000000 0.000000 0.000000 1.000000
0.900261 -0.414455 0.133255 -16.532822 -0.147632 -0.002685 0.989039 14.055767 -0.409555 -0.910066 -0.063604 -60.267395 0.000000 0.000000 0.000000 1.000000
0.900112 -0.410708 0.145315 -16.331108 -0.163960 -0.010329 0.986413 14.005380 -0.403627 -0.911708 -0.076637 -60.563313 0.000000 0.000000 0.000000 1.000000
0.899320 -0.409281 0.153986 -16.139071 -0.175061 -0.014277 0.984454 13.979303 -0.400720 -0.912297 -0.084489 -60.708706 0.000000 0.000000 0.000000 1.000000
0.898249 -0.409443 0.159704 -16.010256 -0.181108 -0.013757 0.983367 13.983863 -0.400436 -0.912232 -0.086511 -60.709358 0.000000 0.000000 0.000000 1.000000
0.897364 -0.410230 0.162633 -15.966681 -0.182931 -0.010425 0.983070 14.006943 -0.401589 -0.911923 -0.084399 -60.620552 0.000000 0.000000 0.000000 1.000000
0.896577 -0.411997 0.162507 -15.969517 -0.180848 -0.005629 0.983495 14.039383 -0.404282 -0.911168 -0.079555 -60.476692 0.000000 0.000000 0.000000 1.000000
0.895856 -0.414990 0.158827 -16.039314 -0.175294 -0.001616 0.984515 14.065893 -0.408307 -0.909825 -0.074193 -60.309147 0.000000 0.000000 0.000000 1.000000
0.895303 -0.418491 0.152639 -16.115597 -0.166705 0.002989 0.986002 14.096252 -0.413089 -0.908216 -0.067089 -60.158909 0.000000 0.000000 0.000000 1.000000
0.894706 -0.422167 0.145865 -16.191402 -0.157823 0.006700 0.987445 14.120502 -0.417843 -0.906494 -0.060633 -60.000629 0.000000 0.000000 0.000000 1.000000
0.894541 -0.424409 0.140262 -16.271435 -0.150723 0.009016 0.988535 14.135437 -0.420808 -0.905426 -0.055903 -59.898163 0.000000 0.000000 0.000000 1.000000
0.894923 -0.424997 0.135979 -16.321932 -0.145537 0.010071 0.989302 14.142078 -0.421820 -0.905139 -0.052840 -59.833656 0.000000 0.000000 0.000000 1.000000</float_array><technique_common><accessor source="#mixamorig_Hips-Matrix-animation-output-transform-array" count="67" stride="16"><param type="float4x4"/></accessor></technique_common></source><source id="mixamorig_Hips-Interpolations"><Name_array id="mixamorig_Hips-Interpolations-array" count="67">
 LINEAR LINEAR LINEAR LINEAR LINEAR LINEAR LINEAR LINEAR LINEAR LINEAR LINEAR
LINEAR LINEAR LINEAR LINEAR LINEAR LINEAR LINEAR LINEAR LINEAR LINEAR LINEAR LINEAR
LINEAR LINEAR LINEAR LINEAR LINEAR LINEAR LINEAR LINEAR LINEAR LINEAR LINEAR LINEAR
LINEAR LINEAR LINEAR LINEAR LINEAR LINEAR LINEAR LINEAR LINEAR LINEAR LINEAR LINEAR
LINEAR LINEAR LINEAR LINEAR LINEAR LINEAR LINEAR LINEAR LINEAR LINEAR LINEAR LINEAR
LINEAR LINEAR LINEAR LINEAR LINEAR LINEAR LINEAR LINEAR</Name_array><technique_common><accessor source="#mixamorig_Hips-Interpolations-array" count="67"><param type="name"/></accessor></technique_common></source><sampler id="mixamorig_Hips-Matrix-animation-transform"><input semantic="INPUT" source="#mixamorig_Hips-Matrix-animation-input"/><input semantic="OUTPUT" source="#mixamorig_Hips-Matrix-animation-output-transform"/><input semantic="INTERPOLATION" source="#mixamorig_Hips-Interpolations"/></sampler><channel source="#mixamorig_Hips-Matrix-animation-transform" target="mixamorig_Hips/matrix"/></animation>
    <animation id="mixamorig_Spine-anim" name="mixamorig_Spine"><source id="mixamorig_Spine-Matrix-animation-input"><float_array id="mixamorig_Spine-Matrix-animation-input-array" count="67">

0.000000 0.033333 0.066667 0.100000 0.133333 0.166667 0.200000 0.233333 0.266667 0.300000 0.333333 0.366667 0.400000 0.433333 0.466667 0.500000
0.533333 0.566667 0.600000 0.633333 0.666667 0.700000 0.733333 0.766667 0.800000 0.833333 0.866667 0.900000 0.933333 0.966667 1.000000 1.033333
1.066667 1.100000 1.133333 1.166667 1.200000 1.233333 1.266667 1.300000 1.333333 1.366667 1.400000 1.433333 1.466667 1.500000 1.533333 1.566667
1.600000 1.633333 1.666667 1.700000 1.733333 1.766667 1.800000 1.833333 1.866667 1.900000 1.933333 1.966667 2.000000 2.033333 2.066667 2.100000
2.133333 2.166667 2.200000</float_array><technique_common><accessor source="#mixamorig_Spine-Matrix-animation-input-array" count="67"><param name="TIME" type="float"/></accessor></technique_common></source><source id="mixamorig_Spine-Matrix-animation-output-transform"><float_array id="mixamorig_Spine-Matrix-animation-output-transform-array" count="1072">

0.996768 0.052711 0.060618 0.000000 -0.044567 0.990691 -0.128629 9.923500 -0.066834 0.125511 0.989838 -1.227300 0.000000 0.000000 0.000000 1.000000
0.997173 0.047973 0.057836 -0.000000 -0.040395 0.991241 -0.125735 9.923500 -0.063361 0.123043 0.990377 -1.227300 0.000000 0.000000 0.000000 1.000000
0.998143 0.035307 0.049641 0.000000 -0.029243 0.992585 -0.117983 9.923500 -0.053438 0.116312 0.991774 -1.227300 0.000000 0.000000 0.000000 1.000000
0.999132 0.017186 0.037933 0.000000 -0.013047 0.994197 -0.106783 9.923500 -0.039548 0.106196 0.993558 -1.227300 0.000000 0.000000 0.000000 1.000000
0.999697 -0.004056 0.024275 0.000000 0.006309 0.995601 -0.093480 9.923500 -0.023789 0.093605 0.995325 -1.227300 0.000000 0.000000 0.000000 1.000000
0.999611 -0.025920 0.010247 0.000000 0.026652 0.996500 -0.079228 9.923500 -0.008157 0.079470 0.996804 -1.227300 0.000000 0.000000 0.000000 1.000000
0.998941 -0.045951 -0.002516 0.000000 0.045691 0.996844 -0.064922 9.923500 0.005492 0.064739 0.997887 -1.227300 0.000000 0.000000 0.000000 1.000000
0.997998 -0.061803 -0.013400 -0.000000 0.061041 0.996815 -0.051322 9.923500 0.016529 0.050401 0.998592 -1.227300 0.000000 0.000000 0.000000 1.000000
0.997508 -0.070031 -0.008605 -0.000000 0.069660 0.996857 -0.037742 9.923500 0.011221 0.037049 0.999250 -1.227300 0.000000 0.000000 0.000000 1.000000
0.997566 -0.069611 -0.004129 0.000000 0.069487 0.997272 -0.024887 9.923500 0.005850 0.024539 0.999682 -1.227300 0.000000 0.000000 0.000000 1.000000
0.998122 -0.061225 -0.001740 -0.000000 0.061207 0.998086 -0.008830 9.923500 0.002277 0.008707 0.999960 -1.227300 0.000000 0.000000 0.000000 1.000000
0.998570 -0.053450 -0.000478 -0.000000 0.053452 0.998511 0.010896 9.923500 -0.000106 -0.010906 0.999941 -1.227300 0.000000 0.000000 0.000000 1.000000
0.998933 -0.045689 -0.006714 0.000000 0.045808 0.998773 0.018829 9.923500 0.005845 -0.019116 0.999800 -1.227300 0.000000 0.000000 0.000000 1.000000
0.999160 -0.040074 -0.008541 0.000000 0.040175 0.999120 0.012024 9.923500 0.008052 -0.012357 0.999891 -1.227300 0.000000 0.000000 0.000000 1.000000
0.999370 -0.034400 -0.008687 0.000000 0.034375 0.999405 -0.002999 9.923500 0.008785 0.002698 0.999958 -1.227300 0.000000 0.000000 0.000000 1.000000
0.999498 -0.030397 -0.008905 -0.000000 0.030198 0.999309 -0.021651 9.923500 0.009557 0.021371 0.999726 -1.227300 0.000000 0.000000 0.000000 1.000000
0.999518 -0.030767 -0.004230 0.000000 0.030587 0.998828 -0.037504 9.923500 0.005379 0.037356 0.999288 -1.227300 0.000000 0.000000 0.000000 1.000000
0.999477 -0.031976 0.004898 0.000000 0.032186 0.998152 -0.051544 9.923500 -0.003240 0.051675 0.998659 -1.227300 0.000000 0.000000 0.000000 1.000000
0.999420 -0.032037 0.011517 0.000000 0.032696 0.997511 -0.062471 9.923500 -0.009487 0.062811 0.997980 -1.227300 0.000000 0.000000 0.000000 1.000000
0.999246 -0.035562 0.015549 0.000000 0.036616 0.996606 -0.073731 9.923500 -0.012874 0.074244 0.997157 -1.227300 0.000000 0.000000 0.000000 1.000000
0.999069 -0.042800 0.005496 0.000000 0.043127 0.994704 -0.093296 9.923500 -0.001474 0.093446 0.995623 -1.227300 0.000000 0.000000 0.000000 1.000000
0.999081 -0.039796 0.015903 0.000000 0.041533 0.990595 -0.130373 9.923500 -0.010566 0.130913 0.991338 -1.227300 0.000000 0.000000 0.000000 1.000000
0.999298 -0.023247 0.029392 -0.000000 0.027203 0.989449 -0.142306 9.923500 -0.025774 0.143006 0.989386 -1.227300 0.000000 0.000000 0.000000 1.000000
0.999466 -0.029024 0.015009 0.000000 0.030725 0.991111 -0.129445 9.923500 -0.011119 0.129837 0.991473 -1.227300 0.000000 0.000000 0.000000 1.000000
0.999495 -0.031789 -0.000003 -0.000000 0.031557 0.992224 -0.120399 9.923500 0.003830 0.120338 0.992726 -1.227300 0.000000 0.000000 0.000000 1.000000
0.999475 -0.032393 0.000317 -0.000000 0.032216 0.992895 -0.114550 9.923500 0.003396 0.114500 0.993417 -1.227300 0.000000 0.000000 0.000000 1.000000
0.999271 -0.037143 0.008827 -0.000000 0.037898 0.992985 -0.112002 9.923500 -0.004605 0.112255 0.993669 -1.227300 0.000000 0.000000 0.000000 1.000000
0.999666 -0.024944 -0.006768 0.000000 0.024010 0.993190 -0.114002 9.923500 0.009565 0.113802 0.993457 -1.227300 0.000000 0.000000 0.000000 1.000000
0.999759 -0.009163 -0.019932 0.000000 0.006812 0.993346 -0.114964 9.923500 0.020852 0.114800 0.993170 -1.227300 0.000000 0.000000 0.000000 1.000000
0.999722 -0.011649 -0.020522 0.000000 0.009169 0.993085 -0.117043 9.923500 0.021743 0.116822 0.992915 -1.227300 0.000000 0.000000 0.000000 1.000000
0.999384 -0.012718 -0.032711 0.000000 0.008851 0.993239 -0.115749 9.923500 0.033962 0.115388 0.992740 -1.227300 0.000000 0.000000 0.000000 1.000000
0.998607 -0.011824 -0.051425 0.000000 0.006176 0.994062 -0.108642 9.923500 0.052405 0.108173 0.992750 -1.227300 0.000000 0.000000 0.000000 1.000000
0.997604 -0.009217 -0.068568 0.000000 0.002101 0.994664 -0.103142 9.923500 0.069153 0.102751 0.992300 -1.227300 0.000000 0.000000 0.000000 1.000000
0.996886 -0.006728 -0.078563 0.000000 -0.000829 0.995404 -0.095763 9.923500 0.078846 0.095530 0.992299 -1.227300 0.000000 0.000000 0.000000 1.000000
0.996576 -0.004316 -0.082569 -0.000000 -0.002999 0.996093 -0.088260 9.923500 0.082627 0.088205 0.992669 -1.227300 0.000000 0.000000 0.000000 1.000000
0.996591 -0.002879 -0.082447 0.000000 -0.003616 0.996906 -0.078524 9.923500 0.082418 0.078555 0.993497 -1.227300 0.000000 0.000000 0.000000 1.000000
0.996873 -0.001347 -0.079007 0.000000 -0.003961 0.997746 -0.066980 9.923500 0.078919 0.067083 0.994621 -1.227300 0.000000 0.000000 0.000000 1.000000
0.997206 -0.002254 -0.074672 0.000000 -0.002110 0.998296 -0.058313 9.923500 0.074676 0.058308 0.995502 -1.227300 0.000000 0.000000 0.000000 1.000000
0.997619 -0.008390 -0.068456 0.000000 0.004654 0.998500 -0.054555 9.923500 0.068811 0.054107 0.996161 -1.227300 0.000000 0.000000 0.000000 1.000000
0.998048 -0.012181 -0.061245 -0.000000 0.009269 0.998823 -0.047613 9.923500 0.061753 0.046952 0.996986 -1.227300 0.000000 0.000000 0.000000 1.000000
0.998463 -0.014203 -0.053575 0.000000 0.012206 0.999225 -0.037420 9.923500 0.054065 0.036708 0.997862 -1.227300 0.000000 0.000000 0.000000 1.000000
0.998830 -0.012707 -0.046669 0.000000 0.011603 0.999648 -0.023852 9.923500 0.046956 0.023283 0.998626 -1.227300 0.000000 0.000000 0.000000 1.000000
0.999268 -0.009454 -0.037077 0.000000 0.009235 0.999939 -0.006089 9.923500 0.037132 0.005742 0.999294 -1.227300 0.000000 0.000000 0.000000 1.000000
0.999575 -0.011373 -0.026841 0.000000 0.011435 0.999932 0.002141 9.923500 0.026815 -0.002447 0.999637 -1.227300 0.000000 0.000000 0.000000 1.000000
0.999221 -0.018119 -0.035046 -0.000000 0.018433 0.999793 0.008657 9.923500 0.034882 -0.009296 0.999348 -1.227300 0.000000 0.000000 0.000000 1.000000
0.999317 -0.007452 -0.036201 0.000000 0.007700 0.999948 0.006721 9.923500 0.036149 -0.006995 0.999322 -1.227300 0.000000 0.000000 0.000000 1.000000
0.999662 0.008727 -0.024496 0.000000 -0.008619 0.999953 0.004517 9.923500 0.024534 -0.004304 0.999690 -1.227300 0.000000 0.000000 0.000000 1.000000
0.999834 0.016950 -0.006675 0.000000 -0.016880 0.999803 0.010427 9.923500 0.006851 -0.010313 0.999923 -1.227300 0.000000 0.000000 0.000000 1.000000
0.999673 0.025399 -0.002851 0.000000 -0.025333 0.999452 0.021314 9.923500 0.003391 -0.021234 0.999769 -1.227300 0.000000 0.000000 0.000000 1.000000
0.999562 0.029335 -0.003922 0.000000 -0.029243 0.999335 0.021791 9.923500 0.004559 -0.021666 0.999755 -1.227300 0.000000 0.000000 0.000000 1.000000
0.999522 0.030360 -0.005859 0.000000 -0.030249 0.999377 0.018205 9.923500 0.006408 -0.018019 0.999817 -1.227300 0.000000 0.000000 0.000000 1.000000
0.999523 0.030539 -0.004510 0.000000 -0.030466 0.999415 0.015534 9.923500 0.004982 -0.015389 0.999869 -1.227300 0.000000 0.000000 0.000000 1.000000
0.999573 0.028695 -0.005497 0.000000 -0.028624 0.999512 0.012516 9.923500 0.005854 -0.012353 0.999907 -1.227300 0.000000 0.000000 0.000000 1.000000
0.999590 0.027447 -0.008186 0.000000 -0.027363 0.999574 0.010158 9.923500 0.008461 -0.009930 0.999915 -1.227300 0.000000 0.000000 0.000000 1.000000
0.999644 0.024108 -0.011408 0.000000 -0.024043 0.999694 0.005779 9.923500 0.011544 -0.005502 0.999918 -1.227300 0.000000 0.000000 0.000000 1.000000
0.999667 0.020746 -0.015377 0.000000 -0.020719 0.999784 0.001910 9.923500 0.015413 -0.001591 0.999880 -1.227300 0.000000 0.000000 0.000000 1.000000
0.999666 0.017167 -0.019312 0.000000 -0.017202 0.999851 -0.001650 9.923500 0.019281 0.001982 0.999812 -1.227300 0.000000 0.000000 0.000000 1.000000
0.999685 0.013043 -0.021419 0.000000 -0.013138 0.999904 -0.004290 9.923500 0.021361 0.004570 0.999761 -1.227300 0.000000 0.000000 0.000000 1.000000
0.999672 0.010418 -0.023417 0.000000 -0.010570 0.999924 -0.006399 9.923500 0.023349 0.006644 0.999705 -1.227300 0.000000 0.000000 0.000000 1.000000
0.999656 0.009641 -0.024394 0.000000 -0.009798 0.999932 -0.006323 9.923500 0.024332 0.006559 0.999682 -1.227300 0.000000 0.000000 0.000000 1.000000
0.999656 0.010067 -0.024213 -0.000000 -0.010192 0.999935 -0.005060 9.923500 0.024161 0.005305 0.999694 -1.227300 0.000000 0.000000 0.000000 1.000000
0.999659 0.011560 -0.023434 0.000000 -0.011636 0.999927 -0.003133 9.923500 0.023396 0.003405 0.999720 -1.227300 0.000000 0.000000 0.000000 1.000000
0.999662 0.013429 -0.022279 -0.000000 -0.013490 0.999906 -0.002602 9.923500 0.022242 0.002902 0.999748 -1.227300 0.000000 0.000000 0.000000 1.000000
0.999678 0.015483 -0.020093 -0.000000 -0.015516 0.999878 -0.001496 9.923500 0.020067 0.001807 0.999797 -1.227300 0.000000 0.000000 0.000000 1.000000
0.999675 0.017659 -0.018373 0.000000 -0.017675 0.999844 -0.000658 9.923500 0.018359 0.000982 0.999831 -1.227300 0.000000 0.000000 0.000000 1.000000
0.999666 0.019256 -0.017212 -0.000000 -0.019265 0.999814 -0.000371 9.923500 0.017202 0.000702 0.999852 -1.227300 0.000000 0.000000 0.000000 1.000000
0.999673 0.019904 -0.016067 0.000000 -0.019905 0.999802 0.000077 9.923500 0.016065 0.000243 0.999871 -1.227300 0.000000 0.000000 0.000000 1.000000</float_array><technique_common><accessor source="#mixamorig_Spine-Matrix-animation-output-transform-array" count="67" stride="16"><param type="float4x4"/></accessor></technique_common></source><source id="mixamorig_Spine-Interpolations"><Name_array id="mixamorig_Spine-Interpolations-array" count="67">
 LINEAR LINEAR LINEAR LINEAR LINEAR LINEAR LINEAR LINEAR LINEAR LINEAR LINEAR
LINEAR LINEAR LINEAR LINEAR LINEAR LINEAR LINEAR LINEAR LINEAR LINEAR LINEAR LINEAR
LINEAR LINEAR LINEAR LINEAR LINEAR LINEAR LINEAR LINEAR LINEAR LINEAR LINEAR LINEAR
LINEAR LINEAR LINEAR LINEAR LINEAR LINEAR LINEAR LINEAR LINEAR LINEAR LINEAR LINEAR
LINEAR LINEAR LINEAR LINEAR LINEAR LINEAR LINEAR LINEAR LINEAR LINEAR LINEAR LINEAR
LINEAR LINEAR LINEAR LINEAR LINEAR LINEAR LINEAR LINEAR</Name_array><technique_common><accessor source="#mixamorig_Spine-Interpolations-array" count="67"><param type="name"/></accessor></technique_common></source><sampler id="mixamorig_Spine-Matrix-animation-transform"><input semantic="INPUT" source="#mixamorig_Spine-Matrix-animation-input"/><input semantic="OUTPUT" source="#mixamorig_Spine-Matrix-animation-output-transform"/><input semantic="INTERPOLATION" source="#mixamorig_Spine-Interpolations"/></sampler><channel source="#mixamorig_Spine-Matrix-animation-transform" target="mixamorig_Spine/matrix"/></animation>
    <animation id="mixamorig_Spine1-anim" name="mixamorig_Spine1"><source id="mixamorig_Spine1-Matrix-animation-input"><float_array id="mixamorig_Spine1-Matrix-animation-input-array" count="67">

0.000000 0.033333 0.066667 0.100000 0.133333 0.166667 0.200000 0.233333 0.266667 0.300000 0.333333 0.366667 0.400000 0.433333 0.466667 0.500000
0.533333 0.566667 0.600000 0.633333 0.666667 0.700000 0.733333 0.766667 0.800000 0.833333 0.866667 0.900000 0.933333 0.966667 1.000000 1.033333
1.066667 1.100000 1.133333 1.166667 1.200000 1.233333 1.266667 1.300000 1.333333 1.366667 1.400000 1.433333 1.466667 1.500000 1.533333 1.566667
1.600000 1.633333 1.666667 1.700000 1.733333 1.766667 1.800000 1.833333 1.866667 1.900000 1.933333 1.966667 2.000000 2.033333 2.066667 2.100000
2.133333 2.166667 2.200000</float_array><technique_common><accessor source="#mixamorig_Spine1-Matrix-animation-input-array" count="67"><param name="TIME" type="float"/></accessor></technique_common></source><source id="mixamorig_Spine1-Matrix-animation-output-transform"><float_array id="mixamorig_Spine1-Matrix-animation-output-transform-array" count="1072">

0.998870 -0.040557 0.024793 -0.000100 0.041083 0.998933 -0.021097 11.645400 -0.023911 0.022091 0.999470 -1.422300 0.000000 0.000000 0.000000 1.000000
0.998908 -0.043954 0.015865 -0.000100 0.044350 0.998691 -0.025491 11.645400 -0.014724 0.026167 0.999549 -1.422300 0.000000 0.000000 0.000000 1.000000
0.998573 -0.053028 -0.006355 -0.000100 0.052759 0.997927 -0.036862 11.645400 0.008297 0.036474 0.999300 -1.422300 0.000000 0.000000 0.000000 1.000000
0.997192 -0.066139 -0.035124 -0.000100 0.064244 0.996548 -0.052590 11.645400 0.038481 0.050186 0.997998 -1.422300 0.000000 0.000000 0.000000 1.000000
0.994625 -0.081647 -0.063683 -0.000100 0.077172 0.994570 -0.069818 11.645400 0.069038 0.064528 0.995525 -1.422300 0.000000 0.000000 0.000000 1.000000
0.991531 -0.097916 -0.085320 -0.000100 0.090646 0.992225 -0.085278 11.645400 0.093007 0.076822 0.992697 -1.422300 0.000000 0.000000 0.000000 1.000000
0.989156 -0.113323 -0.093426 -0.000100 0.104418 0.989961 -0.095263 11.645400 0.103284 0.084474 0.991058 -1.422300 0.000000 0.000000 0.000000 1.000000
0.989801 -0.124889 -0.068538 -0.000100 0.118310 0.988625 -0.092865 11.645400 0.079356 0.083809 0.993317 -1.422300 0.000000 0.000000 0.000000 1.000000
0.990726 -0.133330 -0.026189 -0.000100 0.131116 0.988659 -0.073230 11.645400 0.035656 0.069117 0.996971 -1.422300 0.000000 0.000000 0.000000 1.000000
0.990279 -0.139004 0.005054 -0.000100 0.139083 0.989045 -0.049451 11.645400 0.001876 0.049673 0.998764 -1.422300 0.000000 0.000000 0.000000 1.000000
0.992256 -0.123579 0.012507 -0.000100 0.123785 0.992159 -0.017265 11.645400 -0.010276 0.018680 0.999773 -1.422300 0.000000 0.000000 0.000000 1.000000
0.994056 -0.108030 0.013501 -0.000100 0.107716 0.993935 0.022161 11.645400 -0.015813 -0.020575 0.999663 -1.422300 0.000000 0.000000 0.000000 1.000000
0.995870 -0.090790 0.000041 -0.000100 0.090724 0.995164 0.037654 11.645400 -0.003459 -0.037495 0.999291 -1.422300 0.000000 0.000000 0.000000 1.000000
0.997078 -0.076285 -0.004015 -0.000100 0.076360 0.996792 0.023991 11.645400 0.002172 -0.024228 0.999704 -1.422300 0.000000 0.000000 0.000000 1.000000
0.998171 -0.060144 -0.006084 -0.000100 0.060107 0.998174 -0.006037 11.645400 0.006436 0.005660 0.999963 -1.422300 0.000000 0.000000 0.000000 1.000000
0.998669 -0.050732 -0.009293 -0.000100 0.050284 0.997794 -0.043337 11.645400 0.011472 0.042812 0.999017 -1.422300 0.000000 0.000000 0.000000 1.000000
0.998731 -0.050356 -0.000950 -0.000100 0.050143 0.995927 -0.074935 11.645400 0.004720 0.074793 0.997188 -1.422300 0.000000 0.000000 0.000000 1.000000
0.998572 -0.051171 0.015329 -0.000100 0.052480 0.993315 -0.102819 11.645400 -0.009965 0.103477 0.994582 -1.422300 0.000000 0.000000 0.000000 1.000000
0.998209 -0.052919 0.027889 -0.000100 0.055995 0.990647 -0.124428 11.645400 -0.021044 0.125767 0.991837 -1.422300 0.000000 0.000000 0.000000 1.000000
0.997384 -0.062112 0.036963 -0.000100 0.066899 0.986908 -0.146756 11.645400 -0.027364 0.148845 0.988482 -1.422300 0.000000 0.000000 0.000000 1.000000
0.996845 -0.077208 0.018400 -0.000100 0.079259 0.980598 -0.179291 11.645400 -0.004200 0.180183 0.983624 -1.422300 0.000000 0.000000 0.000000 1.000000
0.998286 -0.047198 0.034593 -0.000100 0.054120 0.969505 -0.239022 11.645400 -0.022257 0.240485 0.970398 -1.422300 0.000000 0.000000 0.000000 1.000000
0.998116 -0.020721 0.057758 -0.000100 0.035503 0.962725 -0.268142 11.645400 -0.050049 0.269688 0.961646 -1.422300 0.000000 0.000000 0.000000 1.000000
0.997847 -0.054571 0.036392 -0.000100 0.062475 0.959725 -0.273906 11.645400 -0.019979 0.275590 0.961068 -1.422300 0.000000 0.000000 0.000000 1.000000
0.995871 -0.089665 0.014186 -0.000100 0.089974 0.954130 -0.285554 11.645400 0.012069 0.285651 0.958258 -1.422300 0.000000 0.000000 0.000000 1.000000
0.994118 -0.106946 0.017077 -0.000100 0.107513 0.955555 -0.274511 11.645400 0.013040 0.274732 0.961432 -1.422300 0.000000 0.000000 0.000000 1.000000
0.992012 -0.120151 0.038415 -0.000100 0.126103 0.952275 -0.277977 11.645400 -0.003183 0.280601 0.959819 -1.422300 0.000000 0.000000 0.000000 1.000000
0.994532 -0.104283 0.005602 -0.000100 0.101468 0.952213 -0.288086 11.645400 0.024708 0.287080 0.957588 -1.422300 0.000000 0.000000 0.000000 1.000000
0.996020 -0.085449 -0.025337 -0.000100 0.073961 0.951069 -0.299996 11.645400 0.049731 0.296928 0.953604 -1.422300 0.000000 0.000000 0.000000 1.000000
0.994983 -0.097189 -0.023717 -0.000100 0.085222 0.947603 -0.307874 11.645400 0.052396 0.304308 0.951132 -1.422300 0.000000 0.000000 0.000000 1.000000
0.991929 -0.118022 -0.046346 -0.000100 0.097053 0.941934 -0.321468 11.645400 0.081595 0.314375 0.945786 -1.422300 0.000000 0.000000 0.000000 1.000000
0.988736 -0.122583 -0.085879 -0.000100 0.090146 0.945760 -0.312109 11.645400 0.119481 0.300852 0.946157 -1.422300 0.000000 0.000000 0.000000 1.000000
0.984974 -0.120246 -0.123963 -0.000100 0.077188 0.948619 -0.306861 11.645400 0.154493 0.292682 0.943647 -1.422300 0.000000 0.000000 0.000000 1.000000
0.982607 -0.112509 -0.147735 -0.000100 0.064472 0.952768 -0.296777 11.645400 0.174147 0.282090 0.943450 -1.422300 0.000000 0.000000 0.000000 1.000000
0.982043 -0.100630 -0.159576 -0.000100 0.051963 0.957423 -0.283975 11.645400 0.181358 0.270584 0.945460 -1.422300 0.000000 0.000000 0.000000 1.000000
0.982794 -0.088993 -0.161850 -0.000100 0.043006 0.962442 -0.268058 11.645400 0.179626 0.256486 0.949710 -1.422300 0.000000 0.000000 0.000000 1.000000
0.984667 -0.075079 -0.157461 -0.000100 0.034329 0.968391 -0.247065 11.645400 0.171033 0.237871 0.956120 -1.422300 0.000000 0.000000 0.000000 1.000000
0.986493 -0.065953 -0.149941 -0.000100 0.030073 0.972725 -0.230004 11.645400 0.161020 0.222388 0.961570 -1.422300 0.000000 0.000000 0.000000 1.000000
0.988538 -0.066290 -0.135642 -0.000100 0.035564 0.975409 -0.217514 11.645400 0.146726 0.210196 0.966586 -1.422300 0.000000 0.000000 0.000000 1.000000
0.990230 -0.069903 -0.120656 -0.000100 0.043711 0.977268 -0.207452 11.645400 0.132415 0.200151 0.970776 -1.422300 0.000000 0.000000 0.000000 1.000000
0.991919 -0.071574 -0.104754 -0.000100 0.051199 0.981278 -0.185666 11.645400 0.116082 0.178802 0.977013 -1.422300 0.000000 0.000000 0.000000 1.000000
0.993422 -0.068859 -0.091492 -0.000100 0.053799 0.985985 -0.157924 11.645400 0.101084 0.151963 0.983203 -1.422300 0.000000 0.000000 0.000000 1.000000
0.995215 -0.065498 -0.072509 -0.000100 0.056432 0.991083 -0.120703 11.645400 0.079769 0.116034 0.990037 -1.422300 0.000000 0.000000 0.000000 1.000000
0.995790 -0.078164 -0.047883 -0.000100 0.072426 0.991101 -0.111684 11.645400 0.056187 0.107746 0.992589 -1.422300 0.000000 0.000000 0.000000 1.000000
0.993703 -0.097010 -0.056057 -0.000100 0.090754 0.990319 -0.105037 11.645400 0.065704 0.099288 0.992887 -1.422300 0.000000 0.000000 0.000000 1.000000
0.995823 -0.067683 -0.061280 -0.000100 0.060521 0.991862 -0.112015 11.645400 0.068363 0.107839 0.991815 -1.422300 0.000000 0.000000 0.000000 1.000000
0.998590 -0.028078 -0.045062 -0.000100 0.023201 0.994167 -0.105329 11.645400 0.047757 0.104135 0.993416 -1.422300 0.000000 0.000000 0.000000 1.000000
0.999853 -0.007316 -0.015502 -0.000100 0.006082 0.996917 -0.078226 11.645400 0.016026 0.078120 0.996815 -1.422300 0.000000 0.000000 0.000000 1.000000
0.999646 0.023384 -0.012700 -0.000100 -0.023780 0.999207 -0.031923 11.645400 0.011943 0.032214 0.999410 -1.422300 0.000000 0.000000 0.000000 1.000000
0.999170 0.036316 -0.018427 -0.000100 -0.036996 0.998594 -0.037967 11.645400 0.017022 0.038617 0.999109 -1.422300 0.000000 0.000000 0.000000 1.000000
0.998858 0.043713 -0.019295 -0.000100 -0.044532 0.998024 -0.044320 11.645400 0.017319 0.045129 0.998831 -1.422300 0.000000 0.000000 0.000000 1.000000
0.998739 0.047290 -0.016839 -0.000100 -0.048040 0.997723 -0.047340 11.645400 0.014562 0.048089 0.998737 -1.422300 0.000000 0.000000 0.000000 1.000000
0.998814 0.044824 -0.019022 -0.000100 -0.045822 0.997391 -0.055776 11.645400 0.016472 0.056582 0.998262 -1.422300 0.000000 0.000000 0.000000 1.000000
0.998962 0.038277 -0.024695 -0.000100 -0.039827 0.997048 -0.065645 11.645400 0.022109 0.066561 0.997537 -1.422300 0.000000 0.000000 0.000000 1.000000
0.999056 0.031324 -0.030110 -0.000100 -0.033529 0.996561 -0.075779 11.645400 0.027633 0.076717 0.996670 -1.422300 0.000000 0.000000 0.000000 1.000000
0.999049 0.023210 -0.036912 -0.000100 -0.026364 0.995824 -0.087402 11.645400 0.034729 0.088292 0.995489 -1.422300 0.000000 0.000000 0.000000 1.000000
0.999000 0.014506 -0.042290 -0.000100 -0.018571 0.995075 -0.097373 11.645400 0.040669 0.098061 0.994349 -1.422300 0.000000 0.000000 0.000000 1.000000
0.998964 0.007588 -0.044865 -0.000100 -0.012238 0.994471 -0.104297 11.645400 0.043826 0.104738 0.993534 -1.422300 0.000000 0.000000 0.000000 1.000000
0.998872 0.002970 -0.047392 -0.000100 -0.008028 0.994239 -0.106885 11.645400 0.046802 0.107144 0.993141 -1.422300 0.000000 0.000000 0.000000 1.000000
0.998799 0.000792 -0.048994 -0.000100 -0.005985 0.994354 -0.105949 11.645400 0.048634 0.106115 0.993164 -1.422300 0.000000 0.000000 0.000000 1.000000
0.998799 0.001045 -0.048992 -0.000100 -0.006081 0.994687 -0.102770 11.645400 0.048624 0.102945 0.993498 -1.422300 0.000000 0.000000 0.000000 1.000000
0.998821 0.003035 -0.048454 -0.000100 -0.007808 0.995096 -0.098608 11.645400 0.047917 0.098870 0.993946 -1.422300 0.000000 0.000000 0.000000 1.000000
0.998889 0.007676 -0.046491 -0.000100 -0.012050 0.995449 -0.094536 11.645400 0.045554 0.094991 0.994435 -1.422300 0.000000 0.000000 0.000000 1.000000
0.998994 0.013216 -0.042862 -0.000100 -0.017049 0.995767 -0.090320 11.645400 0.041487 0.090960 0.994990 -1.422300 0.000000 0.000000 0.000000 1.000000
0.999016 0.018483 -0.040306 -0.000100 -0.021935 0.995970 -0.086963 11.645400 0.038536 0.087762 0.995396 -1.422300 0.000000 0.000000 0.000000 1.000000
0.999014 0.022220 -0.038435 -0.000100 -0.025412 0.996087 -0.084650 11.645400 0.036404 0.085543 0.995669 -1.422300 0.000000 0.000000 0.000000 1.000000
0.999042 0.023835 -0.036715 -0.000100 -0.026847 0.996117 -0.083851 11.645400 0.034573 0.084757 0.995802 -1.422300 0.000000 0.000000 0.000000 1.000000</float_array><technique_common><accessor source="#mixamorig_Spine1-Matrix-animation-output-transform-array" count="67" stride="16"><param type="float4x4"/></accessor></technique_common></source><source id="mixamorig_Spine1-Interpolations"><Name_array id="mixamorig_Spine1-Interpolations-array" count="67">
 LINEAR LINEAR LINEAR LINEAR LINEAR LINEAR LINEAR LINEAR LINEAR LINEAR LINEAR
LINEAR LINEAR LINEAR LINEAR LINEAR LINEAR LINEAR LINEAR LINEAR LINEAR LINEAR LINEAR
LINEAR LINEAR LINEAR LINEAR LINEAR LINEAR LINEAR LINEAR LINEAR LINEAR LINEAR LINEAR
LINEAR LINEAR LINEAR LINEAR LINEAR LINEAR LINEAR LINEAR LINEAR LINEAR LINEAR LINEAR
LINEAR LINEAR LINEAR LINEAR LINEAR LINEAR LINEAR LINEAR LINEAR LINEAR LINEAR LINEAR
LINEAR LINEAR LINEAR LINEAR LINEAR LINEAR LINEAR LINEAR</Name_array><technique_common><accessor source="#mixamorig_Spine1-Interpolations-array" count="67"><param type="name"/></accessor></technique_common></source><sampler id="mixamorig_Spine1-Matrix-animation-transform"><input semantic="INPUT" source="#mixamorig_Spine1-Matrix-animation-input"/><input semantic="OUTPUT" source="#mixamorig_Spine1-Matrix-animation-output-transform"/><input semantic="INTERPOLATION" source="#mixamorig_Spine1-Interpolations"/></sampler><channel source="#mixamorig_Spine1-Matrix-animation-transform" target="mixamorig_Spine1/matrix"/></animation>
    <animation id="mixamorig_Spine2-anim" name="mixamorig_Spine2"><source id="mixamorig_Spine2-Matrix-animation-input"><float_array id="mixamorig_Spine2-Matrix-animation-input-array" count="67">

0.000000 0.033333 0.066667 0.100000 0.133333 0.166667 0.200000 0.233333 0.266667 0.300000 0.333333 0.366667 0.400000 0.433333 0.466667 0.500000
0.533333 0.566667 0.600000 0.633333 0.666667 0.700000 0.733333 0.766667 0.800000 0.833333 0.866667 0.900000 0.933333 0.966667 1.000000 1.033333
1.066667 1.100000 1.133333 1.166667 1.200000 1.233333 1.266667 1.300000 1.333333 1.366667 1.400000 1.433333 1.466667 1.500000 1.533333 1.566667
1.600000 1.633333 1.666667 1.700000 1.733333 1.766667 1.800000 1.833333 1.866667 1.900000 1.933333 1.966667 2.000000 2.033333 2.066667 2.100000
2.133333 2.166667 2.200000</float_array><technique_common><accessor source="#mixamorig_Spine2-Matrix-animation-input-array" count="67"><param name="TIME" type="float"/></accessor></technique_common></source><source id="mixamorig_Spine2-Matrix-animation-output-transform"><float_array id="mixamorig_Spine2-Matrix-animation-output-transform-array" count="1072">

0.999575 -0.018316 0.022668 0.000100 0.018403 0.999824 -0.003651 13.360200 -0.022597 0.004066 0.999736 -1.626500 0.000000 0.000000 0.000000 1.000000
0.999654 -0.022315 0.013908 0.000100 0.022435 0.999712 -0.008533 13.360200 -0.013713 0.008842 0.999867 -1.626500 0.000000 0.000000 0.000000 1.000000
0.999423 -0.033036 -0.007884 0.000100 0.032862 0.999235 -0.021205 13.360200 0.008578 0.020934 0.999744 -1.626500 0.000000 0.000000 0.000000 1.000000
0.998166 -0.048612 -0.036068 0.000100 0.047208 0.998130 -0.038821 13.360200 0.037887 0.037047 0.998595 -1.626500 0.000000 0.000000 0.000000 1.000000
0.995688 -0.067174 -0.063982 0.000100 0.063472 0.996283 -0.058243 13.360200 0.067656 0.053931 0.996250 -1.626500 0.000000 0.000000 0.000000 1.000000
