<?xml version="1.0" encoding="utf-8"?>
<COLLADA xmlns="http://www.collada.org/2005/11/COLLADASchema" version="1.4.1">
  <asset><contributor><author>Mixamo</author><authoring_tool>COLLADA Mixamo exporter</authoring_tool><comments></comments></contributor><created>2018-12-15T11:59:07Z</created><modified>2018-12-15T11:59:07Z</modified><revision></revision><title></title><unit meter="0.010000"/><up_axis>Y_UP</up_axis></asset>
  <library_animations>
    <animation id="mixamorig_Hips-anim" name="mixamorig_Hips"><source id="mixamorig_Hips-Matrix-animation-input"><float_array id="mixamorig_Hips-Matrix-animation-input-array" count="65">

0.000000 0.033333 0.066667 0.100000 0.133333 0.166667 0.200000 0.233333 0.266667 0.300000 0.333333 0.366667 0.400000 0.433333 0.466667 0.500000
0.533333 0.566667 0.600000 0.633333 0.666667 0.700000 0.733333 0.766667 0.800000 0.833333 0.866667 0.900000 0.933333 0.966667 1.000000 1.033333
1.066667 1.100000 1.133333 1.166667 1.200000 1.233333 1.266667 1.300000 1.333333 1.366667 1.400000 1.433333 1.466667 1.500000 1.533333 1.566667
1.600000 1.633333 1.666667 1.700000 1.733333 1.766667 1.800000 1.833333 1.866667 1.900000 1.933333 1.966667 2.000000 2.033333 2.066667 2.100000
2.133333</float_array><technique_common><accessor source="#mixamorig_Hips-Matrix-animation-input-array" count="65"><param name="TIME" type="float"/></accessor></technique_common></source><source id="mixamorig_Hips-Matrix-animation-output-transform"><float_array id="mixamorig_Hips-Matrix-animation-output-transform-array" count="1040">

0.409246 0.137098 -0.902065 -1.848883 0.059428 0.982543 0.176290 96.972031 0.910487 -0.125754 0.393954 0.180420 0.000000 0.000000 0.000000 1.000000
0.418153 0.138872 -0.897699 -1.933693 0.063000 0.981432 0.181171 96.928589 0.906189 -0.132312 0.401639 0.007410 0.000000 0.000000 0.000000 1.000000
0.435351 0.141990 -0.888993 -1.972353 0.065839 0.979818 0.188739 96.852043 0.897850 -0.140698 0.417216 -0.238860 0.000000 0.000000 0.000000 1.000000
0.459475 0.144001 -0.876440 -1.914716 0.066809 0.978371 0.195773 96.732018 0.885675 -0.148507 0.439916 -0.535243 0.000000 0.000000 0.000000 1.000000
0.488939 0.142081 -0.860669 -1.773176 0.063697 0.978197 0.197668 96.578445 0.869989 -0.151470 0.469228 -0.822285 0.000000 0.000000 0.000000 1.000000
0.521393 0.135453 -0.842498 -1.618608 0.053530 0.980184 0.190718 96.403564 0.851636 -0.144538 0.503810 -1.018572 0.000000 0.000000 0.000000 1.000000
0.553230 0.126035 -0.823439 -1.520408 0.036608 0.983855 0.175184 96.247444 0.832224 -0.127062 0.539684 -1.056841 0.000000 0.000000 0.000000 1.000000
0.581808 0.116978 -0.804870 -1.479897 0.017320 0.987597 0.156055 96.144592 0.813142 -0.104735 0.572566 -0.835473 0.000000 0.000000 0.000000 1.000000
0.607367 0.109080 -0.786897 -1.445165 0.001682 0.990350 0.138581 96.120949 0.794420 -0.085493 0.601322 -0.225736 0.000000 0.000000 0.000000 1.000000
0.632447 0.101487 -0.767926 -1.375693 -0.008182 0.992200 0.124388 96.140419 0.774560 -0.072386 0.628344 0.855933 0.000000 0.000000 0.000000 1.000000
0.659934 0.096016 -0.745163 -1.283660 -0.016529 0.993416 0.113365 96.055656 0.751142 -0.062497 0.657176 2.400877 0.000000 0.000000 0.000000 1.000000
0.692047 0.095838 -0.715462 -1.175870 -0.029994 0.994109 0.104152 95.611511 0.721229 -0.050618 0.690844 4.384479 0.000000 0.000000 0.000000 1.000000
0.730777 0.097603 -0.675603 -1.044522 -0.045886 0.994510 0.094041 94.867302 0.681073 -0.037723 0.731244 6.706330 0.000000 0.000000 0.000000 1.000000
0.777782 0.096764 -0.621041 -0.823675 -0.056184 0.994826 0.084639 94.226753 0.626018 -0.030939 0.779194 9.241553 0.000000 0.000000 0.000000 1.000000
0.831744 0.099417 -0.546185 -0.399246 -0.064932 0.994503 0.082140 93.939362 0.551349 -0.032855 0.833627 11.900680 0.000000 0.000000 0.000000 1.000000
0.886486 0.109128 -0.449703 0.202562 -0.077800 0.993110 0.087629 94.002060 0.456168 -0.042695 0.888869 14.368591 0.000000 0.000000 0.000000 1.000000
0.932992 0.118674 -0.339767 0.769126 -0.090057 0.991019 0.098848 94.283844 0.348446 -0.061626 0.935301 16.205093 0.000000 0.000000 0.000000 1.000000
0.964636 0.127916 -0.230468 1.175509 -0.102509 0.987579 0.119078 94.931709 0.242837 -0.091242 0.965767 17.247171 0.000000 0.000000 0.000000 1.000000
0.980094 0.150469 -0.129517 1.500360 -0.130542 0.979937 0.150605 96.243095 0.149580 -0.130700 0.980073 17.671442 0.000000 0.000000 0.000000 1.000000
0.981378 0.188259 -0.038155 1.772783 -0.177762 0.965363 0.190984 97.903542 0.072788 -0.180645 0.980851 17.720890 0.000000 0.000000 0.000000 1.000000
0.972724 0.228059 0.042396 1.920428 -0.231515 0.943071 0.238784 99.452423 0.014474 -0.242086 0.970147 17.727217 0.000000 0.000000 0.000000 1.000000
0.960075 0.255448 0.114027 1.938512 -0.278247 0.914093 0.294979 100.677383 -0.028880 -0.314930 0.948675 17.874952 0.000000 0.000000 0.000000 1.000000
0.946850 0.261681 0.187079 1.911637 -0.313787 0.879377 0.358097 101.552086 -0.070806 -0.397767 0.914750 18.096760 0.000000 0.000000 0.000000 1.000000
0.932526 0.241267 0.268675 1.849573 -0.339137 0.840702 0.422145 101.905785 -0.124026 -0.484778 0.865799 18.207609 0.000000 0.000000 0.000000 1.000000
0.915144 0.195718 0.352429 1.626124 -0.355890 0.802875 0.478262 101.344604 -0.189352 -0.563105 0.804400 18.227554 0.000000 0.000000 0.000000 1.000000
0.895574 0.133840 0.424304 1.102014 -0.361321 0.775260 0.518092 100.089478 -0.259605 -0.617299 0.742662 18.748985 0.000000 0.000000 0.000000 1.000000
0.876467 0.076569 0.475334 0.553205 -0.358741 0.762315 0.538684 98.494553 -0.321108 -0.642661 0.695613 19.464903 0.000000 0.000000 0.000000 1.000000
0.861338 0.035908 0.506761 0.238526 -0.351909 0.761601 0.544172 97.147514 -0.366410 -0.647050 0.668633 20.248974 0.000000 0.000000 0.000000 1.000000
0.848465 0.011226 0.529132 0.227123 -0.347312 0.766200 0.540660 96.387016 -0.399351 -0.642505 0.653992 21.098207 0.000000 0.000000 0.000000 1.000000
0.835721 -0.003902 0.549140 0.380244 -0.346347 0.772268 0.532584 96.219093 -0.426161 -0.635285 0.644050 21.890663 0.000000 0.000000 0.000000 1.000000
0.828158 -0.013538 0.560331 0.554680 -0.340513 0.781919 0.522163 96.356529 -0.445202 -0.623233 0.642943 22.030903 0.000000 0.000000 0.000000 1.000000
0.829550 -0.019845 0.558079 0.713950 -0.325044 0.795469 0.511445 96.683815 -0.454084 -0.605670 0.653431 21.818720 0.000000 0.000000 0.000000 1.000000
0.835914 -0.028834 0.548103 0.868458 -0.299935 0.812326 0.500165 96.989540 -0.459660 -0.582490 0.670386 22.201275 0.000000 0.000000 0.000000 1.000000
0.840765 -0.042121 0.539759 1.007433 -0.268315 0.833504 0.482989 97.276306 -0.470236 -0.550906 0.689479 23.119274 0.000000 0.000000 0.000000 1.000000
0.842203 -0.052298 0.536618 1.179884 -0.235257 0.859894 0.453031 97.477814 -0.485127 -0.507787 0.711901 23.948755 0.000000 0.000000 0.000000 1.000000
0.844871 -0.055030 0.532131 1.442304 -0.199383 0.890639 0.408667 97.547852 -0.496426 -0.451369 0.741503 24.397623 0.000000 0.000000 0.000000 1.000000
0.855751 -0.056127 0.514334 1.776086 -0.155026 0.920608 0.358395 97.412354 -0.493616 -0.386433 0.779111 24.658907 0.000000 0.000000 0.000000 1.000000
0.878568 -0.061848 0.473595 2.108729 -0.102056 0.944369 0.312653 97.128410 -0.466586 -0.323021 0.823381 24.706339 0.000000 0.000000 0.000000 1.000000
0.913023 -0.068644 0.402090 2.364181 -0.047344 0.961244 0.271604 96.820137 -0.405150 -0.267018 0.874388 24.337692 0.000000 0.000000 0.000000 1.000000
0.953676 -0.069228 0.292763 2.472716 0.000194 0.973304 0.229520 96.595177 -0.300837 -0.218831 0.928230 23.487597 0.000000 0.000000 0.000000 1.000000
0.987670 -0.062952 0.143335 2.412207 0.035230 0.981480 0.188299 96.515739 -0.152534 -0.180927 0.971596 22.234640 0.000000 0.000000 0.000000 1.000000
0.997937 -0.050928 -0.039082 2.223754 0.056405 0.986300 0.155015 96.649010 0.030652 -0.156900 0.987139 20.604816 0.000000 0.000000 0.000000 1.000000
0.971291 -0.029239 -0.236091 1.944865 0.062455 0.988948 0.134465 97.091354 0.229550 -0.145349 0.962383 18.566620 0.000000 0.000000 0.000000 1.000000
0.906948 0.007542 -0.421174 1.580769 0.052768 0.989930 0.131357 97.754044 0.417924 -0.141359 0.897417 16.228312 0.000000 0.000000 0.000000 1.000000
0.819109 0.054805 -0.571014 1.126191 0.035507 0.988673 0.145825 98.313278 0.572538 -0.139722 0.807885 13.789917 0.000000 0.000000 0.000000 1.000000
0.730256 0.094882 -0.676553 0.610994 0.022536 0.986424 0.162664 98.404350 0.682802 -0.134034 0.718204 11.336058 0.000000 0.000000 0.000000 1.000000
0.656765 0.110080 -0.746018 0.068430 0.018457 0.986645 0.161835 97.861748 0.753869 -0.120057 0.645962 8.851820 0.000000 0.000000 0.000000 1.000000
0.596629 0.102974 -0.795883 -0.443332 0.017090 0.989878 0.140886 96.626984 0.802335 -0.097658 0.588831 6.510187 0.000000 0.000000 0.000000 1.000000
0.532385 0.093668 -0.841304 -0.872129 0.012849 0.992850 0.118672 95.136230 0.846405 -0.073989 0.527375 4.551958 0.000000 0.000000 0.000000 1.000000
0.450418 0.104558 -0.886674 -1.104808 0.005765 0.992758 0.119996 93.873428 0.892799 -0.059160 0.446553 3.161841 0.000000 0.000000 0.000000 1.000000
0.360290 0.136821 -0.922752 -1.131250 0.007853 0.988705 0.149667 93.171951 0.932807 -0.061170 0.355147 2.271202 0.000000 0.000000 0.000000 1.000000
0.290055 0.169706 -0.941843 -1.088135 0.021690 0.982733 0.183753 93.055344 0.956764 -0.073727 0.281366 1.702973 0.000000 0.000000 0.000000 1.000000
0.256240 0.186225 -0.948505 -1.098146 0.033247 0.978988 0.201191 93.303429 0.966041 -0.083088 0.244664 1.353134 0.000000 0.000000 0.000000 1.000000
0.250852 0.188395 -0.949516 -1.171033 0.036506 0.978340 0.203759 93.678329 0.967337 -0.085777 0.238541 1.141235 0.000000 0.000000 0.000000 1.000000
0.257835 0.185931 -0.948130 -1.258961 0.037055 0.978684 0.202000 94.057266 0.965478 -0.087216 0.245449 0.985242 0.000000 0.000000 0.000000 1.000000
0.268941 0.183325 -0.945549 -1.338369 0.039165 0.978825 0.200917 94.434448 0.962360 -0.091067 0.256066 0.838561 0.000000 0.000000 0.000000 1.000000
0.283575 0.179829 -0.941938 -1.413081 0.042455 0.978942 0.199675 94.825302 0.958010 -0.096613 0.269969 0.698591 0.000000 0.000000 0.000000 1.000000
0.302040 0.174482 -0.937191 -1.489372 0.045558 0.979342 0.197012 95.220886 0.952206 -0.102202 0.287852 0.576025 0.000000 0.000000 0.000000 1.000000
0.322880 0.167815 -0.931444 -1.565130 0.048202 0.979962 0.193265 95.601540 0.945212 -0.107299 0.308321 0.474270 0.000000 0.000000 0.000000 1.000000
0.344101 0.160701 -0.925078 -1.638185 0.050847 0.980609 0.189261 95.960159 0.937555 -0.112163 0.329258 0.387132 0.000000 0.000000 0.000000 1.000000
0.364275 0.153666 -0.918526 -1.706568 0.053600 0.981199 0.185408 96.290558 0.929748 -0.116772 0.349190 0.311734 0.000000 0.000000 0.000000 1.000000
0.382180 0.147220 -0.912286 -1.764879 0.056010 0.981723 0.181890 96.571533 0.922389 -0.120611 0.366949 0.253391 0.000000 0.000000 0.000000 1.000000
0.396256 0.142008 -0.907091 -1.809300 0.057832 0.982144 0.179021 96.784149 0.916317 -0.123397 0.380968 0.213348 0.000000 0.000000 0.000000 1.000000
0.405352 0.138578 -0.903596 -1.837221 0.058961 0.982422 0.177117 96.917084 0.912257 -0.125071 0.390056 0.190560 0.000000 0.000000 0.000000 1.000000
0.409248 0.137100 -0.902064 -1.848728 0.059422 0.982543 0.176291 96.972824 0.910486 -0.125749 0.393957 0.182064 0.000000 0.000000 0.000000 1.000000</float_array><technique_common><accessor source="#mixamorig_Hips-Matrix-animation-output-transform-array" count="65" stride="16"><param type="float4x4"/></accessor></technique_common></source><source id="mixamorig_Hips-Interpolations"><Name_array id="mixamorig_Hips-Interpolations-array" count="65">
 LINEAR LINEAR LINEAR LINEAR LINEAR LINEAR LINEAR LINEAR LINEAR LINEAR LINEAR
LINEAR LINEAR LINEAR LINEAR LINEAR LINEAR LINEAR LINEAR LINEAR LINEAR LINEAR LINEAR
LINEAR LINEAR LINEAR LINEAR LINEAR LINEAR LINEAR LINEAR LINEAR LINEAR LINEAR LINEAR
LINEAR LINEAR LINEAR LINEAR LINEAR LINEAR LINEAR LINEAR LINEAR LINEAR LINEAR LINEAR
LINEAR LINEAR LINEAR LINEAR LINEAR LINEAR LINEAR LINEAR LINEAR LINEAR LINEAR LINEAR
LINEAR LINEAR LINEAR LINEAR LINEAR LINEAR</Name_array><technique_common><accessor source="#mixamorig_Hips-Interpolations-array" count="65"><param type="name"/></accessor></technique_common></source><sampler id="mixamorig_Hips-Matrix-animation-transform"><input semantic="INPUT" source="#mixamorig_Hips-Matrix-animation-input"/><input semantic="OUTPUT" source="#mixamorig_Hips-Matrix-animation-output-transform"/><input semantic="INTERPOLATION" source="#mixamorig_Hips-Interpolations"/></sampler><channel source="#mixamorig_Hips-Matrix-animation-transform" target="mixamorig_Hips/matrix"/></animation>
    <animation id="mixamorig_Spine-anim" name="mixamorig_Spine"><source id="mixamorig_Spine-Matrix-animation-input"><float_array id="mixamorig_Spine-Matrix-animation-input-array" count="65">

0.000000 0.033333 0.066667 0.100000 0.133333 0.166667 0.200000 0.233333 0.266667 0.300000 0.333333 0.366667 0.400000 0.433333 0.466667 0.500000
0.533333 0.566667 0.600000 0.633333 0.666667 0.700000 0.733333 0.766667 0.800000 0.833333 0.866667 0.900000 0.933333 0.966667 1.000000 1.033333
1.066667 1.100000 1.133333 1.166667 1.200000 1.233333 1.266667 1.300000 1.333333 1.366667 1.400000 1.433333 1.466667 1.500000 1.533333 1.566667
1.600000 1.633333 1.666667 1.700000 1.733333 1.766667 1.800000 1.833333 1.866667 1.900000 1.933333 1.966667 2.000000 2.033333 2.066667 2.100000
2.133333</float_array><technique_common><accessor source="#mixamorig_Spine-Matrix-animation-input-array" count="65"><param name="TIME" type="float"/></accessor></technique_common></source><source id="mixamorig_Spine-Matrix-animation-output-transform"><float_array id="mixamorig_Spine-Matrix-animation-output-transform-array" count="1040">

0.999649 -0.026047 -0.004796 0.000000 0.026003 0.999621 -0.009076 9.923500 0.005030 0.008948 0.999947 -1.227300 0.000000 0.000000 0.000000 1.000000
0.999663 -0.025096 -0.006702 0.000000 0.025029 0.999637 -0.009931 9.923500 0.006949 0.009760 0.999928 -1.227300 0.000000 0.000000 0.000000 1.000000
0.999674 -0.023417 -0.010133 0.000000 0.023303 0.999665 -0.011272 9.923500 0.010394 0.011032 0.999885 -1.227300 0.000000 0.000000 0.000000 1.000000
0.999652 -0.021753 -0.014954 0.000000 0.021557 0.999681 -0.013170 9.923500 0.015236 0.012843 0.999801 -1.227300 0.000000 0.000000 0.000000 1.000000
0.999574 -0.021209 -0.020046 0.000000 0.020904 0.999664 -0.015336 9.923500 0.020364 0.014910 0.999681 -1.227300 0.000000 0.000000 0.000000 1.000000
0.999474 -0.022595 -0.023259 -0.000000 0.022198 0.999606 -0.017162 9.923500 0.023638 0.016637 0.999582 -1.227300 0.000000 0.000000 0.000000 1.000000
0.999456 -0.024538 -0.022056 0.000000 0.024141 0.999545 -0.018100 9.923500 0.022490 0.017558 0.999593 -1.227300 0.000000 0.000000 0.000000 1.000000
0.999566 -0.025281 -0.015132 -0.000000 0.025008 0.999526 -0.017978 9.923500 0.015579 0.017592 0.999724 -1.227300 0.000000 0.000000 0.000000 1.000000
0.999722 -0.023382 -0.003018 -0.000000 0.023328 0.999585 -0.016882 9.923500 0.003411 0.016806 0.999853 -1.227300 0.000000 0.000000 0.000000 1.000000
0.999750 -0.018484 0.012590 0.000000 0.018673 0.999712 -0.015058 9.923500 -0.012308 0.015289 0.999807 -1.227300 0.000000 0.000000 0.000000 1.000000
0.999477 -0.012297 0.029909 0.000000 0.012684 0.999838 -0.012797 9.923500 -0.029747 0.013169 0.999471 -1.227300 0.000000 0.000000 0.000000 1.000000
0.998846 -0.009591 0.047057 0.000000 0.010070 0.999900 -0.009945 9.923500 -0.046957 0.010407 0.998843 -1.227300 0.000000 0.000000 0.000000 1.000000
0.997990 -0.012246 0.062177 0.000000 0.012632 0.999903 -0.005830 9.923500 -0.062099 0.006603 0.998048 -1.227300 0.000000 0.000000 0.000000 1.000000
0.997159 -0.017634 0.073227 0.000000 0.017712 0.999843 -0.000411 9.923500 -0.073209 0.001707 0.997315 -1.227300 0.000000 0.000000 0.000000 1.000000
0.996642 -0.024509 0.078123 -0.000000 0.024183 0.999694 0.005121 9.923500 -0.078225 -0.003214 0.996931 -1.227300 0.000000 0.000000 0.000000 1.000000
0.996694 -0.027853 0.076328 -0.000000 0.027303 0.999593 0.008232 9.923500 -0.076527 -0.006121 0.997049 -1.227300 0.000000 0.000000 0.000000 1.000000
0.997336 -0.025124 0.068484 0.000000 0.024699 0.999670 0.007050 9.923500 -0.068639 -0.005340 0.997627 -1.227300 0.000000 0.000000 0.000000 1.000000
0.998196 -0.024123 0.054972 -0.000000 0.024048 0.999709 0.002030 9.923500 -0.055005 -0.000704 0.998486 -1.227300 0.000000 0.000000 0.000000 1.000000
0.998706 -0.035307 0.036595 0.000000 0.035540 0.999352 -0.005735 9.923500 -0.036369 0.007028 0.999314 -1.227300 0.000000 0.000000 0.000000 1.000000
0.998217 -0.057110 0.017384 -0.000000 0.057398 0.998215 -0.016525 9.923500 -0.016409 0.017494 0.999712 -1.227300 0.000000 0.000000 0.000000 1.000000
0.996627 -0.082069 0.000539 0.000000 0.082045 0.996127 -0.031627 9.923500 0.002059 0.031565 0.999500 -1.227300 0.000000 0.000000 0.000000 1.000000
0.994542 -0.103446 -0.013619 0.000000 0.102615 0.993373 -0.051761 9.923500 0.018883 0.050081 0.998567 -1.227300 0.000000 0.000000 0.000000 1.000000
0.992658 -0.117976 -0.026674 0.000000 0.115690 0.990433 -0.075223 9.923500 0.035293 0.071585 0.996810 -1.227300 0.000000 0.000000 0.000000 1.000000
0.991400 -0.124854 -0.039205 0.000000 0.120572 0.987931 -0.097234 9.923500 0.050872 0.091670 0.994489 -1.227300 0.000000 0.000000 0.000000 1.000000
0.991205 -0.122430 -0.050240 0.000000 0.116202 0.986860 -0.112273 9.923500 0.063326 0.105447 0.992407 -1.227300 0.000000 0.000000 0.000000 1.000000
0.992801 -0.104221 -0.059023 0.000000 0.096778 0.988361 -0.117370 9.923500 0.070568 0.110813 0.991333 -1.227300 0.000000 0.000000 0.000000 1.000000
0.994842 -0.077388 -0.065573 0.000000 0.069551 0.991001 -0.114363 9.923500 0.073833 0.109213 0.991273 -1.227300 0.000000 0.000000 0.000000 1.000000
0.996239 -0.051541 -0.069646 0.000000 0.043898 0.993275 -0.107133 9.923500 0.074700 0.103673 0.991802 -1.227300 0.000000 0.000000 0.000000 1.000000
0.996862 -0.033724 -0.071615 0.000000 0.026566 0.994767 -0.098652 9.923500 0.074567 0.096440 0.992542 -1.227300 0.000000 0.000000 0.000000 1.000000
0.997125 -0.025011 -0.071522 0.000000 0.018473 0.995711 -0.090659 9.923500 0.073482 0.089078 0.993310 -1.227300 0.000000 0.000000 0.000000 1.000000
0.997503 -0.020902 -0.067467 0.000000 0.015152 0.996296 -0.084646 9.923500 0.068986 0.083412 0.994124 -1.227300 0.000000 0.000000 0.000000 1.000000
0.998036 -0.017490 -0.060151 0.000000 0.012627 0.996692 -0.080286 9.923500 0.061356 0.079369 0.994955 -1.227300 0.000000 0.000000 0.000000 1.000000
0.998594 -0.012780 -0.051440 0.000000 0.008885 0.997125 -0.075245 9.923500 0.052253 0.074682 0.995837 -1.227300 0.000000 0.000000 0.000000 1.000000
0.999049 -0.008179 -0.042831 0.000000 0.005285 0.997722 -0.067245 9.923500 0.043283 0.066955 0.996817 -1.227300 0.000000 0.000000 0.000000 1.000000
0.999355 -0.004975 -0.035572 -0.000000 0.003015 0.998485 -0.054942 9.923500 0.035791 0.054799 0.997856 -1.227300 0.000000 0.000000 0.000000 1.000000
0.999552 -0.001633 -0.029881 0.000000 0.000464 0.999236 -0.039069 9.923500 0.029922 0.039037 0.998790 -1.227300 0.000000 0.000000 0.000000 1.000000
0.999699 0.004915 -0.024034 0.000000 -0.005444 0.999743 -0.021999 9.923500 0.023920 0.022123 0.999469 -1.227300 0.000000 0.000000 0.000000 1.000000
0.999761 0.014806 -0.016105 0.000000 -0.014904 0.999871 -0.005999 9.923500 0.016014 0.006237 0.999852 -1.227300 0.000000 0.000000 0.000000 1.000000
0.999711 0.023431 -0.005336 0.000000 -0.023388 0.999695 0.007966 9.923500 0.005521 -0.007839 0.999954 -1.227300 0.000000 0.000000 0.000000 1.000000
0.999637 0.025924 0.007356 -0.000000 -0.026063 0.999471 0.019440 9.923500 -0.006848 -0.019625 0.999784 -1.227300 0.000000 0.000000 0.000000 1.000000
0.999574 0.021359 0.019866 -0.000000 -0.021888 0.999401 0.026822 9.923500 -0.019282 -0.027246 0.999443 -1.227300 0.000000 0.000000 0.000000 1.000000
0.999467 0.012486 0.030148 0.000000 -0.013321 0.999529 0.027659 9.923500 -0.029788 -0.028046 0.999163 -1.227300 0.000000 0.000000 0.000000 1.000000
0.999294 0.003636 0.037400 0.000000 -0.004423 0.999770 0.021001 9.923500 -0.037315 -0.021151 0.999080 -1.227300 0.000000 0.000000 0.000000 1.000000
0.999146 -0.003135 0.041199 0.000000 0.002756 0.999954 0.009232 9.923500 -0.041226 -0.009111 0.999108 -1.227300 0.000000 0.000000 0.000000 1.000000
0.999135 -0.008301 0.040758 0.000000 0.008414 0.999961 -0.002596 9.923500 -0.040735 0.002937 0.999166 -1.227300 0.000000 0.000000 0.000000 1.000000
0.999273 -0.013955 0.035467 0.000000 0.014300 0.999853 -0.009485 9.923500 -0.035330 0.009986 0.999326 -1.227300 0.000000 0.000000 0.000000 1.000000
0.999413 -0.021254 0.026866 0.000000 0.021524 0.999720 -0.009786 9.923500 -0.026650 0.010358 0.999591 -1.227300 0.000000 0.000000 0.000000 1.000000
0.999318 -0.031939 0.018532 -0.000000 0.032069 0.999463 -0.006770 9.923500 -0.018306 0.007360 0.999805 -1.227300 0.000000 0.000000 0.000000 1.000000
0.999037 -0.041319 0.014788 0.000000 0.041419 0.999121 -0.006529 9.923500 -0.014505 0.007135 0.999869 -1.227300 0.000000 0.000000 0.000000 1.000000
0.998849 -0.045387 0.015532 0.000000 0.045586 0.998880 -0.012700 9.923500 -0.014939 0.013394 0.999799 -1.227300 0.000000 0.000000 0.000000 1.000000
0.998937 -0.043068 0.016453 -0.000000 0.043448 0.998781 -0.023422 9.923500 -0.015424 0.024112 0.999590 -1.227300 0.000000 0.000000 0.000000 1.000000
0.999205 -0.037379 0.013891 0.000000 0.037825 0.998728 -0.033338 9.923500 -0.012627 0.033837 0.999348 -1.227300 0.000000 0.000000 0.000000 1.000000
0.999435 -0.032501 0.008597 0.000000 0.032810 0.998718 -0.038555 9.923500 -0.007333 0.038815 0.999219 -1.227300 0.000000 0.000000 0.000000 1.000000
0.999547 -0.029884 0.003702 0.000000 0.030006 0.998780 -0.039215 9.923500 -0.002525 0.039309 0.999224 -1.227300 0.000000 0.000000 0.000000 1.000000
0.999589 -0.028663 0.000605 0.000000 0.028666 0.998882 -0.037599 9.923500 0.000473 0.037600 0.999293 -1.227300 0.000000 0.000000 0.000000 1.000000
0.999612 -0.027814 -0.001349 -0.000000 0.027749 0.998993 -0.035242 9.923500 0.002328 0.035191 0.999378 -1.227300 0.000000 0.000000 0.000000 1.000000
0.999628 -0.027116 -0.002910 -0.000000 0.027008 0.999111 -0.032385 9.923500 0.003786 0.032294 0.999471 -1.227300 0.000000 0.000000 0.000000 1.000000
0.999634 -0.026734 -0.004168 0.000000 0.026602 0.999227 -0.028950 9.923500 0.004939 0.028828 0.999572 -1.227300 0.000000 0.000000 0.000000 1.000000
0.999631 -0.026701 -0.004993 -0.000000 0.026568 0.999331 -0.025120 9.923500 0.005660 0.024978 0.999672 -1.227300 0.000000 0.000000 0.000000 1.000000
0.999631 -0.026636 -0.005354 0.000000 0.026517 0.999423 -0.021203 9.923500 0.005916 0.021053 0.999761 -1.227300 0.000000 0.000000 0.000000 1.000000
0.999638 -0.026353 -0.005370 0.000000 0.026256 0.999503 -0.017453 9.923500 0.005827 0.017305 0.999833 -1.227300 0.000000 0.000000 0.000000 1.000000
0.999644 -0.026160 -0.005240 0.000000 0.026083 0.999560 -0.014123 9.923500 0.005607 0.013981 0.999887 -1.227300 0.000000 0.000000 0.000000 1.000000
0.999647 -0.026065 -0.005054 0.000000 0.026006 0.999596 -0.011501 9.923500 0.005352 0.011365 0.999921 -1.227300 0.000000 0.000000 0.000000 1.000000
0.999649 -0.026041 -0.004888 0.000000 0.025993 0.999614 -0.009804 9.923500 0.005141 0.009674 0.999940 -1.227300 0.000000 0.000000 0.000000 1.000000
0.999649 -0.026052 -0.004797 0.000000 0.026008 0.999621 -0.009076 9.923500 0.005031 0.008948 0.999947 -1.227300 0.000000 0.000000 0.000000 1.000000</float_array><technique_common><accessor source="#mixamorig_Spine-Matrix-animation-output-transform-array" count="65" stride="16"><param type="float4x4"/></accessor></technique_common></source><source id="mixamorig_Spine-Interpolations"><Name_array id="mixamorig_Spine-Interpolations-array" count="65">
 LINEAR LINEAR LINEAR LINEAR LINEAR LINEAR LINEAR LINEAR LINEAR LINEAR LINEAR
LINEAR LINEAR LINEAR LINEAR LINEAR LINEAR LINEAR LINEAR LINEAR LINEAR LINEAR LINEAR
LINEAR LINEAR LINEAR LINEAR LINEAR LINEAR LINEAR LINEAR LINEAR LINEAR LINEAR LINEAR
LINEAR LINEAR LINEAR LINEAR LINEAR LINEAR LINEAR LINEAR LINEAR LINEAR LINEAR LINEAR
LINEAR LINEAR LINEAR LINEAR LINEAR LINEAR LINEAR LINEAR LINEAR LINEAR LINEAR LINEAR
LINEAR LINEAR LINEAR LINEAR LINEAR LINEAR</Name_array><technique_common><accessor source="#mixamorig_Spine-Interpolations-array" count="65"><param type="name"/></accessor></technique_common></source><sampler id="mixamorig_Spine-Matrix-animation-transform"><input semantic="INPUT" source="#mixamorig_Spine-Matrix-animation-input"/><input semantic="OUTPUT" source="#mixamorig_Spine-Matrix-animation-output-transform"/><input semantic="INTERPOLATION" source="#mixamorig_Spine-Interpolations"/></sampler><channel source="#mixamorig_Spine-Matrix-animation-transform" target="mixamorig_Spine/matrix"/></animation>
    <animation id="mixamorig_Spine1-anim" name="mixamorig_Spine1"><source id="mixamorig_Spine1-Matrix-animation-input"><float_array id="mixamorig_Spine1-Matrix-animation-input-array" count="65">

0.000000 0.033333 0.066667 0.100000 0.133333 0.166667 0.200000 0.233333 0.266667 0.300000 0.333333 0.366667 0.400000 0.433333 0.466667 0.500000
0.533333 0.566667 0.600000 0.633333 0.666667 0.700000 0.733333 0.766667 0.800000 0.833333 0.866667 0.900000 0.933333 0.966667 1.000000 1.033333
1.066667 1.100000 1.133333 1.166667 1.200000 1.233333 1.266667 1.300000 1.333333 1.366667 1.400000 1.433333 1.466667 1.500000 1.533333 1.566667
1.600000 1.633333 1.666667 1.700000 1.733333 1.766667 1.800000 1.833333 1.866667 1.900000 1.933333 1.966667 2.000000 2.033333 2.066667 2.100000
2.133333</float_array><technique_common><accessor source="#mixamorig_Spine1-Matrix-animation-input-array" count="65"><param name="TIME" type="float"/></accessor></technique_common></source><source id="mixamorig_Spine1-Matrix-animation-output-transform"><float_array id="mixamorig_Spine1-Matrix-animation-output-transform-array" count="1040">

0.997994 -0.062414 -0.010588 -0.000100 0.062191 0.997859 -0.020235 11.645400 0.011828 0.019536 0.999739 -1.422300 0.000000 0.000000 0.000000 1.000000
0.998113 -0.059749 -0.014178 -0.000100 0.059429 0.997990 -0.021987 11.645400 0.015463 0.021103 0.999658 -1.422300 0.000000 0.000000 0.000000 1.000000
0.998275 -0.054986 -0.020587 -0.000100 0.054473 0.998210 -0.024705 11.645400 0.021909 0.023541 0.999483 -1.422300 0.000000 0.000000 0.000000 1.000000
0.998408 -0.048225 -0.029243 -0.000100 0.047394 0.998470 -0.028472 11.645400 0.030571 0.027041 0.999167 -1.422300 0.000000 0.000000 0.000000 1.000000
0.998440 -0.041053 -0.037846 -0.000100 0.039825 0.998673 -0.032661 11.645400 0.039136 0.031103 0.998750 -1.422300 0.000000 0.000000 0.000000 1.000000
0.998464 -0.035682 -0.042377 -0.000100 0.034161 0.998764 -0.036093 11.645400 0.043613 0.034590 0.998450 -1.422300 0.000000 0.000000 0.000000 1.000000
0.998727 -0.032551 -0.038537 -0.000100 0.031094 0.998801 -0.037823 11.645400 0.039722 0.036577 0.998541 -1.422300 0.000000 0.000000 0.000000 1.000000
0.999263 -0.029982 -0.023964 -0.000100 0.029070 0.998872 -0.037538 11.645400 0.025063 0.036814 0.999008 -1.422300 0.000000 0.000000 0.000000 1.000000
0.999654 -0.026287 0.000215 -0.000100 0.026278 0.999031 -0.035315 11.645400 0.000713 0.035308 0.999376 -1.422300 0.000000 0.000000 0.000000 1.000000
0.999301 -0.021828 0.030358 -0.000100 0.022782 0.999246 -0.031447 11.645400 -0.029648 0.032117 0.999044 -1.422300 0.000000 0.000000 0.000000 1.000000
0.997840 -0.018397 0.063067 -0.000100 0.020090 0.999452 -0.026310 11.645400 -0.062548 0.027520 0.997662 -1.422300 0.000000 0.000000 0.000000 1.000000
0.995193 -0.016919 0.096457 -0.000100 0.018929 0.999622 -0.019961 11.645400 -0.096083 0.021691 0.995137 -1.422300 0.000000 0.000000 0.000000 1.000000
0.991576 -0.017136 0.128387 -0.000100 0.018832 0.999751 -0.012007 11.645400 -0.128149 0.014324 0.991652 -1.422300 0.000000 0.000000 0.000000 1.000000
0.987830 -0.018941 0.154383 -0.000100 0.019600 0.999804 -0.002753 11.645400 -0.154300 0.005745 0.988007 -1.422300 0.000000 0.000000 0.000000 1.000000
0.985424 -0.023110 0.168537 -0.000100 0.022439 0.999731 0.005884 11.645400 -0.168627 -0.002016 0.985678 -1.422300 0.000000 0.000000 0.000000 1.000000
0.985578 -0.029413 0.166646 -0.000100 0.028013 0.999550 0.010748 11.645400 -0.166888 -0.005925 0.985958 -1.422300 0.000000 0.000000 0.000000 1.000000
0.988232 -0.036682 0.148502 -0.000100 0.035709 0.999320 0.009212 11.645400 -0.148739 -0.003801 0.988869 -1.422300 0.000000 0.000000 0.000000 1.000000
0.991957 -0.046093 0.117888 -0.000100 0.046336 0.998926 0.000679 11.645400 -0.117792 0.004789 0.993027 -1.422300 0.000000 0.000000 0.000000 1.000000
0.994827 -0.061464 0.080883 -0.000100 0.062805 0.997926 -0.014140 11.645400 -0.079846 0.019146 0.996623 -1.422300 0.000000 0.000000 0.000000 1.000000
0.995511 -0.084108 0.043392 -0.000100 0.085645 0.995715 -0.034878 11.645400 -0.040272 0.038438 0.998449 -1.422300 0.000000 0.000000 0.000000 1.000000
0.993993 -0.109093 0.008708 -0.000100 0.109425 0.992034 -0.062407 11.645400 -0.001830 0.062985 0.998013 -1.422300 0.000000 0.000000 0.000000 1.000000
0.991335 -0.129162 -0.023918 -0.000100 0.126270 0.987191 -0.097518 11.645400 0.036207 0.093653 0.994946 -1.422300 0.000000 0.000000 0.000000 1.000000
0.988349 -0.140842 -0.057702 -0.000100 0.131814 0.981599 -0.138157 11.645400 0.076099 0.128942 0.988728 -1.422300 0.000000 0.000000 0.000000 1.000000
0.985079 -0.144554 -0.093401 -0.000100 0.126381 0.975961 -0.177560 11.645400 0.116822 0.163107 0.979668 -1.422300 0.000000 0.000000 0.000000 1.000000
0.981998 -0.140838 -0.125872 -0.000100 0.112832 0.971797 -0.207073 11.645400 0.151486 0.189142 0.970194 -1.422300 0.000000 0.000000 0.000000 1.000000
0.980583 -0.129279 -0.147461 -0.000100 0.094570 0.970465 -0.221935 11.645400 0.171797 0.203680 0.963847 -1.422300 0.000000 0.000000 0.000000 1.000000
0.981521 -0.111790 -0.155306 -0.000100 0.075273 0.971738 -0.223741 11.645400 0.175928 0.207916 0.962195 -1.422300 0.000000 0.000000 0.000000 1.000000
0.983691 -0.092965 -0.153976 -0.000100 0.058184 0.974513 -0.216656 11.645400 0.170193 0.204163 0.964029 -1.422300 0.000000 0.000000 0.000000 1.000000
0.985727 -0.076620 -0.149908 -0.000100 0.045046 0.978004 -0.203666 11.645400 0.162216 0.194006 0.967496 -1.422300 0.000000 0.000000 0.000000 1.000000
0.987483 -0.063268 -0.144480 -0.000100 0.035448 0.981611 -0.187574 11.645400 0.153690 0.180105 0.971567 -1.422300 0.000000 0.000000 0.000000 1.000000
0.989562 -0.052327 -0.134275 -0.000100 0.028495 0.984401 -0.173618 11.645400 0.141266 0.167979 0.975616 -1.422300 0.000000 0.000000 0.000000 1.000000
0.992110 -0.043208 -0.117687 -0.000100 0.023548 0.986249 -0.163581 11.645400 0.123137 0.159519 0.979485 -1.422300 0.000000 0.000000 0.000000 1.000000
0.994528 -0.035076 -0.098406 -0.000100 0.019680 0.987990 -0.153261 11.645400 0.102600 0.150486 0.983274 -1.422300 0.000000 0.000000 0.000000 1.000000
0.996265 -0.027095 -0.081991 -0.000100 0.015664 0.990450 -0.136978 11.645400 0.084920 0.135182 0.987175 -1.422300 0.000000 0.000000 0.000000 1.000000
0.997358 -0.017404 -0.070528 -0.000100 0.009443 0.993700 -0.111677 11.645400 0.072028 0.110715 0.991239 -1.422300 0.000000 0.000000 0.000000 1.000000
0.998107 -0.004698 -0.061315 -0.000100 -0.000193 0.996833 -0.079517 11.645400 0.061495 0.079379 0.994946 -1.422300 0.000000 0.000000 0.000000 1.000000
0.998707 0.009830 -0.049872 -0.000100 -0.012115 0.998881 -0.045716 11.645400 0.049366 0.046261 0.997709 -1.422300 0.000000 0.000000 0.000000 1.000000
0.999194 0.022528 -0.033222 -0.000100 -0.023019 0.999630 -0.014485 11.645400 0.032884 0.015238 0.999343 -1.422300 0.000000 0.000000 0.000000 1.000000
0.999504 0.029442 -0.011172 -0.000100 -0.029299 0.999489 0.012802 11.645400 0.011544 -0.012468 0.999856 -1.422300 0.000000 0.000000 0.000000 1.000000
0.999507 0.028181 0.013866 -0.000100 -0.028657 0.998962 0.035402 11.645400 -0.012854 -0.035782 0.999277 -1.422300 0.000000 0.000000 0.000000 1.000000
0.999113 0.018148 0.037986 -0.000100 -0.020050 0.998533 0.050301 11.645400 -0.037017 -0.051018 0.998011 -1.422300 0.000000 0.000000 0.000000 1.000000
0.998339 0.000322 0.057617 -0.000100 -0.003390 0.998581 0.053151 11.645400 -0.057518 -0.053258 0.996923 -1.422300 0.000000 0.000000 0.000000 1.000000
0.997246 -0.022285 0.070744 -0.000100 0.019321 0.998918 0.042304 11.645400 -0.071610 -0.040821 0.996597 -1.422300 0.000000 0.000000 0.000000 1.000000
0.996091 -0.044247 0.076456 -0.000100 0.042705 0.998852 0.021695 11.645400 -0.077328 -0.018345 0.996837 -1.422300 0.000000 0.000000 0.000000 1.000000
0.995500 -0.058963 0.074184 -0.000100 0.059133 0.998250 -0.000100 11.645400 -0.074048 0.004486 0.997245 -1.422300 0.000000 0.000000 0.000000 1.000000
0.995984 -0.061964 0.064619 -0.000100 0.063012 0.997910 -0.014305 11.645400 -0.063597 0.018319 0.997807 -1.422300 0.000000 0.000000 0.000000 1.000000
0.997194 -0.054215 0.051624 -0.000100 0.055182 0.998323 -0.017490 11.645400 -0.050589 0.020290 0.998513 -1.422300 0.000000 0.000000 0.000000 1.000000
0.998247 -0.042024 0.041665 -0.000100 0.042669 0.998981 -0.014715 11.645400 -0.041005 0.016467 0.999023 -1.422300 0.000000 0.000000 0.000000 1.000000
0.998716 -0.032244 0.039077 -0.000100 0.032902 0.999325 -0.016321 11.645400 -0.038524 0.017586 0.999103 -1.422300 0.000000 0.000000 0.000000 1.000000
0.998761 -0.027503 0.041472 -0.000100 0.028717 0.999168 -0.028951 11.645400 -0.040641 0.030106 0.998720 -1.422300 0.000000 0.000000 0.000000 1.000000
0.998789 -0.026212 0.041625 -0.000100 0.028260 0.998379 -0.049398 11.645400 -0.040262 0.050514 0.997911 -1.422300 0.000000 0.000000 0.000000 1.000000
0.999047 -0.026034 0.035031 -0.000100 0.028375 0.997276 -0.068089 11.645400 -0.033163 0.069018 0.997064 -1.422300 0.000000 0.000000 0.000000 1.000000
0.999359 -0.026352 0.024252 -0.000100 0.028171 0.996556 -0.077986 11.645400 -0.022113 0.078619 0.996659 -1.422300 0.000000 0.000000 0.000000 1.000000
0.999508 -0.027755 0.014631 -0.000100 0.028829 0.996438 -0.079245 11.645400 -0.012379 0.079628 0.996748 -1.422300 0.000000 0.000000 0.000000 1.000000
0.999503 -0.030462 0.008147 -0.000100 0.030994 0.996621 -0.076061 11.645400 -0.005802 0.076276 0.997070 -1.422300 0.000000 0.000000 0.000000 1.000000
0.999414 -0.034033 0.003534 -0.000100 0.034198 0.996862 -0.071391 11.645400 -0.001093 0.071470 0.997442 -1.422300 0.000000 0.000000 0.000000 1.000000
0.999277 -0.038009 -0.000422 -0.000100 0.037900 0.997116 -0.065757 11.645400 0.002920 0.065693 0.997836 -1.422300 0.000000 0.000000 0.000000 1.000000
0.999103 -0.042188 -0.003788 -0.000100 0.041891 0.997377 -0.059020 11.645400 0.006268 0.058808 0.998250 -1.422300 0.000000 0.000000 0.000000 1.000000
0.998901 -0.046447 -0.006324 -0.000100 0.046060 0.997609 -0.051522 11.645400 0.008702 0.051174 0.998652 -1.422300 0.000000 0.000000 0.000000 1.000000
0.998688 -0.050570 -0.008074 -0.000100 0.050169 0.997777 -0.043866 11.645400 0.010274 0.043403 0.999005 -1.422300 0.000000 0.000000 0.000000 1.000000
0.998479 -0.054346 -0.009246 -0.000100 0.053974 0.997873 -0.036556 11.645400 0.011213 0.036001 0.999289 -1.422300 0.000000 0.000000 0.000000 1.000000
0.998289 -0.057616 -0.009991 -0.000100 0.057293 0.997905 -0.030067 11.645400 0.011703 0.029443 0.999498 -1.422300 0.000000 0.000000 0.000000 1.000000
0.998136 -0.060134 -0.010397 -0.000100 0.059859 0.997895 -0.024959 11.645400 0.011876 0.024290 0.999634 -1.422300 0.000000 0.000000 0.000000 1.000000
0.998037 -0.061735 -0.010561 -0.000100 0.061496 0.997872 -0.021653 11.645400 0.011875 0.020961 0.999710 -1.422300 0.000000 0.000000 0.000000 1.000000
0.997994 -0.062414 -0.010588 -0.000100 0.062191 0.997859 -0.020235 11.645400 0.011828 0.019536 0.999739 -1.422300 0.000000 0.000000 0.000000 1.000000</float_array><technique_common><accessor source="#mixamorig_Spine1-Matrix-animation-output-transform-array" count="65" stride="16"><param type="float4x4"/></accessor></technique_common></source><source id="mixamorig_Spine1-Interpolations"><Name_array id="mixamorig_Spine1-Interpolations-array" count="65">
 LINEAR LINEAR LINEAR LINEAR LINEAR LINEAR LINEAR LINEAR LINEAR LINEAR LINEAR
LINEAR LINEAR LINEAR LINEAR LINEAR LINEAR LINEAR LINEAR LINEAR LINEAR LINEAR LINEAR
LINEAR LINEAR LINEAR LINEAR LINEAR LINEAR LINEAR LINEAR LINEAR LINEAR LINEAR LINEAR
LINEAR LINEAR LINEAR LINEAR LINEAR LINEAR LINEAR LINEAR LINEAR LINEAR LINEAR LINEAR
LINEAR LINEAR LINEAR LINEAR LINEAR LINEAR LINEAR LINEAR LINEAR LINEAR LINEAR LINEAR
LINEAR LINEAR LINEAR LINEAR LINEAR LINEAR</Name_array><technique_common><accessor source="#mixamorig_Spine1-Interpolations-array" count="65"><param type="name"/></accessor></technique_common></source><sampler id="mixamorig_Spine1-Matrix-animation-transform"><input semantic="INPUT" source="#mixamorig_Spine1-Matrix-animation-input"/><input semantic="OUTPUT" source="#mixamorig_Spine1-Matrix-animation-output-transform"/><input semantic="INTERPOLATION" source="#mixamorig_Spine1-Interpolations"/></sampler><channel source="#mixamorig_Spine1-Matrix-animation-transform" target="mixamorig_Spine1/matrix"/></animation>
    <animation id="mixamorig_Spine2-anim" name="mixamorig_Spine2"><source id="mixamorig_Spine2-Matrix-animation-input"><float_array id="mixamorig_Spine2-Matrix-animation-input-array" count="65">

0.000000 0.033333 0.066667 0.100000 0.133333 0.166667 0.200000 0.233333 0.266667 0.300000 0.333333 0.366667 0.400000 0.433333 0.466667 0.500000
0.533333 0.566667 0.600000 0.633333 0.666667 0.700000 0.733333 0.766667 0.800000 0.833333 0.866667 0.900000 0.933333 0.966667 1.000000 1.033333
1.066667 1.100000 1.133333 1.166667 1.200000 1.233333 1.266667 1.300000 1.333333 1.366667 1.400000 1.433333 1.466667 1.500000 1.533333 1.566667
1.600000 1.633333 1.666667 1.700000 1.733333 1.766667 1.800000 1.833333 1.866667 1.900000 1.933333 1.966667 2.000000 2.033333 2.066667 2.100000
2.133333</float_array><technique_common><accessor source="#mixamorig_Spine2-Matrix-animation-input-array" count="65"><param name="TIME" type="float"/></accessor></technique_common></source><source id="mixamorig_Spine2-Matrix-animation-output-transform"><float_array id="mixamorig_Spine2-Matrix-animation-output-transform-array" count="1040">

0.997994 -0.062431 -0.010505 0.000100 0.062210 0.997858 -0.020226 13.360200 0.011746 0.019532 0.999740 -1.626500 0.000000 0.000000 0.000000 1.000000
0.998113 -0.059772 -0.014092 0.000100 0.059454 0.997989 -0.021976 13.360200 0.015377 0.021097 0.999659 -1.626500 0.000000 0.000000 0.000000 1.000000
0.998275 -0.055017 -0.020516 0.000100 0.054506 0.998208 -0.024691 13.360200 0.021838 0.023531 0.999485 -1.626500 0.000000 0.000000 0.000000 1.000000
0.998408 -0.048265 -0.029193 0.000100 0.047435 0.998468 -0.028471 13.360200 0.030522 0.027041 0.999168 -1.626500 0.000000 0.000000 0.000000 1.000000
0.998440 -0.041101 -0.037782 0.000100 0.039873 0.998670 -0.032695 13.360200 0.039076 0.031138 0.998751 -1.626500 0.000000 0.000000 0.000000 1.000000
0.998468 -0.035736 -0.042234 0.000100 0.034216 0.998760 -0.036172 13.360200 0.043474 0.034671 0.998453 -1.626500 0.000000 0.000000 0.000000 1.000000
0.998733 -0.032600 -0.038337 0.000100 0.031146 0.998795 -0.037914 13.360200 0.039527 0.036672 0.998545 -1.626500 0.000000 0.000000 0.000000 1.000000
0.999265 -0.030007 -0.023872 0.000100 0.029097 0.998870 -0.037588 13.360200 0.024973 0.036866 0.999008 -1.626500 0.000000 0.000000 0.000000 1.000000
0.999655 -0.026274 0.000110 0.000100 0.026262 0.999032 -0.035301 13.360200 0.000817 0.035292 0.999377 -1.626500 0.000000 0.000000 0.000000 1.000000
0.999302 -0.021792 0.030349 0.000100 0.022744 0.999248 -0.031407 13.360200 -0.029642 0.032075 0.999046 -1.626500 0.000000 0.000000 0.000000 1.000000
0.997808 -0.018369 0.063571 0.000100 0.020076 0.999452 -0.026310 13.360200 -0.063053 0.027529 0.997630 -1.626500 0.000000 0.000000 0.000000 1.000000
0.995135 -0.016900 0.097058 0.000100 0.018928 0.999621 -0.020014 13.360200 -0.096683 0.021753 0.995077 -1.626500 0.000000 0.000000 0.000000 1.000000
0.991690 -0.017053 0.127515 0.000100 0.018737 0.999752 -0.012021 13.360200 -0.127279 0.014310 0.991764 -1.626500 0.000000 0.000000 0.000000 1.000000
