<?xml version="1.0" encoding="utf-8"?>
<COLLADA xmlns="http://www.collada.org/2005/11/COLLADASchema" version="1.4.1">
  <asset><contributor><author>Mixamo</author><authoring_tool>COLLADA Mixamo exporter</authoring_tool><comments></comments></contributor><created>2018-10-30T15:27:29Z</created><modified>2018-10-30T15:27:29Z</modified><revision></revision><title></title><unit meter="0.010000"/><up_axis>Y_UP</up_axis></asset>
  <library_animations>
    <animation id="mixamorig_Hips-anim" name="mixamorig_Hips"><source id="mixamorig_Hips-Matrix-animation-input"><float_array id="mixamorig_Hips-Matrix-animation-input-array" count="92">

0.000000 0.033333 0.066667 0.100000 0.133333 0.166667 0.200000 0.233333 0.266667 0.300000 0.333333 0.366667 0.400000 0.433333 0.466667 0.500000
0.533333 0.566667 0.600000 0.633333 0.666667 0.700000 0.733333 0.766667 0.800000 0.833333 0.866667 0.900000 0.933333 0.966667 1.000000 1.033333
1.066667 1.100000 1.133333 1.166667 1.200000 1.233333 1.266667 1.300000 1.333333 1.366667 1.400000 1.433333 1.466667 1.500000 1.533333 1.566667
1.600000 1.633333 1.666667 1.700000 1.733333 1.766667 1.800000 1.833333 1.866667 1.900000 1.933333 1.966667 2.000000 2.033333 2.066667 2.100000
2.133333 2.166667 2.200000 2.233333 2.266667 2.300000 2.333333 2.366667 2.400000 2.433333 2.466667 2.500000 2.533333 2.566667 2.600000 2.633333
2.666667 2.700000 2.733333 2.766667 2.800000 2.833333 2.866667 2.900000 2.933333 2.966667 3.000000 3.033333</float_array><technique_common><accessor source="#mixamorig_Hips-Matrix-animation-input-array" count="92"><param name="TIME" type="float"/></accessor></technique_common></source><source id="mixamorig_Hips-Matrix-animation-output-transform"><float_array id="mixamorig_Hips-Matrix-animation-output-transform-array" count="1472">

0.691439 0.000585 -0.722434 0.058999 0.067128 0.995621 0.065055 85.218597 0.719309 -0.093478 0.688372 -0.377466 0.000000 0.000000 0.000000 1.000000
0.692911 0.000688 -0.721023 -0.077057 0.064963 0.995873 0.063380 85.601318 0.718091 -0.090756 0.690006 -0.561403 0.000000 0.000000 0.000000 1.000000
0.694559 0.001240 -0.719435 -0.305950 0.060317 0.996377 0.059949 86.305382 0.716903 -0.085032 0.691968 -0.951802 0.000000 0.000000 0.000000 1.000000
0.698001 0.002726 -0.716092 -0.637479 0.052910 0.997063 0.055369 87.262741 0.714140 -0.076536 0.695806 -1.563725 0.000000 0.000000 0.000000 1.000000
0.704739 0.005306 -0.709447 -1.089717 0.043100 0.997805 0.050276 88.418327 0.708156 -0.066009 0.702963 -2.440720 0.000000 0.000000 0.000000 1.000000
0.716464 0.008695 -0.697570 -1.651152 0.031748 0.998480 0.045054 89.629730 0.696902 -0.054426 0.715098 -3.572057 0.000000 0.000000 0.000000 1.000000
0.733166 0.011828 -0.679947 -2.287661 0.020669 0.998999 0.039665 90.742050 0.679736 -0.043135 0.732187 -4.911780 0.000000 0.000000 0.000000 1.000000
0.753489 0.013266 -0.657327 -2.953923 0.011940 0.999355 0.033855 91.616989 0.657353 -0.033358 0.752844 -6.392073 0.000000 0.000000 0.000000 1.000000
0.775562 0.011795 -0.631161 -3.613792 0.007318 0.999590 0.027673 92.165176 0.631229 -0.026081 0.775158 -7.943590 0.000000 0.000000 0.000000 1.000000
0.797035 0.007618 -0.603885 -4.241402 0.006963 0.999738 0.021802 92.345627 0.603893 -0.021581 0.796774 -9.494585 0.000000 0.000000 0.000000 1.000000
0.815978 0.001671 -0.578080 -4.816632 0.010505 0.999788 0.017718 92.143639 0.577987 -0.020530 0.815788 -10.979221 0.000000 0.000000 0.000000 1.000000
0.831667 -0.003815 -0.555262 -5.316189 0.015507 0.999746 0.016358 91.593300 0.555059 -0.022215 0.831515 -12.340362 0.000000 0.000000 0.000000 1.000000
0.843358 -0.006768 -0.537310 -5.712543 0.020211 0.999613 0.019133 90.767265 0.536972 -0.026995 0.843168 -13.549194 0.000000 0.000000 0.000000 1.000000
0.852185 -0.006675 -0.523198 -5.991053 0.023339 0.999408 0.025264 89.818855 0.522720 -0.033740 0.851837 -14.584166 0.000000 0.000000 0.000000 1.000000
0.858839 -0.003801 -0.512231 -6.154013 0.024641 0.999121 0.033900 88.914429 0.511652 -0.041736 0.858178 -15.436230 0.000000 0.000000 0.000000 1.000000
0.864240 -0.000175 -0.503079 -6.230297 0.025264 0.998753 0.043054 88.184364 0.502445 -0.049919 0.863167 -16.095068 0.000000 0.000000 0.000000 1.000000
0.868546 0.002046 -0.495604 -6.265951 0.026640 0.998353 0.050807 87.731781 0.494892 -0.057332 0.867061 -16.549681 0.000000 0.000000 0.000000 1.000000
0.871297 0.001518 -0.490753 -6.290156 0.029673 0.998003 0.055770 87.611557 0.489857 -0.063154 0.869512 -16.780210 0.000000 0.000000 0.000000 1.000000
0.871862 -0.001769 -0.489749 -6.304168 0.034318 0.997756 0.057491 87.839287 0.488548 -0.066931 0.869966 -16.767241 0.000000 0.000000 0.000000 1.000000
0.869344 -0.007380 -0.494152 -6.285358 0.040031 0.997654 0.055526 88.388336 0.492583 -0.068053 0.867601 -16.501982 0.000000 0.000000 0.000000 1.000000
0.863970 -0.013803 -0.503354 -6.192395 0.045421 0.997685 0.050604 89.163910 0.501490 -0.066584 0.862597 -15.984778 0.000000 0.000000 0.000000 1.000000
0.855246 -0.019784 -0.517844 -5.996777 0.048844 0.997900 0.042543 90.033852 0.515915 -0.061678 0.854416 -15.231380 0.000000 0.000000 0.000000 1.000000
0.843865 -0.024555 -0.535993 -5.695530 0.049716 0.998233 0.032541 90.849884 0.534247 -0.054108 0.843595 -14.284445 0.000000 0.000000 0.000000 1.000000
0.829315 -0.027204 -0.558119 -5.305442 0.047204 0.998655 0.021465 91.475899 0.556785 -0.044147 0.829483 -13.197393 0.000000 0.000000 0.000000 1.000000
0.811835 -0.027709 -0.583228 -4.853399 0.041995 0.999057 0.010992 91.816330 0.582374 -0.033416 0.812234 -12.027250 0.000000 0.000000 0.000000 1.000000
0.791843 -0.025772 -0.610181 -4.363894 0.034980 0.999383 0.003183 91.815025 0.609722 -0.023864 0.792256 -10.832361 0.000000 0.000000 0.000000 1.000000
0.771180 -0.021673 -0.636248 -3.855217 0.027769 0.999614 -0.000392 91.469322 0.636011 -0.017365 0.771485 -9.666327 0.000000 0.000000 0.000000 1.000000
0.752869 -0.016110 -0.657973 -3.346611 0.022244 0.999752 0.000974 90.834511 0.657794 -0.015369 0.753041 -8.588556 0.000000 0.000000 0.000000 1.000000
0.740197 -0.010047 -0.672315 -2.858927 0.019895 0.999778 0.006964 90.012558 0.672096 -0.018530 0.740233 -7.646421 0.000000 0.000000 0.000000 1.000000
0.733810 -0.004457 -0.679340 -2.416155 0.020429 0.999671 0.015508 89.148132 0.679048 -0.025259 0.733660 -6.860715 0.000000 0.000000 0.000000 1.000000
0.733153 -0.000330 -0.680064 -2.045136 0.023130 0.999433 0.024451 88.397995 0.679671 -0.033656 0.732745 -6.231534 0.000000 0.000000 0.000000 1.000000
0.734328 0.002109 -0.678792 -1.772761 0.026331 0.999154 0.031590 87.905975 0.678284 -0.041070 0.733651 -5.746284 0.000000 0.000000 0.000000 1.000000
0.734475 0.002669 -0.678631 -1.617800 0.028402 0.998995 0.034668 87.756966 0.678041 -0.044737 0.733661 -5.397667 0.000000 0.000000 0.000000 1.000000
0.732915 0.002095 -0.680317 -1.589268 0.028529 0.999021 0.033811 87.956070 0.679722 -0.044190 0.732138 -5.207611 0.000000 0.000000 0.000000 1.000000
0.731126 0.000788 -0.682242 -1.694524 0.026139 0.999233 0.029166 88.443573 0.681742 -0.039157 0.730544 -5.213347 0.000000 0.000000 0.000000 1.000000
0.731812 -0.000767 -0.681507 -1.934361 0.021925 0.999508 0.022419 89.107353 0.681154 -0.031349 0.731468 -5.450729 0.000000 0.000000 0.000000 1.000000
0.737308 -0.002221 -0.675553 -2.300967 0.016819 0.999745 0.015070 89.811577 0.675347 -0.022473 0.737158 -5.923235 0.000000 0.000000 0.000000 1.000000
0.747964 -0.003663 -0.663729 -2.776633 0.012275 0.999890 0.008314 90.425346 0.663626 -0.014365 0.747927 -6.602127 0.000000 0.000000 0.000000 1.000000
0.762139 -0.005478 -0.647390 -3.327426 0.009647 0.999949 0.002894 90.826553 0.647341 -0.008451 0.762153 -7.424610 0.000000 0.000000 0.000000 1.000000
0.777973 -0.007937 -0.628247 -3.904774 0.009860 0.999951 -0.000423 90.922501 0.628220 -0.005866 0.778014 -8.309754 0.000000 0.000000 0.000000 1.000000
0.793401 -0.011195 -0.608596 -4.457470 0.013056 0.999914 -0.001373 90.693687 0.608559 -0.006856 0.793479 -9.176373 0.000000 0.000000 0.000000 1.000000
0.806932 -0.014970 -0.590454 -4.937416 0.019431 0.999810 0.001207 90.162659 0.590324 -0.012447 0.807070 -9.955666 0.000000 0.000000 0.000000 1.000000
0.818022 -0.018436 -0.574891 -5.311426 0.027443 0.999599 0.006994 89.414116 0.574532 -0.021498 0.818200 -10.589830 0.000000 0.000000 0.000000 1.000000
0.825707 -0.020278 -0.563734 -5.571873 0.035601 0.999235 0.016202 88.578621 0.562975 -0.033447 0.825797 -11.046791 0.000000 0.000000 0.000000 1.000000
0.830259 -0.020014 -0.557019 -5.738487 0.042443 0.998724 0.027379 87.797104 0.555760 -0.046373 0.830049 -11.316573 0.000000 0.000000 0.000000 1.000000
0.831647 -0.017424 -0.555032 -5.844209 0.046970 0.998133 0.039043 87.208305 0.553315 -0.058540 0.830912 -11.409219 0.000000 0.000000 0.000000 1.000000
0.830586 -0.013303 -0.556732 -5.913973 0.049184 0.997560 0.049540 86.916687 0.554715 -0.068530 0.829214 -11.339979 0.000000 0.000000 0.000000 1.000000
0.827770 -0.008912 -0.560997 -5.951027 0.049648 0.997115 0.057417 86.991272 0.558867 -0.075380 0.825824 -11.122042 0.000000 0.000000 0.000000 1.000000
0.823634 -0.005708 -0.567093 -5.935944 0.049197 0.996899 0.061418 87.442642 0.564984 -0.078485 0.821361 -10.761213 0.000000 0.000000 0.000000 1.000000
0.818397 -0.004706 -0.574634 -5.836161 0.048716 0.996935 0.061218 88.210564 0.572584 -0.078094 0.816118 -10.265385 0.000000 0.000000 0.000000 1.000000
0.811501 -0.006675 -0.584312 -5.628924 0.048566 0.997246 0.056058 89.181404 0.582329 -0.073869 0.809590 -9.643824 0.000000 0.000000 0.000000 1.000000
0.802592 -0.010626 -0.596433 -5.306870 0.048368 0.997708 0.047311 90.200035 0.594564 -0.066820 0.801267 -8.917668 0.000000 0.000000 0.000000 1.000000
0.790524 -0.015458 -0.612236 -4.886880 0.047277 0.998239 0.035841 91.099930 0.610604 -0.057278 0.789862 -8.109787 0.000000 0.000000 0.000000 1.000000
0.775569 -0.019549 -0.630960 -4.397672 0.044707 0.998712 0.024010 91.737167 0.629678 -0.046830 0.775444 -7.242247 0.000000 0.000000 0.000000 1.000000
0.757989 -0.021357 -0.651918 -3.868709 0.040205 0.999093 0.014016 91.998878 0.651027 -0.036834 0.758160 -6.329249 0.000000 0.000000 0.000000 1.000000
0.739437 -0.020557 -0.672912 -3.324337 0.034424 0.999381 0.007297 91.835976 0.672346 -0.028560 0.739686 -5.385723 0.000000 0.000000 0.000000 1.000000
0.722175 -0.017384 -0.691492 -2.783867 0.028643 0.999578 0.004785 91.266777 0.691117 -0.023262 0.722368 -4.444625 0.000000 0.000000 0.000000 1.000000
0.708370 -0.013004 -0.705722 -2.265572 0.024469 0.999682 0.006140 90.385788 0.705417 -0.021618 0.708462 -3.556382 0.000000 0.000000 0.000000 1.000000
0.699100 -0.008873 -0.714969 -1.789774 0.022974 0.999685 0.010057 89.357323 0.714655 -0.023456 0.699084 -2.779276 0.000000 0.000000 0.000000 1.000000
0.694530 -0.006047 -0.719438 -1.372150 0.024358 0.999589 0.015114 88.347473 0.719051 -0.028021 0.694392 -2.147737 0.000000 0.000000 0.000000 1.000000
0.692631 -0.004895 -0.721276 -1.028760 0.027625 0.999423 0.019745 87.526970 0.720763 -0.033601 0.692366 -1.674468 0.000000 0.000000 0.000000 1.000000
0.691736 -0.005612 -0.722128 -0.770831 0.031670 0.999243 0.022571 87.005249 0.721455 -0.038483 0.691391 -1.351916 0.000000 0.000000 0.000000 1.000000
0.690506 -0.007214 -0.723291 -0.597961 0.034867 0.999120 0.023321 86.821503 0.722486 -0.041322 0.690150 -1.171094 0.000000 0.000000 0.000000 1.000000
0.689102 -0.008956 -0.724609 -0.514908 0.035679 0.999130 0.021582 86.965729 0.723786 -0.040726 0.688822 -1.136801 0.000000 0.000000 0.000000 1.000000
0.688814 -0.010295 -0.724865 -0.527788 0.034078 0.999254 0.018192 87.376205 0.724137 -0.037233 0.688651 -1.272261 0.000000 0.000000 0.000000 1.000000
0.691625 -0.010955 -0.722174 -0.648586 0.030313 0.999444 0.013869 87.956238 0.721621 -0.031483 0.691572 -1.596672 0.000000 0.000000 0.000000 1.000000
0.698608 -0.011061 -0.715419 -0.887341 0.025605 0.999627 0.009549 88.591660 0.715047 -0.024989 0.698630 -2.112480 0.000000 0.000000 0.000000 1.000000
0.710079 -0.010947 -0.704037 -1.245036 0.021359 0.999754 0.005998 89.146736 0.703798 -0.019296 0.710138 -2.794793 0.000000 0.000000 0.000000 1.000000
0.725442 -0.011090 -0.688194 -1.707590 0.018897 0.999814 0.003808 89.496986 0.688024 -0.015767 0.725517 -3.599991 0.000000 0.000000 0.000000 1.000000
0.742926 -0.011925 -0.669267 -2.242942 0.019024 0.999814 0.003304 89.541229 0.669103 -0.015187 0.743015 -4.467800 0.000000 0.000000 0.000000 1.000000
0.760816 -0.013852 -0.648820 -2.808423 0.022678 0.999729 0.005250 89.240059 0.648571 -0.018708 0.760924 -5.340345 0.000000 0.000000 0.000000 1.000000
0.777160 -0.016547 -0.629085 -3.351051 0.029146 0.999528 0.009715 88.619019 0.628627 -0.025886 0.777276 -6.155067 0.000000 0.000000 0.000000 1.000000
0.789832 -0.019428 -0.613016 -3.821396 0.038114 0.999121 0.017443 87.753433 0.612138 -0.037141 0.789878 -6.867893 0.000000 0.000000 0.000000 1.000000
0.798552 -0.021154 -0.601554 -4.179981 0.047127 0.998512 0.027447 86.810997 0.600078 -0.050267 0.798360 -7.426631 0.000000 0.000000 0.000000 1.000000
0.802583 -0.020345 -0.596193 -4.412537 0.054140 0.997778 0.038833 85.977173 0.594078 -0.063445 0.801901 -7.804625 0.000000 0.000000 0.000000 1.000000
0.802891 -0.017230 -0.595877 -4.536131 0.058509 0.997034 0.050007 85.392723 0.593248 -0.075014 0.801517 -8.001452 0.000000 0.000000 0.000000 1.000000
0.800133 -0.012705 -0.599688 -4.582639 0.060404 0.996400 0.059484 85.145378 0.596773 -0.083818 0.798020 -8.031808 0.000000 0.000000 0.000000 1.000000
0.795311 -0.008187 -0.606146 -4.575028 0.060789 0.995946 0.066308 85.248894 0.603146 -0.089582 0.792584 -7.907371 0.000000 0.000000 0.000000 1.000000
0.789307 -0.004818 -0.613980 -4.515334 0.060596 0.995699 0.070085 85.654488 0.611002 -0.092523 0.786204 -7.627754 0.000000 0.000000 0.000000 1.000000
0.782505 -0.003187 -0.622636 -4.387771 0.060168 0.995694 0.070520 86.277161 0.619730 -0.092644 0.779327 -7.183328 0.000000 0.000000 0.000000 1.000000
0.774930 -0.002911 -0.632041 -4.169425 0.059400 0.995899 0.068241 86.999268 0.629250 -0.090425 0.771925 -6.571899 0.000000 0.000000 0.000000 1.000000
0.765798 -0.003530 -0.643072 -3.847740 0.057779 0.996318 0.063336 87.698517 0.640481 -0.085659 0.763182 -5.806668 0.000000 0.000000 0.000000 1.000000
0.754675 -0.004281 -0.656085 -3.422616 0.055253 0.996841 0.057051 88.252228 0.653768 -0.079305 0.752527 -4.927237 0.000000 0.000000 0.000000 1.000000
0.740964 -0.004668 -0.671529 -2.905751 0.052040 0.997368 0.050488 88.552368 0.669526 -0.072356 0.739256 -3.991103 0.000000 0.000000 0.000000 1.000000
0.725784 -0.004622 -0.687907 -2.320709 0.049101 0.997775 0.045101 88.536659 0.686168 -0.066510 0.724396 -3.067582 0.000000 0.000000 0.000000 1.000000
0.711109 -0.004220 -0.703069 -1.707355 0.047875 0.997952 0.042433 88.189873 0.701450 -0.063834 0.709854 -2.232743 0.000000 0.000000 0.000000 1.000000
0.699173 -0.003512 -0.714944 -1.116311 0.048958 0.997876 0.042976 87.581573 0.713274 -0.065050 0.697860 -1.536410 0.000000 0.000000 0.000000 1.000000
0.691569 -0.002539 -0.722306 -0.608541 0.052236 0.997551 0.046506 86.846054 0.720419 -0.069892 0.690008 -1.006827 0.000000 0.000000 0.000000 1.000000
0.688393 -0.001452 -0.725337 -0.231043 0.056814 0.997034 0.051924 86.135056 0.723109 -0.076954 0.686433 -0.646613 0.000000 0.000000 0.000000 1.000000
0.688167 -0.000478 -0.725552 -0.004734 0.061435 0.996447 0.057613 85.586205 0.722946 -0.084222 0.685751 -0.439872 0.000000 0.000000 0.000000 1.000000
0.689631 0.000227 -0.724161 0.088818 0.065103 0.995931 0.062311 85.257668 0.721228 -0.090117 0.686810 -0.352841 0.000000 0.000000 0.000000 1.000000
0.691439 0.000586 -0.722434 0.059001 0.067128 0.995621 0.065055 85.218597 0.719309 -0.093477 0.688372 -0.377466 0.000000 0.000000 0.000000 1.000000</float_array><technique_common><accessor source="#mixamorig_Hips-Matrix-animation-output-transform-array" count="92" stride="16"><param type="float4x4"/></accessor></technique_common></source><source id="mixamorig_Hips-Interpolations"><Name_array id="mixamorig_Hips-Interpolations-array" count="92">
 LINEAR LINEAR LINEAR LINEAR LINEAR LINEAR LINEAR LINEAR LINEAR LINEAR LINEAR
LINEAR LINEAR LINEAR LINEAR LINEAR LINEAR LINEAR LINEAR LINEAR LINEAR LINEAR LINEAR
LINEAR LINEAR LINEAR LINEAR LINEAR LINEAR LINEAR LINEAR LINEAR LINEAR LINEAR LINEAR
LINEAR LINEAR LINEAR LINEAR LINEAR LINEAR LINEAR LINEAR LINEAR LINEAR LINEAR LINEAR
LINEAR LINEAR LINEAR LINEAR LINEAR LINEAR LINEAR LINEAR LINEAR LINEAR LINEAR LINEAR
LINEAR LINEAR LINEAR LINEAR LINEAR LINEAR LINEAR LINEAR LINEAR LINEAR LINEAR LINEAR
LINEAR LINEAR LINEAR LINEAR LINEAR LINEAR LINEAR LINEAR LINEAR LINEAR LINEAR LINEAR
LINEAR LINEAR LINEAR LINEAR LINEAR LINEAR LINEAR LINEAR LINEAR</Name_array><technique_common><accessor source="#mixamorig_Hips-Interpolations-array" count="92"><param type="name"/></accessor></technique_common></source><sampler id="mixamorig_Hips-Matrix-animation-transform"><input semantic="INPUT" source="#mixamorig_Hips-Matrix-animation-input"/><input semantic="OUTPUT" source="#mixamorig_Hips-Matrix-animation-output-transform"/><input semantic="INTERPOLATION" source="#mixamorig_Hips-Interpolations"/></sampler><channel source="#mixamorig_Hips-Matrix-animation-transform" target="mixamorig_Hips/matrix"/></animation>
    <animation id="mixamorig_Spine-anim" name="mixamorig_Spine"><source id="mixamorig_Spine-Matrix-animation-input"><float_array id="mixamorig_Spine-Matrix-animation-input-array" count="92">

0.000000 0.033333 0.066667 0.100000 0.133333 0.166667 0.200000 0.233333 0.266667 0.300000 0.333333 0.366667 0.400000 0.433333 0.466667 0.500000
0.533333 0.566667 0.600000 0.633333 0.666667 0.700000 0.733333 0.766667 0.800000 0.833333 0.866667 0.900000 0.933333 0.966667 1.000000 1.033333
1.066667 1.100000 1.133333 1.166667 1.200000 1.233333 1.266667 1.300000 1.333333 1.366667 1.400000 1.433333 1.466667 1.500000 1.533333 1.566667
1.600000 1.633333 1.666667 1.700000 1.733333 1.766667 1.800000 1.833333 1.866667 1.900000 1.933333 1.966667 2.000000 2.033333 2.066667 2.100000
2.133333 2.166667 2.200000 2.233333 2.266667 2.300000 2.333333 2.366667 2.400000 2.433333 2.466667 2.500000 2.533333 2.566667 2.600000 2.633333
2.666667 2.700000 2.733333 2.766667 2.800000 2.833333 2.866667 2.900000 2.933333 2.966667 3.000000 3.033333</float_array><technique_common><accessor source="#mixamorig_Spine-Matrix-animation-input-array" count="92"><param name="TIME" type="float"/></accessor></technique_common></source><source id="mixamorig_Spine-Matrix-animation-output-transform"><float_array id="mixamorig_Spine-Matrix-animation-output-transform-array" count="1472">

0.991655 0.031372 0.125044 0.000000 -0.010611 0.986511 -0.163353 9.923500 -0.128482 0.160663 0.978611 -1.227300 0.000000 0.000000 0.000000 1.000000
0.991415 0.033173 0.126476 0.000000 -0.012187 0.986514 -0.163221 9.923500 -0.130185 0.160278 0.978449 -1.227300 0.000000 0.000000 0.000000 1.000000
0.991090 0.034455 0.128660 -0.000000 -0.013385 0.986837 -0.161165 9.923500 -0.132519 0.158007 0.978505 -1.227300 0.000000 0.000000 0.000000 1.000000
0.990881 0.035618 0.129944 0.000000 -0.014791 0.987353 -0.157848 9.923500 -0.133923 0.154486 0.978876 -1.227300 0.000000 0.000000 0.000000 1.000000
0.990874 0.036645 0.129712 -0.000000 -0.016399 0.987960 -0.153837 9.923500 -0.133787 0.150306 0.979545 -1.227300 0.000000 0.000000 0.000000 1.000000
0.991135 0.037554 0.127437 0.000000 -0.018220 0.988577 -0.149614 9.923500 -0.131600 0.145966 0.980498 -1.227300 0.000000 0.000000 0.000000 1.000000
0.991598 0.038585 0.123469 0.000000 -0.020348 0.989120 -0.145694 9.923500 -0.127748 0.141958 0.981595 -1.227300 0.000000 0.000000 0.000000 1.000000
0.992102 0.040133 0.118839 0.000000 -0.022980 0.989552 -0.142334 9.923500 -0.123310 0.138479 0.982659 -1.227300 0.000000 0.000000 0.000000 1.000000
0.992473 0.042449 0.114874 -0.000000 -0.026174 0.989855 -0.139647 9.923500 -0.119637 0.135589 0.983515 -1.227300 0.000000 0.000000 0.000000 1.000000
0.992620 0.045348 0.112466 0.000000 -0.029612 0.990013 -0.137831 9.923500 -0.117593 0.133484 0.984050 -1.227300 0.000000 0.000000 0.000000 1.000000
0.992529 0.047815 0.112246 0.000000 -0.032083 0.989913 -0.137998 9.923500 -0.117712 0.133366 0.984052 -1.227300 0.000000 0.000000 0.000000 1.000000
0.992358 0.048560 0.113436 0.000000 -0.032299 0.989479 -0.141023 9.923500 -0.119091 0.136281 0.983486 -1.227300 0.000000 0.000000 0.000000 1.000000
0.992279 0.045979 0.115192 0.000000 -0.028535 0.988464 -0.148747 9.923500 -0.120702 0.144311 0.982143 -1.227300 0.000000 0.000000 0.000000 1.000000
0.992390 0.040034 0.116442 0.000000 -0.020988 0.986829 -0.160402 9.923500 -0.121330 0.156737 0.980159 -1.227300 0.000000 0.000000 0.000000 1.000000
0.992696 0.031144 0.116551 0.000000 -0.010374 0.984563 -0.174725 9.923500 -0.120193 0.172240 0.977695 -1.227300 0.000000 0.000000 0.000000 1.000000
0.993039 0.021540 0.115800 0.000000 0.000711 0.982022 -0.188766 9.923500 -0.117785 0.187534 0.975171 -1.227300 0.000000 0.000000 0.000000 1.000000
0.993267 0.013874 0.115017 0.000000 0.009408 0.979864 -0.199446 9.923500 -0.115468 0.199185 0.973135 -1.227300 0.000000 0.000000 0.000000 1.000000
0.993281 0.010212 0.115278 0.000000 0.013686 0.978744 -0.204631 9.923500 -0.114917 0.204834 0.972027 -1.227300 0.000000 0.000000 0.000000 1.000000
0.993040 0.011054 0.117260 0.000000 0.013204 0.978862 -0.204097 9.923500 -0.117038 0.204225 0.971903 -1.227300 0.000000 0.000000 0.000000 1.000000
0.992491 0.016146 0.121249 -0.000000 0.008237 0.980177 -0.197953 9.923500 -0.122042 0.197465 0.972683 -1.227300 0.000000 0.000000 0.000000 1.000000
0.991692 0.022997 0.126562 0.000000 0.001230 0.982150 -0.188094 9.923500 -0.128629 0.186687 0.973962 -1.227300 0.000000 0.000000 0.000000 1.000000
0.990724 0.029249 0.132708 -0.000000 -0.005642 0.984573 -0.174884 9.923500 -0.135776 0.172513 0.975605 -1.227300 0.000000 0.000000 0.000000 1.000000
0.989732 0.033266 0.139009 0.000000 -0.010732 0.987090 -0.159807 9.923500 -0.142530 0.156674 0.977312 -1.227300 0.000000 0.000000 0.000000 1.000000
0.988839 0.033852 0.145093 -0.000000 -0.012765 0.989514 -0.143870 9.923500 -0.148442 0.140412 0.978902 -1.227300 0.000000 0.000000 0.000000 1.000000
0.988081 0.031790 0.150619 0.000000 -0.012234 0.991566 -0.129023 9.923500 -0.153450 0.125643 0.980136 -1.227300 0.000000 0.000000 0.000000 1.000000
0.987544 0.028221 0.154794 0.000000 -0.009870 0.992957 -0.118059 9.923500 -0.157035 0.115061 0.980867 -1.227300 0.000000 0.000000 0.000000 1.000000
0.987340 0.024860 0.156658 -0.000000 -0.007045 0.993540 -0.113263 9.923500 -0.158462 0.110725 0.981137 -1.227300 0.000000 0.000000 0.000000 1.000000
0.987596 0.023432 0.155257 0.000000 -0.005343 0.993244 -0.115919 9.923500 -0.156925 0.113652 0.981049 -1.227300 0.000000 0.000000 0.000000 1.000000
0.988352 0.025171 0.150092 0.000000 -0.006158 0.992034 -0.125816 9.923500 -0.152063 0.123426 0.980634 -1.227300 0.000000 0.000000 0.000000 1.000000
0.989388 0.029627 0.142248 0.000000 -0.009564 0.990146 -0.139709 9.923500 -0.144986 0.136866 0.979922 -1.227300 0.000000 0.000000 0.000000 1.000000
0.990434 0.036059 0.133191 -0.000000 -0.015258 0.987952 -0.154008 9.923500 -0.137140 0.150503 0.979051 -1.227300 0.000000 0.000000 0.000000 1.000000
0.991232 0.042808 0.125003 0.000000 -0.021729 0.985995 -0.165353 9.923500 -0.130331 0.161187 0.978281 -1.227300 0.000000 0.000000 0.000000 1.000000
0.991630 0.048251 0.119755 0.000000 -0.027282 0.984906 -0.170927 9.923500 -0.126194 0.166230 0.977979 -1.227300 0.000000 0.000000 0.000000 1.000000
0.991708 0.051745 0.117631 0.000000 -0.031012 0.984663 -0.171689 9.923500 -0.124710 0.166618 0.978103 -1.227300 0.000000 0.000000 0.000000 1.000000
0.991527 0.052946 0.118622 0.000000 -0.032426 0.985139 -0.168673 9.923500 -0.125790 0.163397 0.978508 -1.227300 0.000000 0.000000 0.000000 1.000000
0.991221 0.052551 0.121319 0.000000 -0.032164 0.985892 -0.164263 9.923500 -0.128240 0.158919 0.978928 -1.227300 0.000000 0.000000 0.000000 1.000000
0.990925 0.051120 0.124316 -0.000000 -0.030802 0.986607 -0.160181 9.923500 -0.130840 0.154898 0.979228 -1.227300 0.000000 0.000000 0.000000 1.000000
0.990750 0.049398 0.126386 0.000000 -0.029141 0.987108 -0.157378 9.923500 -0.132531 0.152239 0.979418 -1.227300 0.000000 0.000000 0.000000 1.000000
0.990759 0.047951 0.126872 0.000000 -0.027798 0.987351 -0.156093 9.923500 -0.132752 0.151124 0.979560 -1.227300 0.000000 0.000000 0.000000 1.000000
0.990987 0.046692 0.125554 0.000000 -0.026686 0.987311 -0.156542 9.923500 -0.131270 0.151780 0.979659 -1.227300 0.000000 0.000000 0.000000 1.000000
0.991354 0.045534 0.123060 0.000000 -0.025636 0.986998 -0.158678 9.923500 -0.128685 0.154151 0.979631 -1.227300 0.000000 0.000000 0.000000 1.000000
0.991801 0.043792 0.120053 0.000000 -0.023806 0.986321 -0.163106 9.923500 -0.125554 0.158911 0.979277 -1.227300 0.000000 0.000000 0.000000 1.000000
0.992242 0.040893 0.117405 0.000000 -0.020574 0.985346 -0.169324 9.923500 -0.122609 0.165595 0.978542 -1.227300 0.000000 0.000000 0.000000 1.000000
0.992627 0.035868 0.115782 0.000000 -0.014938 0.984131 -0.176815 9.923500 -0.120287 0.173781 0.977410 -1.227300 0.000000 0.000000 0.000000 1.000000
0.992932 0.028966 0.115093 0.000000 -0.007332 0.982877 -0.184115 9.923500 -0.118456 0.181970 0.976143 -1.227300 0.000000 0.000000 0.000000 1.000000
0.993155 0.020848 0.114932 0.000000 0.001326 0.981869 -0.189556 9.923500 -0.116800 0.188411 0.975120 -1.227300 0.000000 0.000000 0.000000 1.000000
0.993321 0.012823 0.114671 0.000000 0.009496 0.981349 -0.192002 9.923500 -0.114994 0.191809 0.974672 -1.227300 0.000000 0.000000 0.000000 1.000000
0.993467 0.006263 0.113948 -0.000000 0.015706 0.981488 -0.190878 9.923500 -0.113035 0.191421 0.974978 -1.227300 0.000000 0.000000 0.000000 1.000000
0.993603 0.002269 0.112903 0.000000 0.018904 0.982347 -0.186112 9.923500 -0.111332 0.187056 0.976020 -1.227300 0.000000 0.000000 0.000000 1.000000
0.993694 0.001016 0.112123 -0.000000 0.019138 0.983748 -0.178529 9.923500 -0.110482 0.179549 0.977525 -1.227300 0.000000 0.000000 0.000000 1.000000
0.993655 0.002575 0.112438 0.000000 0.016511 0.985566 -0.168486 9.923500 -0.111249 0.169273 0.979270 -1.227300 0.000000 0.000000 0.000000 1.000000
0.993448 0.005630 0.114145 0.000000 0.012455 0.987502 -0.157113 9.923500 -0.113603 0.157505 0.980962 -1.227300 0.000000 0.000000 0.000000 1.000000
0.993020 0.009181 0.117588 -0.000000 0.008044 0.989373 -0.145178 9.923500 -0.117671 0.145111 0.982393 -1.227300 0.000000 0.000000 0.000000 1.000000
0.992448 0.012090 0.122073 0.000000 0.004387 0.990997 -0.133811 9.923500 -0.122591 0.133336 0.983460 -1.227300 0.000000 0.000000 0.000000 1.000000
0.991823 0.013517 0.126905 -0.000000 0.002401 0.992223 -0.124447 9.923500 -0.127600 0.123734 0.984077 -1.227300 0.000000 0.000000 0.000000 1.000000
0.991271 0.013579 0.131141 0.000000 0.002025 0.992996 -0.118129 9.923500 -0.131827 0.117363 0.984301 -1.227300 0.000000 0.000000 0.000000 1.000000
0.990913 0.013130 0.133865 0.000000 0.002526 0.993233 -0.116114 9.923500 -0.134484 0.115397 0.984174 -1.227300 0.000000 0.000000 0.000000 1.000000
0.990812 0.013712 0.134549 0.000000 0.002401 0.992907 -0.118866 9.923500 -0.135225 0.118097 0.983752 -1.227300 0.000000 0.000000 0.000000 1.000000
0.990941 0.016667 0.133260 0.000000 0.000220 0.992066 -0.125716 9.923500 -0.134298 0.124606 0.983075 -1.227300 0.000000 0.000000 0.000000 1.000000
0.991205 0.022469 0.130412 0.000000 -0.004652 0.990787 -0.135350 9.923500 -0.132251 0.133553 0.982178 -1.227300 0.000000 0.000000 0.000000 1.000000
0.991434 0.030125 0.127087 0.000000 -0.011432 0.989318 -0.145324 9.923500 -0.130107 0.142626 0.981188 -1.227300 0.000000 0.000000 0.000000 1.000000
0.991492 0.038116 0.124459 -0.000000 -0.018741 0.988005 -0.153278 9.923500 -0.128809 0.149642 0.980314 -1.227300 0.000000 0.000000 0.000000 1.000000
0.991383 0.044431 0.123234 0.000000 -0.024562 0.987087 -0.158291 9.923500 -0.128676 0.153900 0.979672 -1.227300 0.000000 0.000000 0.000000 1.000000
0.991154 0.047076 0.124086 0.000000 -0.026887 0.986812 -0.159620 9.923500 -0.129964 0.154872 0.979349 -1.227300 0.000000 0.000000 0.000000 1.000000
0.990890 0.046282 0.126469 -0.000000 -0.025870 0.987018 -0.158511 9.923500 -0.132163 0.153795 0.979224 -1.227300 0.000000 0.000000 0.000000 1.000000
0.990641 0.042552 0.129690 0.000000 -0.022006 0.987525 -0.155919 9.923500 -0.134707 0.151606 0.979219 -1.227300 0.000000 0.000000 0.000000 1.000000
0.990450 0.037490 0.132674 -0.000000 -0.016921 0.988098 -0.152890 9.923500 -0.136827 0.149185 0.979297 -1.227300 0.000000 0.000000 0.000000 1.000000
0.990381 0.032649 0.134462 -0.000000 -0.012227 0.988612 -0.149988 9.923500 -0.137828 0.146901 0.979502 -1.227300 0.000000 0.000000 0.000000 1.000000
0.990485 0.029230 0.134484 0.000000 -0.009167 0.989027 -0.147453 9.923500 -0.137319 0.144817 0.979883 -1.227300 0.000000 0.000000 0.000000 1.000000
0.990732 0.027750 0.132967 0.000000 -0.008190 0.989332 -0.145451 9.923500 -0.135584 0.143014 0.980390 -1.227300 0.000000 0.000000 0.000000 1.000000
0.991043 0.028570 0.130455 -0.000000 -0.009506 0.989462 -0.144482 9.923500 -0.133208 0.141948 0.980870 -1.227300 0.000000 0.000000 0.000000 1.000000
0.991290 0.030807 0.128043 0.000000 -0.012040 0.989383 -0.144833 9.923500 -0.131146 0.142030 0.981136 -1.227300 0.000000 0.000000 0.000000 1.000000
0.991359 0.033579 0.126810 -0.000000 -0.014678 0.989006 -0.147145 9.923500 -0.130357 0.144012 0.980952 -1.227300 0.000000 0.000000 0.000000 1.000000
0.991285 0.034992 0.127001 -0.000000 -0.015577 0.988448 -0.150757 9.923500 -0.130809 0.147465 0.980379 -1.227300 0.000000 0.000000 0.000000 1.000000
0.991122 0.033559 0.128654 0.000000 -0.013344 0.987843 -0.154880 9.923500 -0.132287 0.151789 0.979520 -1.227300 0.000000 0.000000 0.000000 1.000000
0.990925 0.029962 0.131032 0.000000 -0.008919 0.987347 -0.158325 9.923500 -0.134118 0.155720 0.978654 -1.227300 0.000000 0.000000 0.000000 1.000000
0.990715 0.025904 0.133465 0.000000 -0.004255 0.987108 -0.160002 9.923500 -0.135889 0.157948 0.978052 -1.227300 0.000000 0.000000 0.000000 1.000000
0.990509 0.023259 0.135468 0.000000 -0.001389 0.987222 -0.159344 9.923500 -0.137443 0.157643 0.977885 -1.227300 0.000000 0.000000 0.000000 1.000000
0.990326 0.022779 0.136874 -0.000000 -0.001129 0.987723 -0.156210 9.923500 -0.138752 0.154545 0.978194 -1.227300 0.000000 0.000000 0.000000 1.000000
0.990176 0.023866 0.137772 -0.000000 -0.002897 0.988616 -0.150435 9.923500 -0.139794 0.148558 0.978973 -1.227300 0.000000 0.000000 0.000000 1.000000
0.990045 0.024770 0.138554 -0.000000 -0.004812 0.989774 -0.142561 9.923500 -0.140668 0.140475 0.980040 -1.227300 0.000000 0.000000 0.000000 1.000000
0.989916 0.023727 0.139656 0.000000 -0.004995 0.991107 -0.132977 9.923500 -0.141569 0.130938 0.981230 -1.227300 0.000000 0.000000 0.000000 1.000000
0.989766 0.020614 0.141205 0.000000 -0.003085 0.992371 -0.123246 9.923500 -0.142668 0.121549 0.982279 -1.227300 0.000000 0.000000 0.000000 1.000000
0.989595 0.016049 0.142981 0.000000 0.000606 0.993286 -0.115686 9.923500 -0.143878 0.114569 0.982941 -1.227300 0.000000 0.000000 0.000000 1.000000
0.989468 0.011945 0.144259 -0.000000 0.004349 0.993686 -0.112109 9.923500 -0.144687 0.111555 0.983169 -1.227300 0.000000 0.000000 0.000000 1.000000
0.989518 0.010290 0.144041 0.000000 0.006337 0.993403 -0.114502 9.923500 -0.144269 0.114215 0.982925 -1.227300 0.000000 0.000000 0.000000 1.000000
0.989812 0.011551 0.141913 -0.000000 0.005939 0.992487 -0.122208 9.923500 -0.142258 0.121806 0.982306 -1.227300 0.000000 0.000000 0.000000 1.000000
0.990306 0.015195 0.138067 0.000000 0.003367 0.991080 -0.133224 9.923500 -0.138860 0.132398 0.981422 -1.227300 0.000000 0.000000 0.000000 1.000000
0.990861 0.020027 0.133393 0.000000 -0.000517 0.989474 -0.144711 9.923500 -0.134887 0.143320 0.980441 -1.227300 0.000000 0.000000 0.000000 1.000000
0.991334 0.024860 0.128988 0.000000 -0.004682 0.987992 -0.154433 9.923500 -0.131279 0.152491 0.979547 -1.227300 0.000000 0.000000 0.000000 1.000000
0.991623 0.028832 0.125906 0.000000 -0.008290 0.986965 -0.160719 9.923500 -0.128899 0.158329 0.978937 -1.227300 0.000000 0.000000 0.000000 1.000000
0.991655 0.031372 0.125044 0.000000 -0.010611 0.986511 -0.163353 9.923500 -0.128482 0.160663 0.978611 -1.227300 0.000000 0.000000 0.000000 1.000000</float_array><technique_common><accessor source="#mixamorig_Spine-Matrix-animation-output-transform-array" count="92" stride="16"><param type="float4x4"/></accessor></technique_common></source><source id="mixamorig_Spine-Interpolations"><Name_array id="mixamorig_Spine-Interpolations-array" count="92">
 LINEAR LINEAR LINEAR LINEAR LINEAR LINEAR LINEAR LINEAR LINEAR LINEAR LINEAR
LINEAR LINEAR LINEAR LINEAR LINEAR LINEAR LINEAR LINEAR LINEAR LINEAR LINEAR LINEAR
LINEAR LINEAR LINEAR LINEAR LINEAR LINEAR LINEAR LINEAR LINEAR LINEAR LINEAR LINEAR
LINEAR LINEAR LINEAR LINEAR LINEAR LINEAR LINEAR LINEAR LINEAR LINEAR LINEAR LINEAR
LINEAR LINEAR LINEAR LINEAR LINEAR LINEAR LINEAR LINEAR LINEAR LINEAR LINEAR LINEAR
LINEAR LINEAR LINEAR LINEAR LINEAR LINEAR LINEAR LINEAR LINEAR LINEAR LINEAR LINEAR
LINEAR LINEAR LINEAR LINEAR LINEAR LINEAR LINEAR LINEAR LINEAR LINEAR LINEAR LINEAR
LINEAR LINEAR LINEAR LINEAR LINEAR LINEAR LINEAR LINEAR LINEAR</Name_array><technique_common><accessor source="#mixamorig_Spine-Interpolations-array" count="92"><param type="name"/></accessor></technique_common></source><sampler id="mixamorig_Spine-Matrix-animation-transform"><input semantic="INPUT" source="#mixamorig_Spine-Matrix-animation-input"/><input semantic="OUTPUT" source="#mixamorig_Spine-Matrix-animation-output-transform"/><input semantic="INTERPOLATION" source="#mixamorig_Spine-Interpolations"/></sampler><channel source="#mixamorig_Spine-Matrix-animation-transform" target="mixamorig_Spine/matrix"/></animation>
    <animation id="mixamorig_Spine1-anim" name="mixamorig_Spine1"><source id="mixamorig_Spine1-Matrix-animation-input"><float_array id="mixamorig_Spine1-Matrix-animation-input-array" count="92">

0.000000 0.033333 0.066667 0.100000 0.133333 0.166667 0.200000 0.233333 0.266667 0.300000 0.333333 0.366667 0.400000 0.433333 0.466667 0.500000
0.533333 0.566667 0.600000 0.633333 0.666667 0.700000 0.733333 0.766667 0.800000 0.833333 0.866667 0.900000 0.933333 0.966667 1.000000 1.033333
1.066667 1.100000 1.133333 1.166667 1.200000 1.233333 1.266667 1.300000 1.333333 1.366667 1.400000 1.433333 1.466667 1.500000 1.533333 1.566667
1.600000 1.633333 1.666667 1.700000 1.733333 1.766667 1.800000 1.833333 1.866667 1.900000 1.933333 1.966667 2.000000 2.033333 2.066667 2.100000
2.133333 2.166667 2.200000 2.233333 2.266667 2.300000 2.333333 2.366667 2.400000 2.433333 2.466667 2.500000 2.533333 2.566667 2.600000 2.633333
2.666667 2.700000 2.733333 2.766667 2.800000 2.833333 2.866667 2.900000 2.933333 2.966667 3.000000 3.033333</float_array><technique_common><accessor source="#mixamorig_Spine1-Matrix-animation-input-array" count="92"><param name="TIME" type="float"/></accessor></technique_common></source><source id="mixamorig_Spine1-Matrix-animation-output-transform"><float_array id="mixamorig_Spine1-Matrix-animation-output-transform-array" count="1472">

0.999723 0.015978 0.017276 -0.000100 -0.015309 0.999154 -0.038168 11.645400 -0.017871 0.037893 0.999122 -1.422300 0.000000 0.000000 0.000000 1.000000
0.999691 0.017531 0.017640 -0.000100 -0.016808 0.999045 -0.040342 11.645400 -0.018330 0.040033 0.999030 -1.422300 0.000000 0.000000 0.000000 1.000000
0.999655 0.018897 0.018225 -0.000100 -0.018117 0.998952 -0.042031 11.645400 -0.019000 0.041687 0.998950 -1.422300 0.000000 0.000000 0.000000 1.000000
0.999636 0.019405 0.018751 -0.000100 -0.018579 0.998891 -0.043259 11.645400 -0.019570 0.042895 0.998888 -1.422300 0.000000 0.000000 0.000000 1.000000
0.999641 0.018820 0.019087 -0.000100 -0.017960 0.998859 -0.044255 11.645400 -0.019898 0.043896 0.998838 -1.422300 0.000000 0.000000 0.000000 1.000000
0.999674 0.016921 0.019109 -0.000100 -0.016040 0.998842 -0.045351 11.645400 -0.019854 0.045029 0.998788 -1.422300 0.000000 0.000000 0.000000 1.000000
0.999724 0.014056 0.018812 -0.000100 -0.013159 0.998808 -0.047011 11.645400 -0.019451 0.046751 0.998717 -1.422300 0.000000 0.000000 0.000000 1.000000
0.999772 0.010977 0.018313 -0.000100 -0.010057 0.998717 -0.049626 11.645400 -0.018834 0.049431 0.998600 -1.422300 0.000000 0.000000 0.000000 1.000000
0.999805 0.008570 0.017788 -0.000100 -0.007611 0.998549 -0.053311 11.645400 -0.018219 0.053165 0.998420 -1.422300 0.000000 0.000000 0.000000 1.000000
0.999821 0.007382 0.017418 -0.000100 -0.006370 0.998327 -0.057475 11.645400 -0.017813 0.057354 0.998195 -1.422300 0.000000 0.000000 0.000000 1.000000
0.999818 0.007883 0.017348 -0.000100 -0.006810 0.998111 -0.061057 11.645400 -0.017797 0.060928 0.997984 -1.422300 0.000000 0.000000 0.000000 1.000000
0.999800 0.009683 0.017526 -0.000100 -0.008559 0.997969 -0.063117 11.645400 -0.018101 0.062954 0.997852 -1.422300 0.000000 0.000000 0.000000 1.000000
0.999759 0.012727 0.017875 -0.000100 -0.011583 0.997965 -0.062695 11.645400 -0.018637 0.062473 0.997873 -1.422300 0.000000 0.000000 0.000000 1.000000
0.999698 0.016488 0.018222 -0.000100 -0.015358 0.998049 -0.060521 11.645400 -0.019185 0.060223 0.998001 -1.422300 0.000000 0.000000 0.000000 1.000000
0.999617 0.020637 0.018448 -0.000100 -0.019541 0.998141 -0.057729 11.645400 -0.019605 0.057347 0.998162 -1.422300 0.000000 0.000000 0.000000 1.000000
0.999523 0.024669 0.018565 -0.000100 -0.023597 0.998160 -0.055861 11.645400 -0.019909 0.055397 0.998266 -1.422300 0.000000 0.000000 0.000000 1.000000
0.999433 0.028015 0.018694 -0.000100 -0.026930 0.998070 -0.055960 11.645400 -0.020226 0.055425 0.998258 -1.422300 0.000000 0.000000 0.000000 1.000000
0.999364 0.030180 0.018992 -0.000100 -0.029033 0.997893 -0.058020 11.645400 -0.020703 0.057432 0.998135 -1.422300 0.000000 0.000000 0.000000 1.000000
0.999329 0.030981 0.019532 -0.000100 -0.029737 0.997693 -0.061031 11.645400 -0.021378 0.060409 0.997945 -1.422300 0.000000 0.000000 0.000000 1.000000
0.999335 0.030310 0.020290 -0.000100 -0.028959 0.997539 -0.063850 11.645400 -0.022175 0.063220 0.997753 -1.422300 0.000000 0.000000 0.000000 1.000000
0.999366 0.028660 0.021115 -0.000100 -0.027216 0.997462 -0.065797 11.645400 -0.022948 0.065181 0.997610 -1.422300 0.000000 0.000000 0.000000 1.000000
0.999413 0.026356 0.021887 -0.000100 -0.024846 0.997470 -0.066611 11.645400 -0.023587 0.066028 0.997539 -1.422300 0.000000 0.000000 0.000000 1.000000
0.999457 0.023989 0.022582 -0.000100 -0.022433 0.997513 -0.066810 11.645400 -0.024129 0.066268 0.997510 -1.422300 0.000000 0.000000 0.000000 1.000000
0.999489 0.021965 0.023228 -0.000100 -0.020378 0.997578 -0.066499 11.645400 -0.024632 0.065991 0.997516 -1.422300 0.000000 0.000000 0.000000 1.000000
0.999507 0.020408 0.023841 -0.000100 -0.018808 0.997675 -0.065506 11.645400 -0.025122 0.065025 0.997567 -1.422300 0.000000 0.000000 0.000000 1.000000
0.999519 0.019252 0.024312 -0.000100 -0.017685 0.997849 -0.063117 11.645400 -0.025475 0.062657 0.997710 -1.422300 0.000000 0.000000 0.000000 1.000000
0.999536 0.018196 0.024438 -0.000100 -0.016732 0.998127 -0.058845 11.645400 -0.025463 0.058409 0.997968 -1.422300 0.000000 0.000000 0.000000 1.000000
0.999569 0.016921 0.024000 -0.000100 -0.015636 0.998485 -0.052750 11.645400 -0.024857 0.052352 0.998319 -1.422300 0.000000 0.000000 0.000000 1.000000
0.999622 0.015249 0.022882 -0.000100 -0.014193 0.998858 -0.045614 11.645400 -0.023551 0.045272 0.998697 -1.422300 0.000000 0.000000 0.000000 1.000000
0.999685 0.013307 0.021280 -0.000100 -0.012472 0.999165 -0.038913 11.645400 -0.021780 0.038635 0.999016 -1.422300 0.000000 0.000000 0.000000 1.000000
0.999745 0.011399 0.019502 -0.000100 -0.010724 0.999353 -0.034336 11.645400 -0.019880 0.034119 0.999220 -1.422300 0.000000 0.000000 0.000000 1.000000
0.999790 0.009849 0.017962 -0.000100 -0.009265 0.999434 -0.032343 11.645400 -0.018270 0.032170 0.999315 -1.422300 0.000000 0.000000 0.000000 1.000000
0.999814 0.008954 0.017080 -0.000100 -0.008381 0.999409 -0.033329 11.645400 -0.017368 0.033180 0.999298 -1.422300 0.000000 0.000000 0.000000 1.000000
