<?xml version="1.0" encoding="utf-8"?>
<COLLADA xmlns="http://www.collada.org/2005/11/COLLADASchema" version="1.4.1">
  <asset><contributor><author>Mixamo</author><authoring_tool>COLLADA Mixamo exporter</authoring_tool><comments></comments></contributor><created>2018-10-16T10:17:54Z</created><modified>2018-10-16T10:17:54Z</modified><revision></revision><title></title><unit meter="0.010000"/><up_axis>Y_UP</up_axis></asset>
  <library_animations>
    <animation id="mixamorig_Hips-anim" name="mixamorig_Hips"><source id="mixamorig_Hips-Matrix-animation-input"><float_array id="mixamorig_Hips-Matrix-animation-input-array" count="38">

0.000000 0.033333 0.066667 0.100000 0.133333 0.166667 0.200000 0.233333 0.266667 0.300000 0.333333 0.366667 0.400000 0.433333 0.466667 0.500000
0.533333 0.566667 0.600000 0.633333 0.666667 0.700000 0.733333 0.766667 0.800000 0.833333 0.866667 0.900000 0.933333 0.966667 1.000000 1.033333
1.066667 1.100000 1.133333 1.166667 1.200000 1.233333</float_array><technique_common><accessor source="#mixamorig_Hips-Matrix-animation-input-array" count="38"><param name="TIME" type="float"/></accessor></technique_common></source><source id="mixamorig_Hips-Matrix-animation-output-transform"><float_array id="mixamorig_Hips-Matrix-animation-output-transform-array" count="608">

0.905991 -0.044694 -0.420932 0.271857 -0.039414 0.981184 -0.189012 91.376732 0.421459 0.187833 0.887181 -0.939702 0.000000 0.000000 0.000000 1.000000
0.887859 -0.057026 -0.456568 0.396185 -0.036922 0.980260 -0.194235 91.088036 0.458631 0.189310 0.868227 -1.528494 0.000000 0.000000 0.000000 1.000000
0.866966 -0.069625 -0.493481 0.576995 -0.035085 0.979209 -0.199795 90.610214 0.497131 0.190529 0.846498 -1.931884 0.000000 0.000000 0.000000 1.000000
0.834844 -0.083629 -0.544096 0.851463 -0.036049 0.977966 -0.205628 90.065269 0.549304 0.191281 0.813435 -2.292689 0.000000 0.000000 0.000000 1.000000
0.792253 -0.099067 -0.602097 1.233322 -0.039390 0.976371 -0.212479 89.499069 0.608920 0.192054 0.769631 -2.541052 0.000000 0.000000 0.000000 1.000000
0.744593 -0.114880 -0.657559 1.647884 -0.042306 0.974977 -0.218242 88.972488 0.666177 0.190320 0.721101 -2.521301 0.000000 0.000000 0.000000 1.000000
0.701677 -0.127659 -0.700965 1.935105 -0.043536 0.974297 -0.221019 88.541222 0.711164 0.185602 0.678084 -2.279770 0.000000 0.000000 0.000000 1.000000
0.676461 -0.135745 -0.723861 2.031871 -0.041958 0.974167 -0.221895 88.215416 0.735282 0.180475 0.653290 -1.922977 0.000000 0.000000 0.000000 1.000000
0.680960 -0.141203 -0.718578 1.975878 -0.034499 0.973960 -0.224080 88.085052 0.731507 0.177380 0.658357 -1.481372 0.000000 0.000000 0.000000 1.000000
0.719798 -0.142938 -0.679308 1.841180 -0.022771 0.973183 -0.228903 88.153694 0.693810 0.180232 0.697240 -0.991364 0.000000 0.000000 0.000000 1.000000
0.787265 -0.140056 -0.600498 1.628079 -0.004366 0.972572 -0.232559 88.368256 0.616599 0.185708 0.765061 -0.467456 0.000000 0.000000 0.000000 1.000000
0.873211 -0.130014 -0.469679 1.320025 0.019766 0.972412 -0.232429 88.684326 0.486941 0.193676 0.851691 0.058588 0.000000 0.000000 0.000000 1.000000
0.954728 -0.104015 -0.278703 0.852198 0.040432 0.973557 -0.224839 89.102104 0.294720 0.203392 0.933687 0.608692 0.000000 0.000000 0.000000 1.000000
0.997168 -0.063835 -0.039774 0.341853 0.054121 0.976222 -0.209910 89.541222 0.052228 0.207163 0.976911 1.273778 0.000000 0.000000 0.000000 1.000000
0.975682 -0.017589 0.218485 -0.085841 0.060065 0.980075 -0.189330 89.873283 -0.210802 0.197849 0.957297 2.197940 0.000000 0.000000 0.000000 1.000000
0.888511 0.021804 0.458337 -0.512328 0.061084 0.984359 -0.165244 89.923256 -0.454771 0.174818 0.873282 3.270506 0.000000 0.000000 0.000000 1.000000
0.766003 0.045129 0.641251 -0.841006 0.059129 0.988357 -0.140191 89.611023 -0.640112 0.145303 0.754416 4.332726 0.000000 0.000000 0.000000 1.000000
0.660483 0.051565 0.749068 -0.990853 0.055083 0.991623 -0.116831 89.076492 -0.748818 0.118426 0.652110 5.071804 0.000000 0.000000 0.000000 1.000000
0.604813 0.043624 0.795172 -1.001949 0.057633 0.993483 -0.098339 88.567551 -0.794279 0.105305 0.598357 5.587935 0.000000 0.000000 0.000000 1.000000
0.575960 0.036872 0.816646 -1.188519 0.066605 0.993544 -0.091834 88.196716 -0.814760 0.107285 0.569786 6.168334 0.000000 0.000000 0.000000 1.000000
0.542493 0.045060 0.838851 -1.510816 0.072431 0.992333 -0.100146 87.982597 -0.836932 0.115087 0.535070 7.085965 0.000000 0.000000 0.000000 1.000000
0.508525 0.062223 0.858796 -1.778847 0.072539 0.990744 -0.114736 87.911774 -0.857986 0.120642 0.499304 7.984106 0.000000 0.000000 0.000000 1.000000
0.495896 0.078233 0.864850 -1.866764 0.069789 0.989122 -0.129491 87.962181 -0.865573 0.124572 0.485042 8.598436 0.000000 0.000000 0.000000 1.000000
0.510791 0.089957 0.854986 -1.762310 0.067770 0.987202 -0.144356 88.083633 -0.857030 0.131678 0.498158 8.886024 0.000000 0.000000 0.000000 1.000000
0.554726 0.094958 0.826596 -1.424229 0.065545 0.985391 -0.157188 88.291420 -0.829447 0.141376 0.540398 8.724400 0.000000 0.000000 0.000000 1.000000
0.622370 0.090889 0.777428 -1.010088 0.063911 0.984018 -0.166205 88.599533 -0.780109 0.153127 0.606615 8.166852 0.000000 0.000000 0.000000 1.000000
0.704565 0.081084 0.704992 -0.576120 0.059442 0.983216 -0.172490 89.011452 -0.707145 0.163436 0.687920 7.409459 0.000000 0.000000 0.000000 1.000000
0.792244 0.070184 0.606154 -0.107080 0.049296 0.982755 -0.178218 89.521957 -0.608209 0.171073 0.775123 6.662623 0.000000 0.000000 0.000000 1.000000
0.873973 0.060664 0.482173 0.351870 0.032894 0.982518 -0.183237 90.106354 -0.484860 0.176005 0.856699 5.963907 0.000000 0.000000 0.000000 1.000000
0.938456 0.051867 0.341482 0.721651 0.013744 0.982270 -0.186967 90.659378 -0.345125 0.180154 0.921104 5.300634 0.000000 0.000000 0.000000 1.000000
0.979388 0.043561 0.197233 0.937048 -0.005488 0.981846 -0.189598 91.100754 -0.201912 0.184608 0.961848 4.587324 0.000000 0.000000 0.000000 1.000000
0.997605 0.032791 0.060897 1.026322 -0.020638 0.981487 -0.190413 91.374557 -0.066013 0.188700 0.979814 3.831748 0.000000 0.000000 0.000000 1.000000
0.998030 0.019174 -0.059744 0.988336 -0.030186 0.981463 -0.189260 91.522179 0.055008 0.190690 0.980108 3.030159 0.000000 0.000000 0.000000 1.000000
0.987015 0.006379 -0.160499 0.878881 -0.036703 0.981733 -0.186690 91.607460 0.156377 0.190156 0.969220 2.174861 0.000000 0.000000 0.000000 1.000000
0.969891 -0.005121 -0.243486 0.742389 -0.040990 0.982084 -0.183932 91.660622 0.240066 0.188374 0.952304 1.313211 0.000000 0.000000 0.000000 1.000000
0.949682 -0.017794 -0.312709 0.564614 -0.041779 0.982267 -0.182776 91.632103 0.310416 0.186644 0.932098 0.497945 0.000000 0.000000 0.000000 1.000000
0.927275 -0.031869 -0.373021 0.354286 -0.040400 0.982034 -0.184329 91.536942 0.372194 0.185994 0.909328 -0.298887 0.000000 0.000000 0.000000 1.000000
0.905991 -0.044694 -0.420932 0.271863 -0.039413 0.981184 -0.189012 91.376701 0.421459 0.187833 0.887182 -0.939701 0.000000 0.000000 0.000000 1.000000</float_array><technique_common><accessor source="#mixamorig_Hips-Matrix-animation-output-transform-array" count="38" stride="16"><param type="float4x4"/></accessor></technique_common></source><source id="mixamorig_Hips-Interpolations"><Name_array id="mixamorig_Hips-Interpolations-array" count="38">
 LINEAR LINEAR LINEAR LINEAR LINEAR LINEAR LINEAR LINEAR LINEAR LINEAR LINEAR
LINEAR LINEAR LINEAR LINEAR LINEAR LINEAR LINEAR LINEAR LINEAR LINEAR LINEAR LINEAR
LINEAR LINEAR LINEAR LINEAR LINEAR LINEAR LINEAR LINEAR LINEAR LINEAR LINEAR LINEAR
LINEAR LINEAR LINEAR</Name_array><technique_common><accessor source="#mixamorig_Hips-Interpolations-array" count="38"><param type="name"/></accessor></technique_common></source><sampler id="mixamorig_Hips-Matrix-animation-transform"><input semantic="INPUT" source="#mixamorig_Hips-Matrix-animation-input"/><input semantic="OUTPUT" source="#mixamorig_Hips-Matrix-animation-output-transform"/><input semantic="INTERPOLATION" source="#mixamorig_Hips-Interpolations"/></sampler><channel source="#mixamorig_Hips-Matrix-animation-transform" target="mixamorig_Hips/matrix"/></animation>
    <animation id="mixamorig_Spine-anim" name="mixamorig_Spine"><source id="mixamorig_Spine-Matrix-animation-input"><float_array id="mixamorig_Spine-Matrix-animation-input-array" count="38">

0.000000 0.033333 0.066667 0.100000 0.133333 0.166667 0.200000 0.233333 0.266667 0.300000 0.333333 0.366667 0.400000 0.433333 0.466667 0.500000
0.533333 0.566667 0.600000 0.633333 0.666667 0.700000 0.733333 0.766667 0.800000 0.833333 0.866667 0.900000 0.933333 0.966667 1.000000 1.033333
1.066667 1.100000 1.133333 1.166667 1.200000 1.233333</float_array><technique_common><accessor source="#mixamorig_Spine-Matrix-animation-input-array" count="38"><param name="TIME" type="float"/></accessor></technique_common></source><source id="mixamorig_Spine-Matrix-animation-output-transform"><float_array id="mixamorig_Spine-Matrix-animation-output-transform-array" count="608">

0.999942 0.010547 0.002270 0.000000 -0.010466 0.999396 -0.033151 9.923500 -0.002618 0.033126 0.999448 -1.227300 0.000000 0.000000 0.000000 1.000000
0.999884 0.015118 0.001815 -0.000000 -0.015046 0.999288 -0.034611 9.923500 -0.002337 0.034579 0.999399 -1.227300 0.000000 0.000000 0.000000 1.000000
0.999828 0.018486 0.001355 0.000000 -0.018426 0.999190 -0.035787 9.923500 -0.002015 0.035756 0.999359 -1.227300 0.000000 0.000000 0.000000 1.000000
0.999802 0.019852 -0.001238 0.000000 -0.019884 0.999095 -0.037597 9.923500 0.000490 0.037615 0.999292 -1.227300 0.000000 0.000000 0.000000 1.000000
0.999761 0.020630 -0.007250 0.000000 -0.020899 0.999009 -0.039309 9.923500 0.006432 0.039451 0.999201 -1.227300 0.000000 0.000000 0.000000 1.000000
0.999629 0.021891 -0.016198 0.000000 -0.022519 0.998961 -0.039624 9.923500 0.015313 0.039974 0.999083 -1.227300 0.000000 0.000000 0.000000 1.000000
0.999322 0.024646 -0.027333 -0.000000 -0.025706 0.998903 -0.039128 9.923500 0.026339 0.039804 0.998860 -1.227300 0.000000 0.000000 0.000000 1.000000
0.998861 0.027972 -0.038654 0.000000 -0.029457 0.998828 -0.038398 9.923500 0.037534 0.039493 0.998515 -1.227300 0.000000 0.000000 0.000000 1.000000
0.998336 0.030935 -0.048673 0.000000 -0.032760 0.998772 -0.037174 9.923500 0.047464 0.038707 0.998123 -1.227300 0.000000 0.000000 0.000000 1.000000
0.997888 0.031995 -0.056532 -0.000000 -0.034053 0.998778 -0.035821 9.923500 0.055316 0.037671 0.997758 -1.227300 0.000000 0.000000 0.000000 1.000000
0.997744 0.030495 -0.059814 0.000000 -0.032626 0.998855 -0.034985 9.923500 0.058679 0.036858 0.997596 -1.227300 0.000000 0.000000 0.000000 1.000000
0.998013 0.024774 -0.057929 -0.000000 -0.026825 0.999031 -0.034892 9.923500 0.057009 0.036376 0.997711 -1.227300 0.000000 0.000000 0.000000 1.000000
0.998473 0.014224 -0.053386 0.000000 -0.016111 0.999254 -0.035087 9.923500 0.052847 0.035893 0.997957 -1.227300 0.000000 0.000000 0.000000 1.000000
0.998888 0.000023 -0.047156 0.000000 -0.001667 0.999392 -0.034818 9.923500 0.047127 0.034858 0.998281 -1.227300 0.000000 0.000000 0.000000 1.000000
0.999147 -0.016360 -0.037905 0.000000 0.015081 0.999315 -0.033791 9.923500 0.038432 0.033190 0.998710 -1.227300 0.000000 0.000000 0.000000 1.000000
0.999247 -0.029357 -0.025353 0.000000 0.028548 0.999090 -0.031690 9.923500 0.026260 0.030943 0.999176 -1.227300 0.000000 0.000000 0.000000 1.000000
0.999302 -0.036157 -0.009400 -0.000000 0.035866 0.998922 -0.029453 9.923500 0.010455 0.029096 0.999522 -1.227300 0.000000 0.000000 0.000000 1.000000
0.999208 -0.038988 0.007919 -0.000000 0.039196 0.998834 -0.028179 9.923500 -0.006811 0.028467 0.999572 -1.227300 0.000000 0.000000 0.000000 1.000000
0.998992 -0.038273 0.023464 0.000000 0.038933 0.998839 -0.028360 9.923500 -0.022351 0.029244 0.999322 -1.227300 0.000000 0.000000 0.000000 1.000000
0.998756 -0.034653 0.035847 0.000000 0.035710 0.998933 -0.029291 9.923500 -0.034794 0.030535 0.998928 -1.227300 0.000000 0.000000 0.000000 1.000000
0.998552 -0.030429 0.044369 -0.000000 0.031782 0.999041 -0.030117 9.923500 -0.043410 0.031484 0.998561 -1.227300 0.000000 0.000000 0.000000 1.000000
0.998389 -0.027334 0.049715 0.000000 0.028901 0.999099 -0.031088 9.923500 -0.048820 0.032475 0.998280 -1.227300 0.000000 0.000000 0.000000 1.000000
0.998319 -0.023652 0.052919 0.000000 0.025388 0.999153 -0.032385 9.923500 -0.052108 0.033674 0.998074 -1.227300 0.000000 0.000000 0.000000 1.000000
0.998354 -0.018514 0.054291 0.000000 0.020382 0.999212 -0.034059 9.923500 -0.053617 0.035109 0.997944 -1.227300 0.000000 0.000000 0.000000 1.000000
0.998507 -0.012804 0.053106 -0.000000 0.014726 0.999245 -0.035964 9.923500 -0.052605 0.036693 0.997941 -1.227300 0.000000 0.000000 0.000000 1.000000
0.998794 -0.008300 0.048383 -0.000000 0.010075 0.999281 -0.036564 9.923500 -0.048045 0.037008 0.998159 -1.227300 0.000000 0.000000 0.000000 1.000000
0.999146 -0.005995 0.040876 -0.000000 0.007454 0.999337 -0.035648 9.923500 -0.040636 0.035922 0.998528 -1.227300 0.000000 0.000000 0.000000 1.000000
0.999455 -0.005145 0.032617 0.000000 0.006282 0.999373 -0.034833 9.923500 -0.032417 0.035019 0.998861 -1.227300 0.000000 0.000000 0.000000 1.000000
0.999659 -0.006029 0.025409 0.000000 0.006888 0.999403 -0.033859 9.923500 -0.025190 0.034023 0.999104 -1.227300 0.000000 0.000000 0.000000 1.000000
0.999779 -0.006787 0.019876 0.000000 0.007434 0.999438 -0.032699 9.923500 -0.019643 0.032839 0.999268 -1.227300 0.000000 0.000000 0.000000 1.000000
0.999854 -0.007062 0.015575 0.000000 0.007537 0.999503 -0.030613 9.923500 -0.015351 0.030726 0.999410 -1.227300 0.000000 0.000000 0.000000 1.000000
0.999911 -0.005232 0.012269 0.000000 0.005581 0.999578 -0.028524 9.923500 -0.012115 0.028590 0.999518 -1.227300 0.000000 0.000000 0.000000 1.000000
0.999951 -0.002390 0.009590 0.000000 0.002652 0.999622 -0.027373 9.923500 -0.009521 0.027397 0.999579 -1.227300 0.000000 0.000000 0.000000 1.000000
0.999971 -0.002011 0.007413 -0.000000 0.002213 0.999627 -0.027238 9.923500 -0.007355 0.027254 0.999601 -1.227300 0.000000 0.000000 0.000000 1.000000
0.999981 -0.002203 0.005788 -0.000000 0.002364 0.999604 -0.028036 9.923500 -0.005723 0.028049 0.999590 -1.227300 0.000000 0.000000 0.000000 1.000000
0.999991 0.000330 0.004345 0.000000 -0.000203 0.999574 -0.029195 9.923500 -0.004353 0.029194 0.999564 -1.227300 0.000000 0.000000 0.000000 1.000000
0.999979 0.005670 0.003139 -0.000000 -0.005567 0.999479 -0.031794 9.923500 -0.003318 0.031776 0.999490 -1.227300 0.000000 0.000000 0.000000 1.000000
0.999942 0.010547 0.002270 0.000000 -0.010466 0.999396 -0.033152 9.923500 -0.002619 0.033126 0.999448 -1.227300 0.000000 0.000000 0.000000 1.000000</float_array><technique_common><accessor source="#mixamorig_Spine-Matrix-animation-output-transform-array" count="38" stride="16"><param type="float4x4"/></accessor></technique_common></source><source id="mixamorig_Spine-Interpolations"><Name_array id="mixamorig_Spine-Interpolations-array" count="38">
 LINEAR LINEAR LINEAR LINEAR LINEAR LINEAR LINEAR LINEAR LINEAR LINEAR LINEAR
LINEAR LINEAR LINEAR LINEAR LINEAR LINEAR LINEAR LINEAR LINEAR LINEAR LINEAR LINEAR
LINEAR LINEAR LINEAR LINEAR LINEAR LINEAR LINEAR LINEAR LINEAR LINEAR LINEAR LINEAR
LINEAR LINEAR LINEAR</Name_array><technique_common><accessor source="#mixamorig_Spine-Interpolations-array" count="38"><param type="name"/></accessor></technique_common></source><sampler id="mixamorig_Spine-Matrix-animation-transform"><input semantic="INPUT" source="#mixamorig_Spine-Matrix-animation-input"/><input semantic="OUTPUT" source="#mixamorig_Spine-Matrix-animation-output-transform"/><input semantic="INTERPOLATION" source="#mixamorig_Spine-Interpolations"/></sampler><channel source="#mixamorig_Spine-Matrix-animation-transform" target="mixamorig_Spine/matrix"/></animation>
    <animation id="mixamorig_Spine1-anim" name="mixamorig_Spine1"><source id="mixamorig_Spine1-Matrix-animation-input"><float_array id="mixamorig_Spine1-Matrix-animation-input-array" count="38">

0.000000 0.033333 0.066667 0.100000 0.133333 0.166667 0.200000 0.233333 0.266667 0.300000 0.333333 0.366667 0.400000 0.433333 0.466667 0.500000
0.533333 0.566667 0.600000 0.633333 0.666667 0.700000 0.733333 0.766667 0.800000 0.833333 0.866667 0.900000 0.933333 0.966667 1.000000 1.033333
1.066667 1.100000 1.133333 1.166667 1.200000 1.233333</float_array><technique_common><accessor source="#mixamorig_Spine1-Matrix-animation-input-array" count="38"><param name="TIME" type="float"/></accessor></technique_common></source><source id="mixamorig_Spine1-Matrix-animation-output-transform"><float_array id="mixamorig_Spine1-Matrix-animation-output-transform-array" count="608">

0.999968 0.003930 0.006909 -0.000100 -0.003486 0.998003 -0.063077 11.645400 -0.007143 0.063051 0.997985 -1.422300 0.000000 0.000000 0.000000 1.000000
0.999963 0.004388 0.007416 -0.000100 -0.003894 0.997852 -0.065386 11.645400 -0.007687 0.065355 0.997832 -1.422300 0.000000 0.000000 0.000000 1.000000
0.999958 0.004330 0.008132 -0.000100 -0.003757 0.997593 -0.069234 11.645400 -0.008412 0.069201 0.997567 -1.422300 0.000000 0.000000 0.000000 1.000000
0.999984 0.003274 0.004511 -0.000100 -0.002930 0.997235 -0.074257 11.645400 -0.004741 0.074243 0.997229 -1.422300 0.000000 0.000000 0.000000 1.000000
0.999979 0.001495 -0.006236 -0.000100 -0.001977 0.996942 -0.078116 11.645400 0.006100 0.078127 0.996925 -1.422300 0.000000 0.000000 0.000000 1.000000
0.999754 0.000015 -0.022198 -0.000100 -0.001782 0.996826 -0.079592 11.645400 0.022127 0.079612 0.996580 -1.422300 0.000000 0.000000 0.000000 1.000000
0.999139 0.000232 -0.041479 -0.000100 -0.003560 0.996774 -0.080178 11.645400 0.041327 0.080256 0.995917 -1.422300 0.000000 0.000000 0.000000 1.000000
0.998111 0.000695 -0.061436 -0.000100 -0.005612 0.996786 -0.079909 11.645400 0.061183 0.080103 0.994907 -1.422300 0.000000 0.000000 0.000000 1.000000
0.996813 0.000454 -0.079778 -0.000100 -0.006751 0.996878 -0.078672 11.645400 0.079494 0.078960 0.993703 -1.422300 0.000000 0.000000 0.000000 1.000000
0.995499 -0.000360 -0.094771 -0.000100 -0.006978 0.997000 -0.077083 11.645400 0.094515 0.077398 0.992510 -1.422300 0.000000 0.000000 0.000000 1.000000
0.994803 -0.001784 -0.101802 -0.000100 -0.005923 0.997139 -0.075355 11.645400 0.101646 0.075566 0.991947 -1.422300 0.000000 0.000000 0.000000 1.000000
0.994983 -0.004801 -0.099930 -0.000100 -0.002618 0.997257 -0.073971 11.645400 0.100011 0.073862 0.992241 -1.422300 0.000000 0.000000 0.000000 1.000000
0.995554 -0.010581 -0.093595 -0.000100 0.003771 0.997351 -0.072638 11.645400 0.094116 0.071962 0.992957 -1.422300 0.000000 0.000000 0.000000 1.000000
0.996283 -0.019086 -0.083995 -0.000100 0.013119 0.997388 -0.071024 11.645400 0.085132 0.069658 0.993932 -1.422300 0.000000 0.000000 0.000000 1.000000
0.997255 -0.027537 -0.068734 -0.000100 0.022811 0.997382 -0.068622 11.645400 0.070444 0.066866 0.995272 -1.422300 0.000000 0.000000 0.000000 1.000000
0.998495 -0.031968 -0.044565 -0.000100 0.029019 0.997442 -0.065318 11.645400 0.046539 0.063927 0.996869 -1.422300 0.000000 0.000000 0.000000 1.000000
0.999449 -0.031626 -0.010067 -0.000100 0.030937 0.997566 -0.062497 11.645400 0.012019 0.062151 0.997994 -1.422300 0.000000 0.000000 0.000000 1.000000
0.999150 -0.028800 0.029482 -0.000100 0.030576 0.997627 -0.061688 11.645400 -0.027635 0.062537 0.997660 -1.422300 0.000000 0.000000 0.000000 1.000000
0.997575 -0.023844 0.065390 -0.000100 0.028001 0.997595 -0.063405 11.645400 -0.063721 0.065082 0.995843 -1.422300 0.000000 0.000000 0.000000 1.000000
0.995622 -0.015228 0.092224 -0.000100 0.021394 0.997574 -0.066244 11.645400 -0.090992 0.067927 0.993532 -1.422300 0.000000 0.000000 0.000000 1.000000
0.994110 -0.004373 0.108284 -0.000100 0.011885 0.997558 -0.068823 11.645400 -0.107718 0.069705 0.991735 -1.422300 0.000000 0.000000 0.000000 1.000000
0.993119 0.004899 0.117004 -0.000100 0.003535 0.997415 -0.071770 11.645400 -0.117053 0.071689 0.990535 -1.422300 0.000000 0.000000 0.000000 1.000000
0.992620 0.011556 0.120711 -0.000100 -0.002551 0.997219 -0.074488 11.645400 -0.121236 0.073631 0.989889 -1.422300 0.000000 0.000000 0.000000 1.000000
0.992633 0.016122 0.120080 -0.000100 -0.006986 0.997075 -0.076115 11.645400 -0.120956 0.074716 0.989842 -1.422300 0.000000 0.000000 0.000000 1.000000
0.993269 0.018763 0.114302 -0.000100 -0.009948 0.996965 -0.077209 11.645400 -0.115404 0.075552 0.990441 -1.422300 0.000000 0.000000 0.000000 1.000000
0.994558 0.019451 0.102352 -0.000100 -0.011570 0.996961 -0.077043 11.645400 -0.103539 0.075439 0.991760 -1.422300 0.000000 0.000000 0.000000 1.000000
0.996149 0.018272 0.085751 -0.000100 -0.011801 0.997086 -0.075374 11.645400 -0.086878 0.074072 0.993461 -1.422300 0.000000 0.000000 0.000000 1.000000
0.997556 0.016221 0.067960 -0.000100 -0.011229 0.997253 -0.073212 11.645400 -0.068961 0.072270 0.994998 -1.422300 0.000000 0.000000 0.000000 1.000000
0.998547 0.013991 0.052044 -0.000100 -0.010291 0.997445 -0.070693 11.645400 -0.052900 0.070055 0.996140 -1.422300 0.000000 0.000000 0.000000 1.000000
0.999150 0.012374 0.039327 -0.000100 -0.009677 0.997636 -0.068029 11.645400 -0.040076 0.067591 0.996908 -1.422300 0.000000 0.000000 0.000000 1.000000
0.999495 0.010780 0.029888 -0.000100 -0.008828 0.997866 -0.064696 11.645400 -0.030522 0.064399 0.997457 -1.422300 0.000000 0.000000 0.000000 1.000000
0.999685 0.010140 0.022978 -0.000100 -0.008717 0.998088 -0.061189 11.645400 -0.023554 0.060969 0.997862 -1.422300 0.000000 0.000000 0.000000 1.000000
0.999789 0.010129 0.017844 -0.000100 -0.009067 0.998240 -0.058602 11.645400 -0.018406 0.058428 0.998122 -1.422300 0.000000 0.000000 0.000000 1.000000
0.999863 0.008781 0.014002 -0.000100 -0.007957 0.998293 -0.057866 11.645400 -0.014486 0.057746 0.998226 -1.422300 0.000000 0.000000 0.000000 1.000000
0.999916 0.006773 0.011092 -0.000100 -0.006109 0.998246 -0.058895 11.645400 -0.011472 0.058822 0.998203 -1.422300 0.000000 0.000000 0.000000 1.000000
0.999947 0.004965 0.009042 -0.000100 -0.004413 0.998186 -0.060042 11.645400 -0.009324 0.059999 0.998155 -1.422300 0.000000 0.000000 0.000000 1.000000
0.999962 0.004268 0.007555 -0.000100 -0.003792 0.998079 -0.061839 11.645400 -0.007804 0.061808 0.998058 -1.422300 0.000000 0.000000 0.000000 1.000000
0.999968 0.003930 0.006909 -0.000100 -0.003486 0.998003 -0.063077 11.645400 -0.007143 0.063051 0.997985 -1.422300 0.000000 0.000000 0.000000 1.000000</float_array><technique_common><accessor source="#mixamorig_Spine1-Matrix-animation-output-transform-array" count="38" stride="16"><param type="float4x4"/></accessor></technique_common></source><source id="mixamorig_Spine1-Interpolations"><Name_array id="mixamorig_Spine1-Interpolations-array" count="38">
 LINEAR LINEAR LINEAR LINEAR LINEAR LINEAR LINEAR LINEAR LINEAR LINEAR LINEAR
LINEAR LINEAR LINEAR LINEAR LINEAR LINEAR LINEAR LINEAR LINEAR LINEAR LINEAR LINEAR
LINEAR LINEAR LINEAR LINEAR LINEAR LINEAR LINEAR LINEAR LINEAR LINEAR LINEAR LINEAR
LINEAR LINEAR LINEAR</Name_array><technique_common><accessor source="#mixamorig_Spine1-Interpolations-array" count="38"><param type="name"/></accessor></technique_common></source><sampler id="mixamorig_Spine1-Matrix-animation-transform"><input semantic="INPUT" source="#mixamorig_Spine1-Matrix-animation-input"/><input semantic="OUTPUT" source="#mixamorig_Spine1-Matrix-animation-output-transform"/><input semantic="INTERPOLATION" source="#mixamorig_Spine1-Interpolations"/></sampler><channel source="#mixamorig_Spine1-Matrix-animation-transform" target="mixamorig_Spine1/matrix"/></animation>
    <animation id="mixamorig_Spine2-anim" name="mixamorig_Spine2"><source id="mixamorig_Spine2-Matrix-animation-input"><float_array id="mixamorig_Spine2-Matrix-animation-input-array" count="38">

0.000000 0.033333 0.066667 0.100000 0.133333 0.166667 0.200000 0.233333 0.266667 0.300000 0.333333 0.366667 0.400000 0.433333 0.466667 0.500000
0.533333 0.566667 0.600000 0.633333 0.666667 0.700000 0.733333 0.766667 0.800000 0.833333 0.866667 0.900000 0.933333 0.966667 1.000000 1.033333
1.066667 1.100000 1.133333 1.166667 1.200000 1.233333</float_array><technique_common><accessor source="#mixamorig_Spine2-Matrix-animation-input-array" count="38"><param name="TIME" type="float"/></accessor></technique_common></source><source id="mixamorig_Spine2-Matrix-animation-output-transform"><float_array id="mixamorig_Spine2-Matrix-animation-output-transform-array" count="608">

0.999970 0.003833 0.006773 0.000100 -0.003398 0.998004 -0.063066 13.360200 -0.007001 0.063041 0.997986 -1.626500 0.000000 0.000000 0.000000 1.000000
0.999965 0.004270 0.007170 0.000100 -0.003792 0.997853 -0.065383 13.360200 -0.007433 0.065353 0.997834 -1.626500 0.000000 0.000000 0.000000 1.000000
0.999961 0.004259 0.007760 0.000100 -0.003712 0.997594 -0.069227 13.360200 -0.008036 0.069196 0.997571 -1.626500 0.000000 0.000000 0.000000 1.000000
0.999986 0.003227 0.004086 0.000100 -0.002915 0.997238 -0.074210 13.360200 -0.004314 0.074197 0.997234 -1.626500 0.000000 0.000000 0.000000 1.000000
0.999976 0.001434 -0.006706 0.000100 -0.001953 0.996947 -0.078053 13.360200 0.006574 0.078064 0.996927 -1.626500 0.000000 0.000000 0.000000 1.000000
0.999742 -0.000048 -0.022720 0.000100 -0.001759 0.996833 -0.079503 13.360200 0.022652 0.079523 0.996576 -1.626500 0.000000 0.000000 0.000000 1.000000
0.999115 0.000118 -0.042062 0.000100 -0.003484 0.996792 -0.079958 13.360200 0.041917 0.080034 0.995910 -1.626500 0.000000 0.000000 0.000000 1.000000
0.998070 0.000470 -0.062103 0.000100 -0.005407 0.996832 -0.079352 13.360200 0.061869 0.079535 0.994910 -1.626500 0.000000 0.000000 0.000000 1.000000
0.996756 0.000068 -0.080485 0.000100 -0.006337 0.996961 -0.077646 13.360200 0.080235 0.077904 0.993727 -1.626500 0.000000 0.000000 0.000000 1.000000
0.995433 -0.000927 -0.095460 0.000100 -0.006326 0.997114 -0.075653 13.360200 0.095255 0.075911 0.992554 -1.626500 0.000000 0.000000 0.000000 1.000000
0.994734 -0.002435 -0.102466 0.000100 -0.005163 0.997258 -0.073823 13.360200 0.102364 0.073963 0.991993 -1.626500 0.000000 0.000000 0.000000 1.000000
0.994922 -0.005343 -0.100508 0.000100 -0.001986 0.997353 -0.072687 13.360200 0.100630 0.072517 0.992278 -1.626500 0.000000 0.000000 0.000000 1.000000
0.995512 -0.010938 -0.094006 0.000100 0.004183 0.997414 -0.071752 13.360200 0.094548 0.071036 0.992983 -1.626500 0.000000 0.000000 0.000000 1.000000
0.996264 -0.019289 -0.084181 0.000100 0.013352 0.997420 -0.070530 13.360200 0.085324 0.069142 0.993951 -1.626500 0.000000 0.000000 0.000000 1.000000
0.997258 -0.027649 -0.068639 0.000100 0.022938 0.997387 -0.068501 13.360200 0.070354 0.066739 0.995287 -1.626500 0.000000 0.000000 0.000000 1.000000
0.998509 -0.032035 -0.044195 0.000100 0.029105 0.997434 -0.065413 13.360200 0.046177 0.064029 0.996879 -1.626500 0.000000 0.000000 0.000000 1.000000
0.999453 -0.031668 -0.009500 0.000100 0.031013 0.997558 -0.062575 13.360200 0.011458 0.062246 0.997995 -1.626500 0.000000 0.000000 0.000000 1.000000
0.999129 -0.028788 0.030195 0.000100 0.030606 0.997633 -0.061577 13.360200 -0.028350 0.062447 0.997646 -1.626500 0.000000 0.000000 0.000000 1.000000
0.997526 -0.023676 0.066197 0.000100 0.027861 0.997623 -0.063030 13.360200 -0.064548 0.064718 0.995814 -1.626500 0.000000 0.000000 0.000000 1.000000
0.995551 -0.014818 0.093047 0.000100 0.020983 0.997623 -0.065636 13.360200 -0.091854 0.067296 0.993496 -1.626500 0.000000 0.000000 0.000000 1.000000
0.994031 -0.003728 0.109035 0.000100 0.011213 0.997614 -0.068119 13.360200 -0.108521 0.068935 0.991701 -1.626500 0.000000 0.000000 0.000000 1.000000
0.993040 0.005706 0.117642 0.000100 0.002690 0.997466 -0.071089 13.360200 -0.117750 0.070911 0.990508 -1.626500 0.000000 0.000000 0.000000 1.000000
0.992547 0.012398 0.121231 0.000100 -0.003433 0.997262 -0.073875 13.360200 -0.121815 0.072908 0.989871 -1.626500 0.000000 0.000000 0.000000 1.000000
0.992568 0.016859 0.120514 0.000100 -0.007761 0.997110 -0.075571 13.360200 -0.121440 0.074074 0.989831 -1.626500 0.000000 0.000000 0.000000 1.000000
0.993214 0.019301 0.114692 0.000100 -0.010513 0.996996 -0.076740 13.360200 -0.115828 0.075014 0.990433 -1.626500 0.000000 0.000000 0.000000 1.000000
0.994514 0.019835 0.102704 0.000100 -0.011970 0.996987 -0.076642 13.360200 -0.103914 0.074992 0.991755 -1.626500 0.000000 0.000000 0.000000 1.000000
0.996117 0.018603 0.086050 0.000100 -0.012141 0.997108 -0.075015 13.360200 -0.087197 0.073679 0.993463 -1.626500 0.000000 0.000000 0.000000 1.000000
0.997533 0.016469 0.068235 0.000100 -0.011477 0.997273 -0.072907 13.360200 -0.069249 0.071944 0.995002 -1.626500 0.000000 0.000000 0.000000 1.000000
0.998530 0.014165 0.052315 0.000100 -0.010460 0.997461 -0.070439 13.360200 -0.053180 0.069788 0.996143 -1.626500 0.000000 0.000000 0.000000 1.000000
0.999138 0.012491 0.039586 0.000100 -0.009785 0.997649 -0.067826 13.360200 -0.040340 0.067380 0.996912 -1.626500 0.000000 0.000000 0.000000 1.000000
0.999486 0.010865 0.030163 0.000100 -0.008900 0.997876 -0.064528 13.360200 -0.030800 0.064227 0.997460 -1.626500 0.000000 0.000000 0.000000 1.000000
0.999678 0.010195 0.023242 0.000100 -0.008759 0.998095 -0.061063 13.360200 -0.023820 0.060840 0.997863 -1.626500 0.000000 0.000000 0.000000 1.000000
0.999785 0.010157 0.018081 0.000100 -0.009083 0.998244 -0.058532 13.360200 -0.018644 0.058356 0.998122 -1.626500 0.000000 0.000000 0.000000 1.000000
0.999860 0.008800 0.014247 0.000100 -0.007962 0.998295 -0.057823 13.360200 -0.014732 0.057702 0.998225 -1.626500 0.000000 0.000000 0.000000 1.000000
0.999913 0.006780 0.011335 0.000100 -0.006102 0.998248 -0.058851 13.360200 -0.011715 0.058777 0.998202 -1.626500 0.000000 0.000000 0.000000 1.000000
0.999945 0.004940 0.009202 0.000100 -0.004379 0.998188 -0.060013 13.360200 -0.009482 0.059970 0.998155 -1.626500 0.000000 0.000000 0.000000 1.000000
0.999963 0.004203 0.007553 0.000100 -0.003728 0.998080 -0.061823 13.360200 -0.007798 0.061793 0.998059 -1.626500 0.000000 0.000000 0.000000 1.000000
0.999970 0.003833 0.006772 0.000100 -0.003398 0.998004 -0.063066 13.360200 -0.007001 0.063041 0.997986 -1.626500 0.000000 0.000000 0.000000 1.000000</float_array><technique_common><accessor source="#mixamorig_Spine2-Matrix-animation-output-transform-array" count="38" stride="16"><param type="float4x4"/></accessor></technique_common></source><source id="mixamorig_Spine2-Interpolations"><Name_array id="mixamorig_Spine2-Interpolations-array" count="38">
 LINEAR LINEAR LINEAR LINEAR LINEAR LINEAR LINEAR LINEAR LINEAR LINEAR LINEAR
LINEAR LINEAR LINEAR LINEAR LINEAR LINEAR LINEAR LINEAR LINEAR LINEAR LINEAR LINEAR
LINEAR LINEAR LINEAR LINEAR LINEAR LINEAR LINEAR LINEAR LINEAR LINEAR LINEAR LINEAR
LINEAR LINEAR LINEAR</Name_array><technique_common><accessor source="#mixamorig_Spine2-Interpolations-array" count="38"><param type="name"/></accessor></technique_common></source><sampler id="mixamorig_Spine2-Matrix-animation-transform"><input semantic="INPUT" source="#mixamorig_Spine2-Matrix-animation-input"/><input semantic="OUTPUT" source="#mixamorig_Spine2-Matrix-animation-output-transform"/><input semantic="INTERPOLATION" source="#mixamorig_Spine2-Interpolations"/></sampler><channel source="#mixamorig_Spine2-Matrix-animation-transform" target="mixamorig_Spine2/matrix"/></animation>
    <animation id="mixamorig_Neck-anim" name="mixamorig_Neck"><source id="mixamorig_Neck-Matrix-animation-input"><float_array id="mixamorig_Neck-Matrix-animation-input-array" count="38">

0.000000 0.033333 0.066667 0.100000 0.133333 0.166667 0.200000 0.233333 0.266667 0.300000 0.333333 0.366667 0.400000 0.433333 0.466667 0.500000
0.533333 0.566667 0.600000 0.633333 0.666667 0.700000 0.733333 0.766667 0.800000 0.833333 0.866667 0.900000 0.933333 0.966667 1.000000 1.033333
1.066667 1.100000 1.133333 1.166667 1.200000 1.233333</float_array><technique_common><accessor source="#mixamorig_Neck-Matrix-animation-input-array" count="38"><param name="TIME" type="float"/></accessor></technique_common></source><source id="mixamorig_Neck-Matrix-animation-output-transform"><float_array id="mixamorig_Neck-Matrix-animation-output-transform-array" count="608">

0.993745 0.092262 0.062911 0.000000 -0.080389 0.982084 -0.170439 15.032500 -0.077509 0.164315 0.983358 0.792900 0.000000 0.000000 0.000000 1.000000
0.993635 0.092621 0.064117 0.000000 -0.080629 0.982246 -0.169388 15.032500 -0.078667 0.163140 0.983462 0.792900 0.000000 0.000000 0.000000 1.000000
0.993334 0.094964 0.065337 0.000000 -0.082942 0.982465 -0.166981 15.032500 -0.080049 0.160449 0.983793 0.792900 0.000000 0.000000 0.000000 1.000000
0.992593 0.099628 0.069527 0.000000 -0.087195 0.982709 -0.163342 15.032500 -0.084598 0.156070 0.984117 0.792900 0.000000 0.000000 0.000000 1.000000
0.991436 0.105720 0.076669 0.000000 -0.092466 0.982850 -0.159547 15.032500 -0.092222 0.151091 0.984209 0.792900 0.000000 0.000000 0.000000 1.000000
0.990161 0.111232 0.084901 0.000000 -0.096974 0.982870 -0.156727 15.032500 -0.100879 0.146951 0.983986 0.792900 0.000000 0.000000 0.000000 1.000000
0.989096 0.114545 0.092568 0.000000 -0.099452 0.983080 -0.153825 15.032500 -0.108621 0.142941 0.983753 0.792900 0.000000 0.000000 0.000000 1.000000
0.988509 0.115622 0.097375 -0.000000 -0.100073 0.983346 -0.151714 15.032500 -0.113295 0.140226 0.983616 0.792900 0.000000 0.000000 0.000000 1.000000
0.988927 0.112177 0.097157 0.000000 -0.096792 0.983828 -0.150712 15.032500 -0.112492 0.139639 0.983792 0.792900 0.000000 0.000000 0.000000 1.000000
0.990425 0.103088 0.091822 0.000000 -0.088480 0.984567 -0.150993 15.032500 -0.105970 0.141423 0.984261 0.792900 0.000000 0.000000 0.000000 1.000000
0.992439 0.091547 0.081760 0.000000 -0.078254 0.985101 -0.153140 15.032500 -0.094561 0.145584 0.984816 0.792900 0.000000 0.000000 0.000000 1.000000
0.994343 0.081295 0.068361 -0.000000 -0.069801 0.985233 -0.156342 15.032500 -0.080061 0.150686 0.985334 0.792900 0.000000 0.000000 0.000000 1.000000
0.995844 0.073868 0.053282 0.000000 -0.064548 0.985115 -0.159319 15.032500 -0.064257 0.155218 0.985788 0.792900 0.000000 0.000000 0.000000 1.000000
0.996791 0.071097 0.036782 0.000000 -0.064277 0.984766 -0.161569 15.032500 -0.047709 0.158686 0.986176 0.792900 0.000000 0.000000 0.000000 1.000000
0.997204 0.072298 0.018906 -0.000000 -0.068186 0.983817 -0.165697 15.032500 -0.030580 0.163945 0.985995 0.792900 0.000000 0.000000 0.000000 1.000000
0.997201 0.074755 -0.001316 0.000000 -0.073852 0.982103 -0.173260 15.032500 -0.011659 0.172872 0.984875 0.792900 0.000000 0.000000 0.000000 1.000000
0.996699 0.078435 -0.020940 0.000000 -0.080945 0.979860 -0.182542 15.032500 0.006201 0.183634 0.982975 0.792900 0.000000 0.000000 0.000000 1.000000
0.995870 0.084466 -0.033306 -0.000000 -0.089267 0.977877 -0.189178 15.032500 0.016591 0.191369 0.981378 0.792900 0.000000 0.000000 0.000000 1.000000
0.995026 0.092059 -0.038060 0.000000 -0.097695 0.976484 -0.192185 15.032500 0.019473 0.194948 0.980620 0.792900 0.000000 0.000000 0.000000 1.000000
0.994485 0.097124 -0.039587 0.000000 -0.102967 0.975916 -0.192317 15.032500 0.019955 0.195333 0.980534 0.792900 0.000000 0.000000 0.000000 1.000000
0.994438 0.097957 -0.038697 0.000000 -0.103562 0.976332 -0.189868 15.032500 0.019182 0.192819 0.981047 0.792900 0.000000 0.000000 0.000000 1.000000
0.994827 0.094923 -0.036191 0.000000 -0.100044 0.977304 -0.186729 15.032500 0.017645 0.189383 0.981745 0.792900 0.000000 0.000000 0.000000 1.000000
0.995557 0.088172 -0.033043 0.000000 -0.092813 0.978053 -0.186544 15.032500 0.015869 0.188782 0.981891 0.792900 0.000000 0.000000 0.000000 1.000000
0.996240 0.081285 -0.029992 0.000000 -0.085507 0.978245 -0.189014 15.032500 0.013976 0.190867 0.981516 0.792900 0.000000 0.000000 0.000000 1.000000
0.996735 0.076403 -0.026123 0.000000 -0.080018 0.977962 -0.192841 15.032500 0.010814 0.194302 0.980882 0.792900 0.000000 0.000000 0.000000 1.000000
0.996912 0.075536 -0.021471 0.000000 -0.078282 0.977547 -0.195635 15.032500 0.006212 0.196712 0.980442 0.792900 0.000000 0.000000 0.000000 1.000000
0.996820 0.078090 -0.015851 -0.000000 -0.079683 0.977409 -0.195763 15.032500 0.000206 0.196404 0.980523 0.792900 0.000000 0.000000 0.000000 1.000000
0.996647 0.081355 -0.008736 -0.000000 -0.081502 0.977630 -0.193902 15.032500 -0.007234 0.193964 0.980982 0.792900 0.000000 0.000000 0.000000 1.000000
0.996521 0.083342 -0.000456 0.000000 -0.081886 0.978071 -0.191498 15.032500 -0.015514 0.190869 0.981493 0.792900 0.000000 0.000000 0.000000 1.000000
0.996476 0.083452 0.008435 0.000000 -0.080357 0.978646 -0.189194 15.032500 -0.024043 0.187850 0.981903 0.792900 0.000000 0.000000 0.000000 1.000000
0.996427 0.082569 0.017739 0.000000 -0.077821 0.979286 -0.186929 15.032500 -0.032806 0.184880 0.982213 0.792900 0.000000 0.000000 0.000000 1.000000
0.996285 0.081671 0.027321 0.000000 -0.075277 0.979968 -0.184382 15.032500 -0.041832 0.181640 0.982475 0.792900 0.000000 0.000000 0.000000 1.000000
0.995977 0.081716 0.036785 0.000000 -0.073768 0.980674 -0.181207 15.032500 -0.050882 0.177764 0.982757 0.792900 0.000000 0.000000 0.000000 1.000000
0.995535 0.082860 0.045210 0.000000 -0.073600 0.981305 -0.177829 15.032500 -0.059099 0.173707 0.983022 0.792900 0.000000 0.000000 0.000000 1.000000
0.995148 0.083947 0.051319 0.000000 -0.073749 0.981675 -0.175714 15.032500 -0.065129 0.171077 0.983103 0.792900 0.000000 0.000000 0.000000 1.000000
0.994695 0.086392 0.055850 0.000000 -0.075500 0.981832 -0.174085 15.032500 -0.069875 0.168944 0.983146 0.792900 0.000000 0.000000 0.000000 1.000000
0.994190 0.089597 0.059653 0.000000 -0.078159 0.981950 -0.172238 15.032500 -0.074008 0.166574 0.983248 0.792900 0.000000 0.000000 0.000000 1.000000
0.993745 0.092262 0.062911 -0.000000 -0.080389 0.982084 -0.170439 15.032500 -0.077509 0.164315 0.983358 0.792900 0.000000 0.000000 0.000000 1.000000</float_array><technique_common><accessor source="#mixamorig_Neck-Matrix-animation-output-transform-array" count="38" stride="16"><param type="float4x4"/></accessor></technique_common></source><source id="mixamorig_Neck-Interpolations"><Name_array id="mixamorig_Neck-Interpolations-array" count="38">
 LINEAR LINEAR LINEAR LINEAR LINEAR LINEAR LINEAR LINEAR LINEAR LINEAR LINEAR
LINEAR LINEAR LINEAR LINEAR LINEAR LINEAR LINEAR LINEAR LINEAR LINEAR LINEAR LINEAR
LINEAR LINEAR LINEAR LINEAR LINEAR LINEAR LINEAR LINEAR LINEAR LINEAR LINEAR LINEAR
LINEAR LINEAR LINEAR</Name_array><technique_common><accessor source="#mixamorig_Neck-Interpolations-array" count="38"><param type="name"/></accessor></technique_common></source><sampler id="mixamorig_Neck-Matrix-animation-transform"><input semantic="INPUT" source="#mixamorig_Neck-Matrix-animation-input"/><input semantic="OUTPUT" source="#mixamorig_Neck-Matrix-animation-output-transform"/><input semantic="INTERPOLATION" source="#mixamorig_Neck-Interpolations"/></sampler><channel source="#mixamorig_Neck-Matrix-animation-transform" target="mixamorig_Neck/matrix"/></animation>
    <animation id="mixamorig_Head-anim" name="mixamorig_Head"><source id="mixamorig_Head-Matrix-animation-input"><float_array id="mixamorig_Head-Matrix-animation-input-array" count="38">

0.000000 0.033333 0.066667 0.100000 0.133333 0.166667 0.200000 0.233333 0.266667 0.300000 0.333333 0.366667 0.400000 0.433333 0.466667 0.500000
0.533333 0.566667 0.600000 0.633333 0.666667 0.700000 0.733333 0.766667 0.800000 0.833333 0.866667 0.900000 0.933333 0.966667 1.000000 1.033333
1.066667 1.100000 1.133333 1.166667 1.200000 1.233333</float_array><technique_common><accessor source="#mixamorig_Head-Matrix-animation-input-array" count="38"><param name="TIME" type="float"/></accessor></technique_common></source><source id="mixamorig_Head-Matrix-animation-output-transform"><float_array id="mixamorig_Head-Matrix-animation-output-transform-array" count="608">

0.951259 0.087442 0.295736 -0.000000 -0.083546 0.996170 -0.025810 10.321800 -0.296861 -0.000156 0.954921 3.142400 0.000000 0.000000 0.000000 1.000000
0.949973 0.085396 0.300431 0.000000 -0.083483 0.996324 -0.019223 10.321800 -0.300969 -0.006819 0.953610 3.142400 0.000000 0.000000 0.000000 1.000000
