<?xml version="1.0" encoding="utf-8"?>
<COLLADA xmlns="http://www.collada.org/2005/11/COLLADASchema" version="1.4.1">
  <asset><contributor><author>Mixamo</author><authoring_tool>COLLADA Mixamo exporter</authoring_tool><comments></comments></contributor><created>2018-12-17T10:23:36Z</created><modified>2018-12-17T10:23:36Z</modified><revision></revision><title></title><unit meter="0.010000"/><up_axis>Y_UP</up_axis></asset>
  <library_animations>
    <animation id="mixamorig_Hips-anim" name="mixamorig_Hips"><source id="mixamorig_Hips-Matrix-animation-input"><float_array id="mixamorig_Hips-Matrix-animation-input-array" count="83">

0.000000 0.033333 0.066667 0.100000 0.133333 0.166667 0.200000 0.233333 0.266667 0.300000 0.333333 0.366667 0.400000 0.433333 0.466667 0.500000
0.533333 0.566667 0.600000 0.633333 0.666667 0.700000 0.733333 0.766667 0.800000 0.833333 0.866667 0.900000 0.933333 0.966667 1.000000 1.033333
1.066667 1.100000 1.133333 1.166667 1.200000 1.233333 1.266667 1.300000 1.333333 1.366667 1.400000 1.433333 1.466667 1.500000 1.533333 1.566667
1.600000 1.633333 1.666667 1.700000 1.733333 1.766667 1.800000 1.833333 1.866667 1.900000 1.933333 1.966667 2.000000 2.033333 2.066667 2.100000
2.133333 2.166667 2.200000 2.233333 2.266667 2.300000 2.333333 2.366667 2.400000 2.433333 2.466667 2.500000 2.533333 2.566667 2.600000 2.633333
2.666667 2.700000 2.733333</float_array><technique_common><accessor source="#mixamorig_Hips-Matrix-animation-input-array" count="83"><param name="TIME" type="float"/></accessor></technique_common></source><source id="mixamorig_Hips-Matrix-animation-output-transform"><float_array id="mixamorig_Hips-Matrix-animation-output-transform-array" count="1328">

0.637725 -0.126762 -0.759762 -0.140662 0.040041 0.990488 -0.131648 84.977005 0.769222 0.053533 0.636735 0.224428 0.000000 0.000000 0.000000 1.000000
0.649135 -0.135005 -0.748597 -0.513111 0.050278 0.989587 -0.134868 84.611053 0.759010 0.049910 0.649164 -0.396923 0.000000 0.000000 0.000000 1.000000
0.649974 -0.145549 -0.745888 -0.840031 0.060139 0.988261 -0.140439 84.301743 0.757573 0.046425 0.651098 -1.039114 0.000000 0.000000 0.000000 1.000000
0.642030 -0.157836 -0.750257 -1.119836 0.069549 0.986535 -0.148027 84.045845 0.763519 0.042859 0.644362 -1.693810 0.000000 0.000000 0.000000 1.000000
0.626864 -0.171315 -0.760061 -1.350911 0.078379 0.984444 -0.157246 83.839798 0.775177 0.038999 0.630540 -2.352464 0.000000 0.000000 0.000000 1.000000
0.605988 -0.185441 -0.773557 -1.531783 0.086514 0.982044 -0.167646 83.680855 0.790755 0.034668 0.611150 -3.006610 0.000000 0.000000 0.000000 1.000000
0.580989 -0.199677 -0.789038 -1.660974 0.093866 0.979409 -0.178737 83.565987 0.808480 0.029780 0.587769 -3.646974 0.000000 0.000000 0.000000 1.000000
0.553609 -0.213505 -0.804942 -1.737124 0.100418 0.976638 -0.189983 83.492203 0.826700 0.024345 0.562116 -4.263609 0.000000 0.000000 0.000000 1.000000
0.525778 -0.226407 -0.819938 -1.758857 0.106189 0.973857 -0.200815 83.456741 0.843968 0.018515 0.536074 -4.845612 0.000000 0.000000 0.000000 1.000000
0.499563 -0.237970 -0.832951 -1.725626 0.111311 0.971191 -0.210706 83.456924 0.859097 0.012545 0.511660 -5.381576 0.000000 0.000000 0.000000 1.000000
0.477140 -0.247846 -0.843155 -1.637389 0.116088 0.968777 -0.219079 83.490639 0.871126 0.006652 0.491014 -5.860625 0.000000 0.000000 0.000000 1.000000
0.460752 -0.255652 -0.849912 -1.493948 0.120861 0.966768 -0.225282 83.559998 0.879261 0.001078 0.476339 -6.271812 0.000000 0.000000 0.000000 1.000000
0.456320 -0.258864 -0.851329 -1.280751 0.125221 0.965908 -0.226585 83.679001 0.880961 -0.003209 0.473178 -6.599116 0.000000 0.000000 0.000000 1.000000
0.460439 -0.252195 -0.851113 -0.965017 0.125152 0.967660 -0.219024 83.846085 0.878824 -0.005672 0.477111 -6.829651 0.000000 0.000000 0.000000 1.000000
0.470629 -0.240921 -0.848803 -0.583848 0.120643 0.970536 -0.208581 83.913223 0.874045 -0.004238 0.485827 -6.939485 0.000000 0.000000 0.000000 1.000000
0.493366 -0.227799 -0.839463 -0.154252 0.110029 0.973689 -0.199557 83.970749 0.862835 0.006089 0.505449 -6.885215 0.000000 0.000000 0.000000 1.000000
0.528587 -0.221575 -0.819451 0.361587 0.103281 0.974948 -0.196999 84.056290 0.842573 0.019497 0.538230 -6.695759 0.000000 0.000000 0.000000 1.000000
0.562675 -0.220925 -0.796611 0.825270 0.109002 0.975043 -0.193417 84.123901 0.819461 0.021999 0.572713 -6.455767 0.000000 0.000000 0.000000 1.000000
0.601923 -0.221942 -0.767092 1.371923 0.111918 0.974567 -0.194151 84.080544 0.790673 0.031013 0.611453 -6.039685 0.000000 0.000000 0.000000 1.000000
0.652389 -0.232803 -0.721243 2.066144 0.114452 0.971002 -0.209895 83.905510 0.749192 0.054385 0.660116 -5.385350 0.000000 0.000000 0.000000 1.000000
0.700312 -0.255943 -0.666376 3.568260 0.123651 0.962895 -0.239882 83.404083 0.703046 0.085594 0.705974 -4.259756 0.000000 0.000000 0.000000 1.000000
0.744143 -0.282728 -0.605241 5.584165 0.135914 0.951149 -0.277207 82.841606 0.654048 0.124021 0.746217 -2.676496 0.000000 0.000000 0.000000 1.000000
0.820040 -0.250443 -0.514600 5.786063 0.127256 0.956451 -0.262691 82.353371 0.557979 0.149931 0.816199 -1.163963 0.000000 0.000000 0.000000 1.000000
0.897798 -0.202086 -0.391306 5.883452 0.117275 0.966128 -0.229875 82.347237 0.424506 0.160490 0.891088 0.414591 0.000000 0.000000 0.000000 1.000000
0.947297 -0.148429 -0.283895 5.799870 0.102375 0.979980 -0.170759 82.738686 0.303557 0.132696 0.943528 1.942780 0.000000 0.000000 0.000000 1.000000
0.984961 -0.115224 -0.128745 6.393467 0.103631 0.990221 -0.093395 83.214714 0.138248 0.078649 0.987270 3.317858 0.000000 0.000000 0.000000 1.000000
0.991784 -0.122081 0.038209 6.861799 0.121224 0.992335 0.024007 83.844467 -0.040847 -0.019178 0.998981 4.214452 0.000000 0.000000 0.000000 1.000000
0.975996 -0.158096 0.149790 6.623340 0.137603 0.980750 0.138545 84.185455 -0.168810 -0.114608 0.978963 4.268483 0.000000 0.000000 0.000000 1.000000
0.964091 -0.196458 0.178700 5.550012 0.156643 0.964029 0.214734 84.125832 -0.214458 -0.179031 0.960185 3.604333 0.000000 0.000000 0.000000 1.000000
0.964602 -0.223885 0.139348 3.623573 0.187563 0.953911 0.234252 83.506004 -0.185371 -0.199823 0.962137 3.182254 0.000000 0.000000 0.000000 1.000000
0.964688 -0.252595 0.074657 1.360229 0.231479 0.948265 0.217282 82.518852 -0.125679 -0.192327 0.973250 3.396335 0.000000 0.000000 0.000000 1.000000
0.964954 -0.255894 0.058155 -1.224231 0.241366 0.952442 0.186000 81.317795 -0.102985 -0.165445 0.980827 5.130399 0.000000 0.000000 0.000000 1.000000
0.963339 -0.251540 0.093306 -3.173689 0.236104 0.960016 0.150415 80.045219 -0.127410 -0.122870 0.984210 6.953102 0.000000 0.000000 0.000000 1.000000
0.960903 -0.247943 0.123249 -4.218240 0.235616 0.966007 0.106377 78.977386 -0.145434 -0.073178 0.986658 8.444817 0.000000 0.000000 0.000000 1.000000
0.957334 -0.235424 0.167591 -4.999113 0.226660 0.971462 0.069910 78.203972 -0.179267 -0.028941 0.983375 9.486664 0.000000 0.000000 0.000000 1.000000
0.951226 -0.212964 0.223194 -5.494108 0.209781 0.977003 0.038162 77.672539 -0.226188 0.010521 0.974027 10.346522 0.000000 0.000000 0.000000 1.000000
0.947944 -0.185187 0.259053 -5.567874 0.192031 0.981388 -0.001136 77.364502 -0.254022 0.050823 0.965862 10.880090 0.000000 0.000000 0.000000 1.000000
0.946895 -0.161226 0.278200 -5.472734 0.177964 0.983385 -0.035822 77.174706 -0.267802 0.083429 0.959855 10.904334 0.000000 0.000000 0.000000 1.000000
0.949848 -0.144289 0.277435 -5.368610 0.166023 0.984509 -0.056384 77.212540 -0.265001 0.099617 0.959088 10.531617 0.000000 0.000000 0.000000 1.000000
0.956088 -0.135727 0.259756 -5.299884 0.157571 0.985359 -0.065108 77.508102 -0.247116 0.103179 0.963477 10.143806 0.000000 0.000000 0.000000 1.000000
0.963633 -0.135048 0.230596 -5.248333 0.153765 0.985958 -0.065141 78.012360 -0.218561 0.098230 0.970867 9.651325 0.000000 0.000000 0.000000 1.000000
0.974593 -0.133529 0.179831 -5.179079 0.144928 0.988088 -0.051755 78.592957 -0.170778 0.076502 0.982335 8.611710 0.000000 0.000000 0.000000 1.000000
0.987679 -0.127943 0.090118 -4.672339 0.130452 0.991199 -0.022497 79.140900 -0.086447 0.033976 0.995677 7.125156 0.000000 0.000000 0.000000 1.000000
0.993407 -0.113879 -0.013159 -3.894410 0.114171 0.993168 0.024124 79.656021 0.010322 -0.025468 0.999622 5.393456 0.000000 0.000000 0.000000 1.000000
0.985702 -0.083779 -0.146191 -2.713816 0.096013 0.992261 0.078731 80.419281 0.138464 -0.091642 0.986118 3.483082 0.000000 0.000000 0.000000 1.000000
0.944202 -0.047772 -0.325883 -1.137748 0.085818 0.990932 0.103384 81.302979 0.317989 -0.125582 0.939740 1.626615 0.000000 0.000000 0.000000 1.000000
0.815112 -0.001148 -0.579302 0.628854 0.099830 0.985316 0.138515 82.492508 0.570637 -0.170737 0.803257 0.699375 0.000000 0.000000 0.000000 1.000000
0.610938 0.038202 -0.790756 2.879795 0.115783 0.983784 0.136981 83.708664 0.783166 -0.175244 0.596608 0.633375 0.000000 0.000000 0.000000 1.000000
0.363749 0.067085 -0.929078 4.683004 0.118295 0.986001 0.117509 84.484077 0.923955 -0.152649 0.350721 1.177833 0.000000 0.000000 0.000000 1.000000
0.117497 0.076156 -0.990149 5.700791 0.104661 0.990553 0.088607 84.504761 0.987543 -0.114041 0.108416 1.836033 0.000000 0.000000 0.000000 1.000000
-0.007890 0.104409 -0.994503 6.647963 0.082304 0.991228 0.103412 83.559998 0.996576 -0.081035 -0.016414 2.137598 0.000000 0.000000 0.000000 1.000000
0.008642 0.127808 -0.991761 7.886489 0.055732 0.990195 0.128092 82.028366 0.998408 -0.056380 0.001434 2.502326 0.000000 0.000000 0.000000 1.000000
0.087104 0.067138 -0.993934 8.726909 -0.028862 0.997478 0.064848 80.734077 0.995781 0.023039 0.088822 3.173092 0.000000 0.000000 0.000000 1.000000
0.156834 -0.080957 -0.984301 8.756926 -0.092929 0.991003 -0.096315 79.452736 0.983243 0.106575 0.147900 2.924960 0.000000 0.000000 0.000000 1.000000
0.195514 -0.195910 -0.960934 7.454303 -0.063261 0.975284 -0.211707 78.760361 0.978659 0.102181 0.178288 1.902155 0.000000 0.000000 0.000000 1.000000
0.206503 -0.259899 -0.943297 5.632321 0.013275 0.964732 -0.262899 78.148499 0.978356 0.041767 0.202670 0.120916 0.000000 0.000000 0.000000 1.000000
0.223018 -0.323469 -0.919582 4.518890 0.051862 0.945942 -0.320163 77.484070 0.973434 0.023711 0.227737 -1.086913 0.000000 0.000000 0.000000 1.000000
0.218320 -0.317828 -0.922671 4.167326 0.053188 0.947949 -0.313950 76.995827 0.974427 0.019467 0.223860 -2.317934 0.000000 0.000000 0.000000 1.000000
0.191591 -0.305377 -0.932758 4.406746 0.033150 0.951835 -0.304814 76.682434 0.980915 0.027479 0.192486 -3.136688 0.000000 0.000000 0.000000 1.000000
0.160635 -0.306036 -0.938370 4.786496 0.005077 0.950960 -0.309273 76.737000 0.987001 0.044915 0.154311 -3.757710 0.000000 0.000000 0.000000 1.000000
0.121484 -0.305490 -0.944414 4.951652 -0.010875 0.950994 -0.309017 76.977379 0.992534 0.047811 0.112209 -4.172772 0.000000 0.000000 0.000000 1.000000
0.076819 -0.294937 -0.952424 4.984323 -0.034043 0.953914 -0.298144 77.400009 0.996464 0.055327 0.063238 -4.026110 0.000000 0.000000 0.000000 1.000000
0.045649 -0.280350 -0.958812 4.919392 -0.042769 0.958384 -0.282261 77.912888 0.998042 0.053893 0.031759 -3.504064 0.000000 0.000000 0.000000 1.000000
0.025025 -0.263502 -0.964334 4.731568 -0.041916 0.963511 -0.264365 78.449059 0.998808 0.047037 0.013067 -2.905344 0.000000 0.000000 0.000000 1.000000
0.022009 -0.244009 -0.969523 4.527201 -0.039057 0.968808 -0.244715 78.998299 0.998995 0.043252 0.011792 -2.201950 0.000000 0.000000 0.000000 1.000000
0.032424 -0.225472 -0.973710 4.394485 -0.035536 0.973346 -0.226571 79.574478 0.998842 0.041949 0.023547 -1.383055 0.000000 0.000000 0.000000 1.000000
0.051585 -0.208795 -0.976598 4.348263 -0.032064 0.977050 -0.210585 80.156593 0.998154 0.042177 0.043706 -0.607935 0.000000 0.000000 0.000000 1.000000
0.077971 -0.193515 -0.977994 4.377665 -0.024877 0.980297 -0.195954 80.781921 0.996645 0.039608 0.071621 0.142219 0.000000 0.000000 0.000000 1.000000
0.112904 -0.179381 -0.977279 4.431121 -0.014826 0.983155 -0.182172 81.400391 0.993495 0.035057 0.108343 0.839270 0.000000 0.000000 0.000000 1.000000
0.152005 -0.164292 -0.974629 4.474781 -0.003968 0.985979 -0.166824 81.972458 0.988372 0.029225 0.149222 1.461004 0.000000 0.000000 0.000000 1.000000
0.198863 -0.151750 -0.968207 4.443421 0.003718 0.988049 -0.154096 82.503937 0.980020 0.027045 0.197050 1.936212 0.000000 0.000000 0.000000 1.000000
0.255577 -0.136984 -0.957035 4.367171 0.008749 0.990198 -0.139394 83.024216 0.966749 0.027253 0.254270 2.256296 0.000000 0.000000 0.000000 1.000000
0.317262 -0.128006 -0.939659 4.239094 0.014554 0.991389 -0.130138 83.529022 0.948226 0.027612 0.316393 2.444215 0.000000 0.000000 0.000000 1.000000
0.376096 -0.120433 -0.918721 4.052398 0.017593 0.992267 -0.122871 84.078880 0.926414 0.030048 0.375307 2.599983 0.000000 0.000000 0.000000 1.000000
0.427679 -0.112013 -0.896964 3.832283 0.016216 0.993084 -0.116284 84.588425 0.903785 0.035187 0.426537 2.695768 0.000000 0.000000 0.000000 1.000000
0.471583 -0.107001 -0.875306 3.528760 0.017465 0.993550 -0.112046 85.017967 0.881648 0.037552 0.470410 2.728892 0.000000 0.000000 0.000000 1.000000
0.509066 -0.104285 -0.854386 3.101906 0.019102 0.993758 -0.109914 85.380257 0.860515 0.039633 0.507881 2.774613 0.000000 0.000000 0.000000 1.000000
0.540799 -0.104976 -0.834576 2.511271 0.021957 0.993606 -0.110751 85.620995 0.840865 0.041569 0.539646 2.733589 0.000000 0.000000 0.000000 1.000000
0.567601 -0.106876 -0.816337 1.960432 0.024926 0.993315 -0.112715 85.769913 0.822926 0.043629 0.566471 2.491070 0.000000 0.000000 0.000000 1.000000
0.590097 -0.110334 -0.799757 1.521787 0.028330 0.992837 -0.116068 85.788246 0.806835 0.045834 0.588996 2.086935 0.000000 0.000000 0.000000 1.000000
0.608912 -0.115026 -0.784853 1.007778 0.032072 0.992191 -0.120531 85.659172 0.792589 0.048221 0.607846 1.564577 0.000000 0.000000 0.000000 1.000000
0.624613 -0.120613 -0.771564 0.388766 0.036022 0.991399 -0.125818 85.387238 0.780103 0.050794 0.623586 0.976352 0.000000 0.000000 0.000000 1.000000
0.637725 -0.126762 -0.759762 -0.140657 0.040041 0.990488 -0.131648 84.976997 0.769222 0.053533 0.636735 0.224433 0.000000 0.000000 0.000000 1.000000</float_array><technique_common><accessor source="#mixamorig_Hips-Matrix-animation-output-transform-array" count="83" stride="16"><param type="float4x4"/></accessor></technique_common></source><source id="mixamorig_Hips-Interpolations"><Name_array id="mixamorig_Hips-Interpolations-array" count="83">
 LINEAR LINEAR LINEAR LINEAR LINEAR LINEAR LINEAR LINEAR LINEAR LINEAR LINEAR
LINEAR LINEAR LINEAR LINEAR LINEAR LINEAR LINEAR LINEAR LINEAR LINEAR LINEAR LINEAR
LINEAR LINEAR LINEAR LINEAR LINEAR LINEAR LINEAR LINEAR LINEAR LINEAR LINEAR LINEAR
LINEAR LINEAR LINEAR LINEAR LINEAR LINEAR LINEAR LINEAR LINEAR LINEAR LINEAR LINEAR
LINEAR LINEAR LINEAR LINEAR LINEAR LINEAR LINEAR LINEAR LINEAR LINEAR LINEAR LINEAR
LINEAR LINEAR LINEAR LINEAR LINEAR LINEAR LINEAR LINEAR LINEAR LINEAR LINEAR LINEAR
LINEAR LINEAR LINEAR LINEAR LINEAR LINEAR LINEAR LINEAR LINEAR LINEAR LINEAR LINEAR</Name_array><technique_common><accessor source="#mixamorig_Hips-Interpolations-array" count="83"><param type="name"/></accessor></technique_common></source><sampler id="mixamorig_Hips-Matrix-animation-transform"><input semantic="INPUT" source="#mixamorig_Hips-Matrix-animation-input"/><input semantic="OUTPUT" source="#mixamorig_Hips-Matrix-animation-output-transform"/><input semantic="INTERPOLATION" source="#mixamorig_Hips-Interpolations"/></sampler><channel source="#mixamorig_Hips-Matrix-animation-transform" target="mixamorig_Hips/matrix"/></animation>
    <animation id="mixamorig_Spine-anim" name="mixamorig_Spine"><source id="mixamorig_Spine-Matrix-animation-input"><float_array id="mixamorig_Spine-Matrix-animation-input-array" count="83">

0.000000 0.033333 0.066667 0.100000 0.133333 0.166667 0.200000 0.233333 0.266667 0.300000 0.333333 0.366667 0.400000 0.433333 0.466667 0.500000
0.533333 0.566667 0.600000 0.633333 0.666667 0.700000 0.733333 0.766667 0.800000 0.833333 0.866667 0.900000 0.933333 0.966667 1.000000 1.033333
1.066667 1.100000 1.133333 1.166667 1.200000 1.233333 1.266667 1.300000 1.333333 1.366667 1.400000 1.433333 1.466667 1.500000 1.533333 1.566667
1.600000 1.633333 1.666667 1.700000 1.733333 1.766667 1.800000 1.833333 1.866667 1.900000 1.933333 1.966667 2.000000 2.033333 2.066667 2.100000
2.133333 2.166667 2.200000 2.233333 2.266667 2.300000 2.333333 2.366667 2.400000 2.433333 2.466667 2.500000 2.533333 2.566667 2.600000 2.633333
2.666667 2.700000 2.733333</float_array><technique_common><accessor source="#mixamorig_Spine-Matrix-animation-input-array" count="83"><param name="TIME" type="float"/></accessor></technique_common></source><source id="mixamorig_Spine-Matrix-animation-output-transform"><float_array id="mixamorig_Spine-Matrix-animation-output-transform-array" count="1328">

0.998197 0.034942 0.048803 0.000000 -0.025062 0.981447 -0.190087 9.923500 -0.054540 0.188521 0.980554 -1.227300 0.000000 0.000000 0.000000 1.000000
0.998127 0.035530 0.049798 -0.000000 -0.025528 0.981693 -0.188754 9.923500 -0.055593 0.187129 0.980761 -1.227300 0.000000 0.000000 0.000000 1.000000
0.998066 0.036192 0.050540 0.000000 -0.026096 0.981865 -0.187775 9.923500 -0.056420 0.186093 0.980911 -1.227300 0.000000 0.000000 0.000000 1.000000
0.997994 0.037185 0.051237 0.000000 -0.026956 0.981883 -0.187563 9.923500 -0.057283 0.185806 0.980915 -1.227300 0.000000 0.000000 0.000000 1.000000
0.997886 0.038558 0.052318 -0.000000 -0.028082 0.981779 -0.187938 9.923500 -0.058612 0.186072 0.980786 -1.227300 0.000000 0.000000 0.000000 1.000000
0.997794 0.039502 0.053357 -0.000000 -0.028827 0.981786 -0.187790 9.923500 -0.059804 0.185838 0.980759 -1.227300 0.000000 0.000000 0.000000 1.000000
0.997728 0.040560 0.053794 0.000000 -0.029815 0.981846 -0.187320 9.923500 -0.060415 0.185291 0.980825 -1.227300 0.000000 0.000000 0.000000 1.000000
0.997725 0.041582 0.053060 0.000000 -0.030960 0.981822 -0.187264 9.923500 -0.059882 0.185196 0.980875 -1.227300 0.000000 0.000000 0.000000 1.000000
0.997801 0.042018 0.051258 0.000000 -0.031822 0.982108 -0.185613 9.923500 -0.058140 0.183573 0.981285 -1.227300 0.000000 0.000000 0.000000 1.000000
0.997995 0.042921 0.046517 0.000000 -0.033762 0.982655 -0.182346 9.923500 -0.053537 0.180410 0.982133 -1.227300 0.000000 0.000000 0.000000 1.000000
0.998462 0.042019 0.036163 -0.000000 -0.034849 0.983041 -0.180046 9.923500 -0.043115 0.178509 0.982993 -1.227300 0.000000 0.000000 0.000000 1.000000
0.999064 0.036847 0.022671 0.000000 -0.032169 0.983105 -0.180194 9.923500 -0.028928 0.179296 0.983370 -1.227300 0.000000 0.000000 0.000000 1.000000
0.999518 0.030533 0.005630 0.000000 -0.029006 0.982976 -0.181431 9.923500 -0.011074 0.181180 0.983388 -1.227300 0.000000 0.000000 0.000000 1.000000
0.999684 0.021812 -0.012534 0.000000 -0.023750 0.982569 -0.184377 9.923500 0.008294 0.184616 0.982776 -1.227300 0.000000 0.000000 0.000000 1.000000
0.999475 0.011116 -0.030445 -0.000000 -0.016657 0.981971 -0.188294 9.923500 0.027803 0.188702 0.981641 -1.227300 0.000000 0.000000 0.000000 1.000000
0.998798 -0.002121 -0.048968 0.000000 -0.007362 0.981239 -0.192654 9.923500 0.048458 0.192783 0.980044 -1.227300 0.000000 0.000000 0.000000 1.000000
0.997641 -0.016016 -0.066752 -0.000000 0.002581 0.980467 -0.196665 9.923500 0.068598 0.196029 0.978196 -1.227300 0.000000 0.000000 0.000000 1.000000
0.996348 -0.027805 -0.080735 -0.000000 0.011081 0.979605 -0.200626 9.923500 0.084667 0.198998 0.976336 -1.227300 0.000000 0.000000 0.000000 1.000000
0.994915 -0.040050 -0.092408 -0.000000 0.020478 0.978810 -0.203742 9.923500 0.098610 0.200813 0.974654 -1.227300 0.000000 0.000000 0.000000 1.000000
0.993379 -0.052046 -0.102415 0.000000 0.030102 0.978265 -0.205164 9.923500 0.110867 0.200723 0.973354 -1.227300 0.000000 0.000000 0.000000 1.000000
0.992577 -0.058091 -0.106849 0.000000 0.036028 0.979564 -0.197880 9.923500 0.116160 0.192562 0.974385 -1.227300 0.000000 0.000000 0.000000 1.000000
0.993756 -0.054743 -0.097222 0.000000 0.037374 0.984346 -0.172240 9.923500 0.105129 0.167531 0.980246 -1.227300 0.000000 0.000000 0.000000 1.000000
0.991606 -0.080809 -0.100929 0.000000 0.060111 0.979263 -0.193470 9.923500 0.114470 0.185780 0.975901 -1.227300 0.000000 0.000000 0.000000 1.000000
0.990999 -0.100317 -0.088639 -0.000000 0.079860 0.974440 -0.209973 9.923500 0.107437 0.201005 0.973681 -1.227300 0.000000 0.000000 0.000000 1.000000
0.991335 -0.114992 -0.063504 0.000000 0.097464 0.967980 -0.231334 9.923500 0.088072 0.223140 0.970800 -1.227300 0.000000 0.000000 0.000000 1.000000
0.991771 -0.123633 -0.033237 0.000000 0.111884 0.963214 -0.244338 9.923500 0.062223 0.238609 0.969120 -1.227300 0.000000 0.000000 0.000000 1.000000
0.992103 -0.125404 0.002353 0.000000 0.121722 0.958102 -0.259275 9.923500 0.030259 0.257514 0.965801 -1.227300 0.000000 0.000000 0.000000 1.000000
0.991427 -0.122564 0.045291 -0.000000 0.130310 0.952971 -0.273617 9.923500 -0.009625 0.277173 0.960772 -1.227300 0.000000 0.000000 0.000000 1.000000
0.989029 -0.114096 0.093831 -0.000000 0.136798 0.947125 -0.290243 9.923500 -0.055754 0.299895 0.952342 -1.227300 0.000000 0.000000 0.000000 1.000000
0.985196 -0.100903 0.138591 0.000000 0.139496 0.941768 -0.305962 9.923500 -0.099648 0.320766 0.941902 -1.227300 0.000000 0.000000 0.000000 1.000000
0.980533 -0.078971 0.179776 0.000000 0.133419 0.939700 -0.314902 9.923500 -0.144068 0.332758 0.931943 -1.227300 0.000000 0.000000 0.000000 1.000000
0.972756 -0.058870 0.224230 0.000000 0.128320 0.942270 -0.309291 9.923500 -0.193077 0.329638 0.924154 -1.227300 0.000000 0.000000 0.000000 1.000000
0.964027 -0.048046 0.261427 0.000000 0.128112 0.945737 -0.298611 9.923500 -0.232894 0.321361 0.917871 -1.227300 0.000000 0.000000 0.000000 1.000000
0.957978 -0.037999 0.284313 -0.000000 0.120675 0.952592 -0.279295 9.923500 -0.260222 0.301868 0.917148 -1.227300 0.000000 0.000000 0.000000 1.000000
0.956068 -0.030169 0.291590 0.000000 0.106344 0.962626 -0.249084 9.923500 -0.273177 0.269150 0.923543 -1.227300 0.000000 0.000000 0.000000 1.000000
0.955946 -0.025814 0.292406 0.000000 0.089982 0.973940 -0.208191 9.923500 -0.279412 0.225331 0.933357 -1.227300 0.000000 0.000000 0.000000 1.000000
0.955947 -0.021118 0.292779 -0.000000 0.073032 0.983156 -0.167541 9.923500 -0.284310 0.181543 0.941387 -1.227300 0.000000 0.000000 0.000000 1.000000
0.957180 -0.015719 0.289066 0.000000 0.056645 0.989393 -0.133766 9.923500 -0.283897 0.144413 0.947918 -1.227300 0.000000 0.000000 0.000000 1.000000
0.959319 -0.009519 0.282165 -0.000000 0.043811 0.992344 -0.115474 9.923500 -0.278905 0.123138 0.952391 -1.227300 0.000000 0.000000 0.000000 1.000000
0.962072 -0.002110 0.272787 0.000000 0.033967 0.993115 -0.112112 9.923500 -0.270672 0.117126 0.955520 -1.227300 0.000000 0.000000 0.000000 1.000000
0.965801 0.003051 0.259266 0.000000 0.027361 0.993149 -0.113611 9.923500 -0.257836 0.116819 0.959101 -1.227300 0.000000 0.000000 0.000000 1.000000
0.970434 0.002906 0.241350 0.000000 0.025813 0.992944 -0.115744 9.923500 -0.239984 0.118552 0.963511 -1.227300 0.000000 0.000000 0.000000 1.000000
0.974946 -0.002780 0.222422 0.000000 0.029857 0.992509 -0.118469 9.923500 -0.220427 0.122142 0.967726 -1.227300 0.000000 0.000000 0.000000 1.000000
0.980338 -0.014799 0.196770 0.000000 0.040264 0.991207 -0.126049 9.923500 -0.193175 0.131494 0.972313 -1.227300 0.000000 0.000000 0.000000 1.000000
0.985756 -0.033458 0.164823 -0.000000 0.056469 0.988965 -0.136968 9.923500 -0.158421 0.144324 0.976767 -1.227300 0.000000 0.000000 0.000000 1.000000
0.989711 -0.049263 0.134335 -0.000000 0.069431 0.986267 -0.149853 9.923500 -0.125109 0.157638 0.979540 -1.227300 0.000000 0.000000 0.000000 1.000000
0.992090 -0.059055 0.110767 0.000000 0.077610 0.982121 -0.171505 9.923500 -0.098659 0.178745 0.978936 -1.227300 0.000000 0.000000 0.000000 1.000000
0.994288 -0.066926 0.083141 -0.000000 0.081134 0.980064 -0.181359 9.923500 -0.069346 0.187069 0.979896 -1.227300 0.000000 0.000000 0.000000 1.000000
0.995828 -0.071582 0.056586 0.000000 0.080768 0.980048 -0.181610 9.923500 -0.042457 0.185423 0.981741 -1.227300 0.000000 0.000000 0.000000 1.000000
0.996446 -0.074438 0.039422 0.000000 0.080592 0.978620 -0.189227 9.923500 -0.024494 0.191732 0.981142 -1.227300 0.000000 0.000000 0.000000 1.000000
0.997152 -0.074328 0.012767 0.000000 0.075362 0.975611 -0.206165 9.923500 0.002869 0.206540 0.978434 -1.227300 0.000000 0.000000 0.000000 1.000000
0.997677 -0.064630 -0.021547 0.000000 0.058377 0.974055 -0.218651 9.923500 0.035119 0.216885 0.975565 -1.227300 0.000000 0.000000 0.000000 1.000000
0.996028 -0.070402 -0.054509 0.000000 0.056325 0.972348 -0.226644 9.923500 0.068958 0.222674 0.972451 -1.227300 0.000000 0.000000 0.000000 1.000000
0.993140 -0.076786 -0.088182 -0.000000 0.054463 0.971131 -0.232246 9.923500 0.103469 0.225851 0.968651 -1.227300 0.000000 0.000000 0.000000 1.000000
0.991782 -0.069689 -0.107293 -0.000000 0.041569 0.968656 -0.244904 9.923500 0.120997 0.238432 0.963592 -1.227300 0.000000 0.000000 0.000000 1.000000
0.990682 -0.066338 -0.118948 0.000000 0.033481 0.965182 -0.259429 9.923500 0.132017 0.253029 0.958409 -1.227300 0.000000 0.000000 0.000000 1.000000
0.988682 -0.072959 -0.131090 -0.000000 0.036848 0.965112 -0.259231 9.923500 0.145430 0.251467 0.956878 -1.227300 0.000000 0.000000 0.000000 1.000000
0.987050 -0.073506 -0.142580 -0.000000 0.032882 0.962673 -0.268663 9.923500 0.157006 0.260496 0.952623 -1.227300 0.000000 0.000000 0.000000 1.000000
0.987104 -0.076668 -0.140529 0.000000 0.035784 0.961318 -0.273108 9.923500 0.156031 0.264557 0.951664 -1.227300 0.000000 0.000000 0.000000 1.000000
0.987621 -0.080113 -0.134858 -0.000000 0.040978 0.961658 -0.271173 9.923500 0.151412 0.262290 0.953036 -1.227300 0.000000 0.000000 0.000000 1.000000
0.987769 -0.076642 -0.135786 0.000000 0.038150 0.963182 -0.266129 9.923500 0.151183 0.257694 0.954326 -1.227300 0.000000 0.000000 0.000000 1.000000
0.987937 -0.075233 -0.135355 -0.000000 0.037537 0.964332 -0.262021 9.923500 0.150240 0.253779 0.955523 -1.227300 0.000000 0.000000 0.000000 1.000000
0.987847 -0.072314 -0.137585 0.000000 0.034818 0.965640 -0.257542 9.923500 0.151481 0.249622 0.956422 -1.227300 0.000000 0.000000 0.000000 1.000000
0.988430 -0.066378 -0.136384 0.000000 0.030080 0.967082 -0.252681 9.923500 0.148667 0.245655 0.957889 -1.227300 0.000000 0.000000 0.000000 1.000000
0.989740 -0.061706 -0.128869 0.000000 0.028043 0.968287 -0.248262 9.923500 0.140101 0.242101 0.960083 -1.227300 0.000000 0.000000 0.000000 1.000000
0.991554 -0.056601 -0.116688 0.000000 0.026689 0.969536 -0.243490 9.923500 0.126915 0.238319 0.962859 -1.227300 0.000000 0.000000 0.000000 1.000000
0.993605 -0.050830 -0.100823 0.000000 0.025499 0.970885 -0.238184 9.923500 0.109994 0.234090 0.965973 -1.227300 0.000000 0.000000 0.000000 1.000000
0.995756 -0.042897 -0.081423 0.000000 0.022899 0.972387 -0.232250 9.923500 0.089137 0.229400 0.969242 -1.227300 0.000000 0.000000 0.000000 1.000000
0.997588 -0.033944 -0.060555 0.000000 0.019406 0.973885 -0.226209 9.923500 0.066652 0.224488 0.972195 -1.227300 0.000000 0.000000 0.000000 1.000000
0.998895 -0.023708 -0.040579 0.000000 0.014152 0.975094 -0.221340 9.923500 0.044815 0.220522 0.974352 -1.227300 0.000000 0.000000 0.000000 1.000000
0.999667 -0.013780 -0.021799 0.000000 0.008746 0.976337 -0.216077 9.923500 0.024260 0.215815 0.976133 -1.227300 0.000000 0.000000 0.000000 1.000000
0.999972 -0.004151 -0.006157 0.000000 0.002748 0.977160 -0.212488 9.923500 0.006898 0.212465 0.977144 -1.227300 0.000000 0.000000 0.000000 1.000000
0.999971 0.003969 0.006442 0.000000 -0.002544 0.978160 -0.207836 9.923500 -0.007126 0.207813 0.978143 -1.227300 0.000000 0.000000 0.000000 1.000000
0.999780 0.011161 0.017753 0.000000 -0.007309 0.978982 -0.203814 9.923500 -0.019655 0.203639 0.978849 -1.227300 0.000000 0.000000 0.000000 1.000000
0.999559 0.015790 0.025153 0.000000 -0.010436 0.979680 -0.200293 9.923500 -0.027805 0.199942 0.979413 -1.227300 0.000000 0.000000 0.000000 1.000000
0.999343 0.017739 0.031604 0.000000 -0.011173 0.980350 -0.196950 9.923500 -0.034476 0.196467 0.979904 -1.227300 0.000000 0.000000 0.000000 1.000000
0.999163 0.020286 0.035521 0.000000 -0.012990 0.980770 -0.194733 9.923500 -0.038789 0.194108 0.980213 -1.227300 0.000000 0.000000 0.000000 1.000000
0.998965 0.023170 0.039148 0.000000 -0.015195 0.981095 -0.192928 9.923500 -0.042878 0.192134 0.980432 -1.227300 0.000000 0.000000 0.000000 1.000000
0.998750 0.026055 0.042645 -0.000000 -0.017443 0.981413 -0.191114 9.923500 -0.046832 0.190131 0.980641 -1.227300 0.000000 0.000000 0.000000 1.000000
0.998474 0.029674 0.046570 0.000000 -0.020311 0.981577 -0.189987 9.923500 -0.051349 0.188751 0.980682 -1.227300 0.000000 0.000000 0.000000 1.000000
0.998299 0.031888 0.048816 0.000000 -0.022151 0.981844 -0.188390 9.923500 -0.053937 0.186989 0.980880 -1.227300 0.000000 0.000000 0.000000 1.000000
0.998201 0.033508 0.049714 -0.000000 -0.023541 0.981696 -0.188996 9.923500 -0.055136 0.187486 0.980719 -1.227300 0.000000 0.000000 0.000000 1.000000
0.998197 0.034941 0.048803 -0.000000 -0.025061 0.981447 -0.190087 9.923500 -0.054540 0.188521 0.980553 -1.227300 0.000000 0.000000 0.000000 1.000000</float_array><technique_common><accessor source="#mixamorig_Spine-Matrix-animation-output-transform-array" count="83" stride="16"><param type="float4x4"/></accessor></technique_common></source><source id="mixamorig_Spine-Interpolations"><Name_array id="mixamorig_Spine-Interpolations-array" count="83">
 LINEAR LINEAR LINEAR LINEAR LINEAR LINEAR LINEAR LINEAR LINEAR LINEAR LINEAR
LINEAR LINEAR LINEAR LINEAR LINEAR LINEAR LINEAR LINEAR LINEAR LINEAR LINEAR LINEAR
LINEAR LINEAR LINEAR LINEAR LINEAR LINEAR LINEAR LINEAR LINEAR LINEAR LINEAR LINEAR
LINEAR LINEAR LINEAR LINEAR LINEAR LINEAR LINEAR LINEAR LINEAR LINEAR LINEAR LINEAR
LINEAR LINEAR LINEAR LINEAR LINEAR LINEAR LINEAR LINEAR LINEAR LINEAR LINEAR LINEAR
LINEAR LINEAR LINEAR LINEAR LINEAR LINEAR LINEAR LINEAR LINEAR LINEAR LINEAR LINEAR
LINEAR LINEAR LINEAR LINEAR LINEAR LINEAR LINEAR LINEAR LINEAR LINEAR LINEAR LINEAR</Name_array><technique_common><accessor source="#mixamorig_Spine-Interpolations-array" count="83"><param type="name"/></accessor></technique_common></source><sampler id="mixamorig_Spine-Matrix-animation-transform"><input semantic="INPUT" source="#mixamorig_Spine-Matrix-animation-input"/><input semantic="OUTPUT" source="#mixamorig_Spine-Matrix-animation-output-transform"/><input semantic="INTERPOLATION" source="#mixamorig_Spine-Interpolations"/></sampler><channel source="#mixamorig_Spine-Matrix-animation-transform" target="mixamorig_Spine/matrix"/></animation>
    <animation id="mixamorig_Spine1-anim" name="mixamorig_Spine1"><source id="mixamorig_Spine1-Matrix-animation-input"><float_array id="mixamorig_Spine1-Matrix-animation-input-array" count="83">

0.000000 0.033333 0.066667 0.100000 0.133333 0.166667 0.200000 0.233333 0.266667 0.300000 0.333333 0.366667 0.400000 0.433333 0.466667 0.500000
0.533333 0.566667 0.600000 0.633333 0.666667 0.700000 0.733333 0.766667 0.800000 0.833333 0.866667 0.900000 0.933333 0.966667 1.000000 1.033333
1.066667 1.100000 1.133333 1.166667 1.200000 1.233333 1.266667 1.300000 1.333333 1.366667 1.400000 1.433333 1.466667 1.500000 1.533333 1.566667
1.600000 1.633333 1.666667 1.700000 1.733333 1.766667 1.800000 1.833333 1.866667 1.900000 1.933333 1.966667 2.000000 2.033333 2.066667 2.100000
2.133333 2.166667 2.200000 2.233333 2.266667 2.300000 2.333333 2.366667 2.400000 2.433333 2.466667 2.500000 2.533333 2.566667 2.600000 2.633333
2.666667 2.700000 2.733333</float_array><technique_common><accessor source="#mixamorig_Spine1-Matrix-animation-input-array" count="83"><param name="TIME" type="float"/></accessor></technique_common></source><source id="mixamorig_Spine1-Matrix-animation-output-transform"><float_array id="mixamorig_Spine1-Matrix-animation-output-transform-array" count="1328">

0.992503 0.074360 0.097002 -0.000100 -0.064009 0.992328 -0.105775 11.645400 -0.104123 0.098773 0.989648 -1.422300 0.000000 0.000000 0.000000 1.000000
0.992237 0.075505 0.098816 -0.000100 -0.065246 0.992516 -0.103223 11.645400 -0.105870 0.095974 0.989738 -1.422300 0.000000 0.000000 0.000000 1.000000
0.992103 0.076523 0.099376 -0.000100 -0.066404 0.992625 -0.101419 11.645400 -0.106404 0.094019 0.989868 -1.422300 0.000000 0.000000 0.000000 1.000000
0.992009 0.077969 0.099194 -0.000100 -0.067889 0.992544 -0.101229 11.645400 -0.106347 0.093686 0.989906 -1.422300 0.000000 0.000000 0.000000 1.000000
0.991840 0.080027 0.099248 -0.000100 -0.069825 0.992298 -0.102320 11.645400 -0.106672 0.094555 0.989788 -1.422300 0.000000 0.000000 0.000000 1.000000
0.991785 0.081131 0.098896 -0.000100 -0.070963 0.992218 -0.102316 11.645400 -0.106428 0.094458 0.989824 -1.422300 0.000000 0.000000 0.000000 1.000000
0.991855 0.082397 0.097126 -0.000100 -0.072468 0.992175 -0.101672 11.645400 -0.104744 0.093805 0.990065 -1.422300 0.000000 0.000000 0.000000 1.000000
0.992167 0.083518 0.092894 -0.000100 -0.073975 0.992049 -0.101814 11.645400 -0.100659 0.094145 0.990457 -1.422300 0.000000 0.000000 0.000000 1.000000
0.992727 0.083589 0.086643 -0.000100 -0.074945 0.992298 -0.098626 11.645400 -0.094219 0.091415 0.991346 -1.422300 0.000000 0.000000 0.000000 1.000000
0.993307 0.086988 0.075988 -0.000100 -0.079842 0.992507 -0.092495 11.645400 -0.083465 0.085809 0.992809 -1.422300 0.000000 0.000000 0.000000 1.000000
0.994262 0.090652 0.056795 -0.000100 -0.085434 0.992415 -0.088390 11.645400 -0.064377 0.083030 0.994465 -1.422300 0.000000 0.000000 0.000000 1.000000
0.995472 0.088830 0.033823 -0.000100 -0.085534 0.992364 -0.088865 11.645400 -0.041459 0.085570 0.995469 -1.422300 0.000000 0.000000 0.000000 1.000000
0.996184 0.087083 0.005901 -0.000100 -0.086183 0.992076 -0.091418 11.645400 -0.013815 0.090560 0.995795 -1.422300 0.000000 0.000000 0.000000 1.000000
0.996362 0.082223 -0.022389 -0.000100 -0.084022 0.991724 -0.097080 11.645400 0.014221 0.098608 0.995025 -1.422300 0.000000 0.000000 0.000000 1.000000
0.996025 0.074624 -0.048626 -0.000100 -0.079370 0.991368 -0.104352 11.645400 0.040419 0.107797 0.993351 -1.422300 0.000000 0.000000 0.000000 1.000000
0.995237 0.062572 -0.074752 -0.000100 -0.070735 0.991180 -0.112070 11.645400 0.067080 0.116824 0.990885 -1.422300 0.000000 0.000000 0.000000 1.000000
0.993920 0.049268 -0.098464 -0.000100 -0.060900 0.991043 -0.118850 11.645400 0.091726 0.124124 0.988018 -1.422300 0.000000 0.000000 0.000000 1.000000
0.992659 0.039648 -0.114265 -0.000100 -0.054017 0.990618 -0.125535 11.645400 0.108216 0.130786 0.985487 -1.422300 0.000000 0.000000 0.000000 1.000000
0.991646 0.029669 -0.125528 -0.000100 -0.046245 0.990268 -0.131268 11.645400 0.120411 0.135977 0.983367 -1.422300 0.000000 0.000000 0.000000 1.000000
0.991200 0.013992 -0.131628 -0.000100 -0.031386 0.990883 -0.131022 11.645400 0.128595 0.134000 0.982602 -1.422300 0.000000 0.000000 0.000000 1.000000
0.992937 -0.007310 -0.118421 -0.000100 -0.008411 0.991252 -0.131716 11.645400 0.118348 0.131782 0.984189 -1.422300 0.000000 0.000000 0.000000 1.000000
0.994578 -0.041416 -0.095395 -0.000100 0.028497 0.990705 -0.133006 11.645400 0.100016 0.129566 0.986514 -1.422300 0.000000 0.000000 0.000000 1.000000
0.995851 -0.050036 -0.076009 -0.000100 0.041818 0.993475 -0.106107 11.645400 0.080822 0.102489 0.991445 -1.422300 0.000000 0.000000 0.000000 1.000000
0.995780 -0.064187 -0.065584 -0.000100 0.057903 0.993925 -0.093599 11.645400 0.071194 0.089406 0.993448 -1.422300 0.000000 0.000000 0.000000 1.000000
0.997330 -0.068126 -0.026313 -0.000100 0.065589 0.994000 -0.087533 11.645400 0.032119 0.085574 0.995814 -1.422300 0.000000 0.000000 0.000000 1.000000
0.996546 -0.076375 0.032592 -0.000100 0.078474 0.994534 -0.068881 11.645400 -0.027153 0.071201 0.997092 -1.422300 0.000000 0.000000 0.000000 1.000000
0.992113 -0.074370 0.100900 -0.000100 0.080370 0.995148 -0.056754 11.645400 -0.096190 0.064416 0.993276 -1.422300 0.000000 0.000000 0.000000 1.000000
0.980893 -0.067613 0.182422 -0.000100 0.077911 0.995711 -0.049885 11.645400 -0.178267 0.063144 0.981954 -1.422300 0.000000 0.000000 0.000000 1.000000
0.960532 -0.051475 0.273365 -0.000100 0.069745 0.995904 -0.057537 11.645400 -0.269284 0.074332 0.960188 -1.422300 0.000000 0.000000 0.000000 1.000000
0.934330 -0.025980 0.355461 -0.000100 0.056165 0.995611 -0.074863 11.645400 -0.351956 0.089911 0.931688 -1.422300 0.000000 0.000000 0.000000 1.000000
0.901938 0.012007 0.431699 -0.000100 0.029751 0.995511 -0.089847 11.645400 -0.430840 0.093879 0.897532 -1.422300 0.000000 0.000000 0.000000 1.000000
0.857380 0.036105 0.513417 -0.000100 0.013398 0.995633 -0.092390 11.645400 -0.514510 0.086092 0.853152 -1.422300 0.000000 0.000000 0.000000 1.000000
0.815596 0.049546 0.576496 -0.000100 0.016248 0.993973 -0.108413 11.645400 -0.578393 0.097788 0.809876 -1.422300 0.000000 0.000000 0.000000 1.000000
0.788752 0.071870 0.610495 -0.000100 0.020481 0.989518 -0.142951 11.645400 -0.614370 0.125257 0.779012 -1.422300 0.000000 0.000000 0.000000 1.000000
0.781025 0.091810 0.617714 -0.000100 0.025265 0.983679 -0.178147 11.645400 -0.623988 0.154744 0.765959 -1.422300 0.000000 0.000000 0.000000 1.000000
0.781053 0.098635 0.616625 -0.000100 0.035615 0.978804 -0.201681 11.645400 -0.623448 0.179484 0.760985 -1.422300 0.000000 0.000000 0.000000 1.000000
0.780987 0.104092 0.615812 -0.000100 0.044839 0.974123 -0.221524 11.645400 -0.622936 0.200620 0.756110 -1.422300 0.000000 0.000000 0.000000 1.000000
0.785795 0.108594 0.608879 -0.000100 0.047906 0.970821 -0.234972 11.645400 -0.616629 0.213809 0.757664 -1.422300 0.000000 0.000000 0.000000 1.000000
0.794815 0.115904 0.595680 -0.000100 0.041913 0.968763 -0.244420 11.645400 -0.605402 0.219236 0.765130 -1.422300 0.000000 0.000000 0.000000 1.000000
0.806584 0.128520 0.576979 -0.000100 0.025115 0.967746 -0.250673 11.645400 -0.590586 0.216680 0.777341 -1.422300 0.000000 0.000000 0.000000 1.000000
0.822429 0.138089 0.551853 -0.000100 0.006092 0.967897 -0.251272 11.645400 -0.568835 0.210015 0.795186 -1.422300 0.000000 0.000000 0.000000 1.000000
0.842256 0.136667 0.521466 -0.000100 -0.007832 0.970330 -0.241657 11.645400 -0.539021 0.199453 0.818337 -1.422300 0.000000 0.000000 0.000000 1.000000
0.862040 0.125495 0.491058 -0.000100 -0.014084 0.974419 -0.224298 11.645400 -0.506645 0.186438 0.841755 -1.422300 0.000000 0.000000 0.000000 1.000000
0.887041 0.104910 0.449614 -0.000100 -0.009773 0.977889 -0.208894 11.645400 -0.461588 0.180904 0.868453 -1.422300 0.000000 0.000000 0.000000 1.000000
0.915007 0.071864 0.396985 -0.000100 0.007168 0.980956 -0.194100 11.645400 -0.403374 0.180448 0.897066 -1.422300 0.000000 0.000000 0.000000 1.000000
0.937765 0.043871 0.344488 -0.000100 0.019694 0.983673 -0.178884 11.645400 -0.346711 0.174535 0.921590 -1.422300 0.000000 0.000000 0.000000 1.000000
0.953153 0.030150 0.300982 -0.000100 0.026069 0.983130 -0.181040 11.645400 -0.301363 0.180405 0.936288 -1.422300 0.000000 0.000000 0.000000 1.000000
0.968319 0.012356 0.249412 -0.000100 0.029471 0.986140 -0.163276 11.645400 -0.247973 0.165453 0.954534 -1.422300 0.000000 0.000000 0.000000 1.000000
0.980244 -0.001686 0.197787 -0.000100 0.028930 0.990432 -0.134934 11.645400 -0.195667 0.137990 0.970914 -1.422300 0.000000 0.000000 0.000000 1.000000
0.986663 -0.010411 0.162442 -0.000100 0.030210 0.992327 -0.119892 11.645400 -0.159947 0.123200 0.979407 -1.422300 0.000000 0.000000 0.000000 1.000000
0.994291 -0.010284 0.106210 -0.000100 0.024357 0.990940 -0.132076 11.645400 -0.103890 0.133908 0.985533 -1.422300 0.000000 0.000000 0.000000 1.000000
0.999481 0.006282 0.031599 -0.000100 -0.001177 0.987270 -0.159050 11.645400 -0.032196 0.158931 0.986765 -1.422300 0.000000 0.000000 0.000000 1.000000
0.999199 -0.009567 -0.038851 -0.000100 0.002481 0.983941 -0.178478 11.645400 0.039934 0.178238 0.983177 -1.422300 0.000000 0.000000 0.000000 1.000000
0.993532 -0.027368 -0.110202 -0.000100 0.005597 0.981144 -0.193195 11.645400 0.113411 0.191328 0.974952 -1.422300 0.000000 0.000000 0.000000 1.000000
