<?xml version="1.0" encoding="utf-8"?>
<COLLADA xmlns="http://www.collada.org/2005/11/COLLADASchema" version="1.4.1">
  <asset><contributor><author>Mixamo</author><authoring_tool>COLLADA Mixamo exporter</authoring_tool><comments></comments></contributor><created>2018-12-17T10:26:06Z</created><modified>2018-12-17T10:26:06Z</modified><revision></revision><title></title><unit meter="0.010000"/><up_axis>Y_UP</up_axis></asset>
  <library_animations>
    <animation id="mixamorig_Hips-anim" name="mixamorig_Hips"><source id="mixamorig_Hips-Matrix-animation-input"><float_array id="mixamorig_Hips-Matrix-animation-input-array" count="44">

0.000000 0.033333 0.066667 0.100000 0.133333 0.166667 0.200000 0.233333 0.266667 0.300000 0.333333 0.366667 0.400000 0.433333 0.466667 0.500000
0.533333 0.566667 0.600000 0.633333 0.666667 0.700000 0.733333 0.766667 0.800000 0.833333 0.866667 0.900000 0.933333 0.966667 1.000000 1.033333
1.066667 1.100000 1.133333 1.166667 1.200000 1.233333 1.266667 1.300000 1.333333 1.366667 1.400000 1.433333</float_array><technique_common><accessor source="#mixamorig_Hips-Matrix-animation-input-array" count="44"><param name="TIME" type="float"/></accessor></technique_common></source><source id="mixamorig_Hips-Matrix-animation-output-transform"><float_array id="mixamorig_Hips-Matrix-animation-output-transform-array" count="704">

0.468039 -0.083782 -0.879727 1.284215 0.030222 0.996431 -0.078817 90.382050 0.883191 0.010302 0.468901 -0.691137 0.000000 0.000000 0.000000 1.000000
0.494667 -0.090102 -0.864399 1.597957 0.012891 0.995263 -0.096366 90.001984 0.868987 0.036526 0.493485 -0.625452 0.000000 0.000000 0.000000 1.000000
0.560242 -0.092047 -0.823199 1.996222 -0.005782 0.993348 -0.115008 88.983040 0.828309 0.069192 0.555983 -0.079117 0.000000 0.000000 0.000000 1.000000
0.642056 -0.086834 -0.761724 2.329246 -0.020739 0.991234 -0.130478 87.640015 0.766377 0.099571 0.634627 0.823138 0.000000 0.000000 0.000000 1.000000
0.719989 -0.075742 -0.689840 2.421634 -0.027229 0.990178 -0.137137 86.352837 0.693451 0.117521 0.710855 2.426073 0.000000 0.000000 0.000000 1.000000
0.783771 -0.057187 -0.618411 2.171647 -0.022429 0.992496 -0.120206 85.419983 0.620645 0.108084 0.776607 4.849472 0.000000 0.000000 0.000000 1.000000
0.844375 -0.030421 -0.534888 1.964399 -0.012791 0.996957 -0.076892 85.113617 0.535600 0.071768 0.841417 7.549702 0.000000 0.000000 0.000000 1.000000
0.902124 -0.016908 -0.431145 1.963480 0.004817 0.999564 -0.029120 85.598267 0.431450 0.024193 0.901813 10.521276 0.000000 0.000000 0.000000 1.000000
0.943709 -0.011403 -0.330581 2.105106 0.020605 0.999491 0.024344 86.701141 0.330136 -0.029785 0.943463 13.038676 0.000000 0.000000 0.000000 1.000000
0.970329 0.003630 -0.241759 2.349996 0.017265 0.996295 0.084253 88.066772 0.241169 -0.085927 0.966672 15.358631 0.000000 0.000000 0.000000 1.000000
0.982512 0.031711 -0.183477 2.450293 -0.004755 0.989343 0.145529 89.335854 0.186136 -0.142111 0.972192 17.156218 0.000000 0.000000 0.000000 1.000000
0.988319 0.059972 -0.140106 2.261727 -0.025637 0.971643 0.235060 90.252014 0.150230 -0.228722 0.961830 19.000183 0.000000 0.000000 0.000000 1.000000
0.988223 0.094567 -0.120301 1.936831 -0.045385 0.931939 0.359763 91.043663 0.146135 -0.350066 0.925256 21.320791 0.000000 0.000000 0.000000 1.000000
0.986719 0.127499 -0.100644 1.527570 -0.061040 0.865226 0.497653 91.999557 0.150530 -0.484901 0.861517 24.443167 0.000000 0.000000 0.000000 1.000000
0.985772 0.154824 -0.065450 0.779614 -0.084376 0.792538 0.603957 93.246796 0.145379 -0.589841 0.794325 28.571413 0.000000 0.000000 0.000000 1.000000
0.986465 0.163909 -0.004454 0.095210 -0.122203 0.753033 0.646535 94.515244 0.109327 -0.637241 0.762871 32.924194 0.000000 0.000000 0.000000 1.000000
0.986541 0.159642 0.035367 -0.466516 -0.142045 0.729600 0.668959 96.013397 0.080990 -0.664979 0.742457 37.009258 0.000000 0.000000 0.000000 1.000000
0.987285 0.131765 0.088921 -1.106396 -0.155994 0.695488 0.701400 97.730759 0.030577 -0.706353 0.707199 44.603928 0.000000 0.000000 0.000000 1.000000
0.983054 0.060152 0.173168 -1.907135 -0.169060 0.662727 0.729528 98.358688 -0.070880 -0.746441 0.661666 46.919243 0.000000 0.000000 0.000000 1.000000
0.976133 0.046857 0.212060 -2.110890 -0.194759 0.620915 0.759298 97.585670 -0.096093 -0.782476 0.615221 47.151844 0.000000 0.000000 0.000000 1.000000
0.972316 0.075337 0.221192 -1.897390 -0.221128 0.602615 0.766784 96.624336 -0.075527 -0.794468 0.602591 46.915676 0.000000 0.000000 0.000000 1.000000
0.972642 0.070779 0.221262 -1.855572 -0.216123 0.624973 0.750133 95.907478 -0.085190 -0.777431 0.623172 45.275185 0.000000 0.000000 0.000000 1.000000
0.977886 0.046640 0.203874 -1.842456 -0.182184 0.668692 0.720875 94.719627 -0.102707 -0.742075 0.662401 42.330605 0.000000 0.000000 0.000000 1.000000
0.988364 0.036311 0.147709 -1.687274 -0.129988 0.705933 0.696248 93.423874 -0.078992 -0.707347 0.702439 39.332386 0.000000 0.000000 0.000000 1.000000
0.996076 0.045825 0.075713 -1.295829 -0.084892 0.736541 0.671045 92.727448 -0.025015 -0.674839 0.737541 36.420670 0.000000 0.000000 0.000000 1.000000
0.997559 0.068738 0.012280 -0.749313 -0.061933 0.789772 0.610265 92.008118 0.032250 -0.609536 0.792102 33.353062 0.000000 0.000000 0.000000 1.000000
0.995003 0.073006 -0.068115 -0.088919 -0.026476 0.850679 0.525019 91.429199 0.096273 -0.520592 0.848360 30.088085 0.000000 0.000000 0.000000 1.000000
0.978712 0.061340 -0.195860 0.628710 0.025620 0.910318 0.413116 91.369240 0.203635 -0.409340 0.889367 26.910856 0.000000 0.000000 0.000000 1.000000
0.944611 0.036851 -0.326118 1.203279 0.057838 0.959432 0.275946 91.705933 0.323057 -0.279523 0.904158 23.931105 0.000000 0.000000 0.000000 1.000000
0.897870 -0.000234 -0.440260 1.401667 0.066522 0.988591 0.135139 92.336250 0.435205 -0.150624 0.887642 21.712124 0.000000 0.000000 0.000000 1.000000
0.846527 -0.029636 -0.531520 1.350291 0.052722 0.998208 0.028311 92.779465 0.529728 -0.051989 0.846572 20.351431 0.000000 0.000000 0.000000 1.000000
0.778197 -0.042034 -0.626612 1.379022 0.028248 0.999091 -0.031939 92.483818 0.627384 0.007154 0.778677 19.233261 0.000000 0.000000 0.000000 1.000000
0.694529 -0.053231 -0.717493 1.264014 0.014092 0.998074 -0.060406 91.387344 0.719327 0.031842 0.693941 18.196264 0.000000 0.000000 0.000000 1.000000
0.589791 -0.074615 -0.804102 1.019775 0.011465 0.996396 -0.084049 89.689735 0.807475 0.040353 0.588520 16.635878 0.000000 0.000000 0.000000 1.000000
0.468176 -0.098668 -0.878109 0.924300 0.010192 0.994283 -0.106287 87.235550 0.883576 0.040811 0.466506 14.175939 0.000000 0.000000 0.000000 1.000000
0.344025 -0.118915 -0.931400 1.015478 0.004012 0.992125 -0.125186 84.936096 0.938952 0.039331 0.341793 11.451038 0.000000 0.000000 0.000000 1.000000
0.274805 -0.132708 -0.952298 1.376796 0.005289 0.990623 -0.136523 83.046890 0.961485 0.032480 0.272930 8.728725 0.000000 0.000000 0.000000 1.000000
0.286709 -0.134975 -0.948462 1.547240 0.013886 0.990507 -0.136761 81.624626 0.957917 0.026040 0.285862 6.413533 0.000000 0.000000 0.000000 1.000000
0.317521 -0.131627 -0.939071 1.322665 0.021399 0.991061 -0.131679 82.488495 0.948010 0.021716 0.317499 4.107148 0.000000 0.000000 0.000000 1.000000
0.356284 -0.125896 -0.925857 1.153427 0.028015 0.991875 -0.124092 84.193733 0.933958 0.018274 0.356916 2.426403 0.000000 0.000000 0.000000 1.000000
0.396548 -0.117644 -0.910445 1.063258 0.031750 0.992919 -0.114472 86.263214 0.917465 0.016487 0.397475 1.139128 0.000000 0.000000 0.000000 1.000000
0.432376 -0.106677 -0.895361 1.040382 0.036691 0.994236 -0.100739 88.257339 0.900947 0.010706 0.433798 0.258861 0.000000 0.000000 0.000000 1.000000
0.458304 -0.087113 -0.884516 1.176241 0.031246 0.996149 -0.081917 89.778725 0.888246 0.009906 0.459261 -0.255447 0.000000 0.000000 0.000000 1.000000
0.468039 -0.083782 -0.879727 1.284215 0.030222 0.996431 -0.078817 90.382057 0.883191 0.010302 0.468901 -0.691139 0.000000 0.000000 0.000000 1.000000</float_array><technique_common><accessor source="#mixamorig_Hips-Matrix-animation-output-transform-array" count="44" stride="16"><param type="float4x4"/></accessor></technique_common></source><source id="mixamorig_Hips-Interpolations"><Name_array id="mixamorig_Hips-Interpolations-array" count="44">
 LINEAR LINEAR LINEAR LINEAR LINEAR LINEAR LINEAR LINEAR LINEAR LINEAR LINEAR
LINEAR LINEAR LINEAR LINEAR LINEAR LINEAR LINEAR LINEAR LINEAR LINEAR LINEAR LINEAR
LINEAR LINEAR LINEAR LINEAR LINEAR LINEAR LINEAR LINEAR LINEAR LINEAR LINEAR LINEAR
LINEAR LINEAR LINEAR LINEAR LINEAR LINEAR LINEAR LINEAR LINEAR</Name_array><technique_common><accessor source="#mixamorig_Hips-Interpolations-array" count="44"><param type="name"/></accessor></technique_common></source><sampler id="mixamorig_Hips-Matrix-animation-transform"><input semantic="INPUT" source="#mixamorig_Hips-Matrix-animation-input"/><input semantic="OUTPUT" source="#mixamorig_Hips-Matrix-animation-output-transform"/><input semantic="INTERPOLATION" source="#mixamorig_Hips-Interpolations"/></sampler><channel source="#mixamorig_Hips-Matrix-animation-transform" target="mixamorig_Hips/matrix"/></animation>
    <animation id="mixamorig_Spine-anim" name="mixamorig_Spine"><source id="mixamorig_Spine-Matrix-animation-input"><float_array id="mixamorig_Spine-Matrix-animation-input-array" count="44">

0.000000 0.033333 0.066667 0.100000 0.133333 0.166667 0.200000 0.233333 0.266667 0.300000 0.333333 0.366667 0.400000 0.433333 0.466667 0.500000
0.533333 0.566667 0.600000 0.633333 0.666667 0.700000 0.733333 0.766667 0.800000 0.833333 0.866667 0.900000 0.933333 0.966667 1.000000 1.033333
1.066667 1.100000 1.133333 1.166667 1.200000 1.233333 1.266667 1.300000 1.333333 1.366667 1.400000 1.433333</float_array><technique_common><accessor source="#mixamorig_Spine-Matrix-animation-input-array" count="44"><param name="TIME" type="float"/></accessor></technique_common></source><source id="mixamorig_Spine-Matrix-animation-output-transform"><float_array id="mixamorig_Spine-Matrix-animation-output-transform-array" count="704">

0.997192 0.074668 -0.005807 0.000000 -0.073608 0.962814 -0.259945 9.923500 -0.013818 0.259642 0.965606 -1.227300 0.000000 0.000000 0.000000 1.000000
0.997530 0.069400 0.010863 -0.000000 -0.064310 0.964473 -0.256235 9.923500 -0.028260 0.254904 0.966553 -1.227300 0.000000 0.000000 0.000000 1.000000
0.996911 0.056453 0.054605 -0.000000 -0.041549 0.969059 -0.243308 9.923500 -0.066650 0.240287 0.968411 -1.227300 0.000000 0.000000 0.000000 1.000000
0.992553 0.041495 0.114530 -0.000000 -0.015573 0.975704 -0.218540 9.923500 -0.120816 0.215129 0.969084 -1.227300 0.000000 0.000000 0.000000 1.000000
0.983538 0.024589 0.179020 0.000000 0.006369 0.985366 -0.170334 9.923500 -0.180589 0.168670 0.968988 -1.227300 0.000000 0.000000 0.000000 1.000000
0.971285 0.006441 0.237833 0.000000 0.024125 0.991815 -0.125384 9.923500 -0.236693 0.127521 0.963179 -1.227300 0.000000 0.000000 0.000000 1.000000
0.959435 -0.013601 0.281601 0.000000 0.042330 0.994463 -0.096189 9.923500 -0.278733 0.104207 0.954698 -1.227300 0.000000 0.000000 0.000000 1.000000
0.956814 -0.034966 0.288591 0.000000 0.063971 0.993730 -0.091692 9.923500 -0.283575 0.106194 0.953052 -1.227300 0.000000 0.000000 0.000000 1.000000
0.969233 -0.059134 0.238935 0.000000 0.093154 0.986635 -0.133694 9.923500 -0.227835 0.151838 0.961788 -1.227300 0.000000 0.000000 0.000000 1.000000
0.980840 -0.081408 0.176989 0.000000 0.114849 0.975471 -0.187795 9.923500 -0.157359 0.204523 0.966131 -1.227300 0.000000 0.000000 0.000000 1.000000
0.984660 -0.100352 0.142735 0.000000 0.131678 0.964110 -0.230550 9.923500 -0.114476 0.245808 0.962535 -1.227300 0.000000 0.000000 0.000000 1.000000
0.986768 -0.119147 0.109966 0.000000 0.145817 0.948689 -0.280584 9.923500 -0.070893 0.292906 0.953509 -1.227300 0.000000 0.000000 0.000000 1.000000
0.988171 -0.127854 0.084688 0.000000 0.149940 0.921411 -0.358496 9.923500 -0.032197 0.366953 0.929682 -1.227300 0.000000 0.000000 0.000000 1.000000
0.988316 -0.138622 0.063373 0.000000 0.152412 0.894305 -0.420700 9.923500 0.001643 0.425443 0.904984 -1.227300 0.000000 0.000000 0.000000 1.000000
0.988301 -0.150471 0.024904 0.000000 0.147350 0.899852 -0.410553 9.923500 0.039366 0.409419 0.911497 -1.227300 0.000000 0.000000 0.000000 1.000000
0.988542 -0.142582 -0.049540 0.000000 0.122872 0.950756 -0.284543 9.923500 0.087671 0.275196 0.957382 -1.227300 0.000000 0.000000 0.000000 1.000000
0.987852 -0.111535 -0.108201 0.000000 0.100867 0.989910 -0.099520 9.923500 0.118210 0.087397 0.989135 -1.227300 0.000000 0.000000 0.000000 1.000000
0.986397 -0.069047 -0.149175 0.000000 0.074964 0.996592 0.034407 9.923500 0.146291 -0.045121 0.988212 -1.227300 0.000000 0.000000 0.000000 1.000000
0.988110 -0.008117 -0.153531 0.000000 0.016974 0.998260 0.056465 9.923500 0.152806 -0.058399 0.986529 -1.227300 0.000000 0.000000 0.000000 1.000000
0.992105 0.008047 -0.125155 0.000000 -0.004410 0.999561 0.029310 9.923500 0.125336 -0.028526 0.991704 -1.227300 0.000000 0.000000 0.000000 1.000000
0.994493 -0.038838 -0.097340 0.000000 0.039098 0.999235 0.000768 9.923500 0.097236 -0.004570 0.995251 -1.227300 0.000000 0.000000 0.000000 1.000000
0.992490 -0.024551 -0.119835 0.000000 0.025900 0.999617 0.009709 9.923500 0.119551 -0.012740 0.992746 -1.227300 0.000000 0.000000 0.000000 1.000000
0.990305 -0.011019 -0.138473 -0.000000 0.013282 0.999793 0.015426 9.923500 0.138274 -0.017116 0.990246 -1.227300 0.000000 0.000000 0.000000 1.000000
0.991163 -0.022707 -0.130695 -0.000000 0.021253 0.999696 -0.012508 9.923500 0.130939 0.009620 0.991344 -1.227300 0.000000 0.000000 0.000000 1.000000
0.987619 -0.042924 -0.150882 0.000000 0.035360 0.997997 -0.052462 9.923500 0.152832 0.046478 0.987159 -1.227300 0.000000 0.000000 0.000000 1.000000
0.978974 -0.080592 -0.187389 0.000000 0.062183 0.992826 -0.102131 9.923500 0.194276 0.088331 0.976962 -1.227300 0.000000 0.000000 0.000000 1.000000
0.973720 -0.120178 -0.193459 -0.000000 0.091996 0.984607 -0.148610 9.923500 0.208341 0.126907 0.969788 -1.227300 0.000000 0.000000 0.000000 1.000000
0.977332 -0.142430 -0.156641 0.000000 0.114307 0.977757 -0.175855 9.923500 0.178203 0.153963 0.971874 -1.227300 0.000000 0.000000 0.000000 1.000000
0.980871 -0.147535 -0.126983 0.000000 0.124342 0.976791 -0.174408 9.923500 0.149767 0.155283 0.976451 -1.227300 0.000000 0.000000 0.000000 1.000000
0.986265 -0.124760 -0.108246 0.000000 0.107814 0.982739 -0.150332 9.923500 0.125133 0.136596 0.982692 -1.227300 0.000000 0.000000 0.000000 1.000000
0.989295 -0.102535 -0.103840 0.000000 0.090069 0.988878 -0.118358 9.923500 0.114821 0.107738 0.987527 -1.227300 0.000000 0.000000 0.000000 1.000000
0.993226 -0.089103 -0.074578 0.000000 0.079044 0.988569 -0.128389 9.923500 0.085166 0.121624 0.988916 -1.227300 0.000000 0.000000 0.000000 1.000000
0.997720 -0.063668 -0.022364 0.000000 0.059581 0.986728 -0.151058 9.923500 0.031685 0.149381 0.988272 -1.227300 0.000000 0.000000 0.000000 1.000000
0.999193 -0.031841 0.024477 0.000000 0.035123 0.988351 -0.148082 9.923500 -0.019476 0.148822 0.988672 -1.227300 0.000000 0.000000 0.000000 1.000000
0.998221 0.003561 0.059521 0.000000 0.004475 0.990926 -0.134332 9.923500 -0.059460 0.134359 0.989147 -1.227300 0.000000 0.000000 0.000000 1.000000
0.995701 0.040436 0.083332 0.000000 -0.029945 0.991892 -0.123504 9.923500 -0.087651 0.120478 0.988839 -1.227300 0.000000 0.000000 0.000000 1.000000
0.994844 0.063303 0.079235 0.000000 -0.051803 0.988852 -0.139603 9.923500 -0.087189 0.134779 0.987032 -1.227300 0.000000 0.000000 0.000000 1.000000
0.996221 0.064013 0.058698 0.000000 -0.053530 0.984769 -0.165421 9.923500 -0.068393 0.161654 0.984475 -1.227300 0.000000 0.000000 0.000000 1.000000
0.997392 0.062852 0.035480 0.000000 -0.054832 0.979514 -0.193766 9.923500 -0.046931 0.191315 0.980406 -1.227300 0.000000 0.000000 0.000000 1.000000
0.997385 0.070111 0.017538 -0.000000 -0.064689 0.974266 -0.215919 9.923500 -0.032225 0.214220 0.976254 -1.227300 0.000000 0.000000 0.000000 1.000000
0.997216 0.074344 0.005722 -0.000000 -0.070994 0.970130 -0.231963 9.923500 -0.022797 0.230911 0.972708 -1.227300 0.000000 0.000000 0.000000 1.000000
0.997138 0.075590 -0.001337 -0.000000 -0.073599 0.966535 -0.245749 9.923500 -0.017284 0.245144 0.969333 -1.227300 0.000000 0.000000 0.000000 1.000000
0.997210 0.074479 -0.004996 0.000000 -0.073264 0.963723 -0.256651 9.923500 -0.014301 0.256301 0.966491 -1.227300 0.000000 0.000000 0.000000 1.000000
0.997191 0.074669 -0.005812 -0.000000 -0.073610 0.962814 -0.259945 9.923500 -0.013814 0.259643 0.965606 -1.227300 0.000000 0.000000 0.000000 1.000000</float_array><technique_common><accessor source="#mixamorig_Spine-Matrix-animation-output-transform-array" count="44" stride="16"><param type="float4x4"/></accessor></technique_common></source><source id="mixamorig_Spine-Interpolations"><Name_array id="mixamorig_Spine-Interpolations-array" count="44">
 LINEAR LINEAR LINEAR LINEAR LINEAR LINEAR LINEAR LINEAR LINEAR LINEAR LINEAR
LINEAR LINEAR LINEAR LINEAR LINEAR LINEAR LINEAR LINEAR LINEAR LINEAR LINEAR LINEAR
LINEAR LINEAR LINEAR LINEAR LINEAR LINEAR LINEAR LINEAR LINEAR LINEAR LINEAR LINEAR
LINEAR LINEAR LINEAR LINEAR LINEAR LINEAR LINEAR LINEAR LINEAR</Name_array><technique_common><accessor source="#mixamorig_Spine-Interpolations-array" count="44"><param type="name"/></accessor></technique_common></source><sampler id="mixamorig_Spine-Matrix-animation-transform"><input semantic="INPUT" source="#mixamorig_Spine-Matrix-animation-input"/><input semantic="OUTPUT" source="#mixamorig_Spine-Matrix-animation-output-transform"/><input semantic="INTERPOLATION" source="#mixamorig_Spine-Interpolations"/></sampler><channel source="#mixamorig_Spine-Matrix-animation-transform" target="mixamorig_Spine/matrix"/></animation>
    <animation id="mixamorig_Spine1-anim" name="mixamorig_Spine1"><source id="mixamorig_Spine1-Matrix-animation-input"><float_array id="mixamorig_Spine1-Matrix-animation-input-array" count="44">

0.000000 0.033333 0.066667 0.100000 0.133333 0.166667 0.200000 0.233333 0.266667 0.300000 0.333333 0.366667 0.400000 0.433333 0.466667 0.500000
0.533333 0.566667 0.600000 0.633333 0.666667 0.700000 0.733333 0.766667 0.800000 0.833333 0.866667 0.900000 0.933333 0.966667 1.000000 1.033333
1.066667 1.100000 1.133333 1.166667 1.200000 1.233333 1.266667 1.300000 1.333333 1.366667 1.400000 1.433333</float_array><technique_common><accessor source="#mixamorig_Spine1-Matrix-animation-input-array" count="44"><param name="TIME" type="float"/></accessor></technique_common></source><source id="mixamorig_Spine1-Matrix-animation-output-transform"><float_array id="mixamorig_Spine1-Matrix-animation-output-transform-array" count="704">

0.998755 0.048874 0.009970 -0.000100 -0.047601 0.993612 -0.102315 11.645400 -0.014907 0.101713 0.994702 -1.422300 0.000000 0.000000 0.000000 1.000000
0.998860 0.045469 0.014524 -0.000100 -0.043647 0.993228 -0.107675 11.645400 -0.019321 0.106918 0.994080 -1.422300 0.000000 0.000000 0.000000 1.000000
0.999023 0.035267 0.026648 -0.000100 -0.031916 0.992602 -0.117144 11.645400 -0.030582 0.116179 0.992757 -1.422300 0.000000 0.000000 0.000000 1.000000
0.998850 0.019182 0.043942 -0.000100 -0.013773 0.992648 -0.120254 11.645400 -0.045926 0.119510 0.991770 -1.422300 0.000000 0.000000 0.000000 1.000000
0.997988 0.000019 0.063401 -0.000100 0.006886 0.994051 -0.108694 11.645400 -0.063026 0.108912 0.992051 -1.422300 0.000000 0.000000 0.000000 1.000000
0.996476 -0.018393 0.081832 -0.000100 0.025801 0.995570 -0.090415 11.645400 -0.079807 0.092208 0.992536 -1.422300 0.000000 0.000000 0.000000 1.000000
0.994717 -0.034445 0.096699 -0.000100 0.041392 0.996633 -0.070778 11.645400 -0.093935 0.074406 0.992794 -1.422300 0.000000 0.000000 0.000000 1.000000
0.993700 -0.046309 0.102053 -0.000100 0.052723 0.996740 -0.061070 11.645400 -0.098892 0.066066 0.992903 -1.422300 0.000000 0.000000 0.000000 1.000000
0.994756 -0.055159 0.086133 -0.000100 0.060620 0.996226 -0.062127 11.645400 -0.082381 0.067022 0.994345 -1.422300 0.000000 0.000000 0.000000 1.000000
0.995831 -0.063615 0.065367 -0.000100 0.068493 0.994805 -0.075316 11.645400 -0.060236 0.079479 0.995015 -1.422300 0.000000 0.000000 0.000000 1.000000
0.996134 -0.072713 0.049301 -0.000100 0.076679 0.993512 -0.083989 11.645400 -0.042874 0.087444 0.995246 -1.422300 0.000000 0.000000 0.000000 1.000000
0.995904 -0.083449 0.034805 -0.000100 0.086016 0.993054 -0.080282 11.645400 -0.027864 0.082947 0.996164 -1.422300 0.000000 0.000000 0.000000 1.000000
0.995269 -0.094895 0.020821 -0.000100 0.096275 0.992104 -0.080373 11.645400 -0.013030 0.081998 0.996547 -1.422300 0.000000 0.000000 0.000000 1.000000
0.994001 -0.109133 0.007157 -0.000100 0.109346 0.990377 -0.084839 11.645400 0.002171 0.085112 0.996369 -1.422300 0.000000 0.000000 0.000000 1.000000
0.992462 -0.122360 -0.006941 -0.000100 0.121411 0.989334 -0.080482 11.645400 0.016715 0.079033 0.996732 -1.422300 0.000000 0.000000 0.000000 1.000000
0.992601 -0.118974 -0.024277 -0.000100 0.117553 0.991634 -0.053325 11.645400 0.030418 0.050077 0.998282 -1.422300 0.000000 0.000000 0.000000 1.000000
0.994673 -0.097313 -0.034012 -0.000100 0.096135 0.994763 -0.034702 11.645400 0.037210 0.031247 0.998819 -1.422300 0.000000 0.000000 0.000000 1.000000
0.997036 -0.065933 -0.039654 -0.000100 0.064336 0.997115 -0.040287 11.645400 0.042196 0.037616 0.998401 -1.422300 0.000000 0.000000 0.000000 1.000000
0.998639 -0.020746 -0.047850 -0.000100 0.019536 0.999481 -0.025634 11.645400 0.048357 0.024664 0.998526 -1.422300 0.000000 0.000000 0.000000 1.000000
0.999167 -0.001613 -0.040775 -0.000100 0.001383 0.999983 -0.005654 11.645400 0.040784 0.005593 0.999152 -1.422300 0.000000 0.000000 0.000000 1.000000
0.999392 -0.012674 -0.032474 -0.000100 0.012765 0.999915 0.002600 11.645400 0.032438 -0.003013 0.999469 -1.422300 0.000000 0.000000 0.000000 1.000000
0.999139 -0.008084 -0.040696 -0.000100 0.008529 0.999906 0.010761 11.645400 0.040605 -0.011099 0.999114 -1.422300 0.000000 0.000000 0.000000 1.000000
0.998858 -0.005669 -0.047450 -0.000100 0.006372 0.999872 0.014692 11.645400 0.047361 -0.014978 0.998766 -1.422300 0.000000 0.000000 0.000000 1.000000
0.998883 -0.011972 -0.045705 -0.000100 0.012522 0.999852 0.011769 11.645400 0.045558 -0.012328 0.998886 -1.422300 0.000000 0.000000 0.000000 1.000000
0.998219 -0.028932 -0.052177 -0.000100 0.028984 0.999580 0.000245 11.645400 0.052148 -0.001757 0.998638 -1.422300 0.000000 0.000000 0.000000 1.000000
0.996596 -0.050938 -0.064823 -0.000100 0.049803 0.998578 -0.019014 11.645400 0.065700 0.015720 0.997716 -1.422300 0.000000 0.000000 0.000000 1.000000
0.995361 -0.068875 -0.067178 -0.000100 0.066383 0.997045 -0.038647 11.645400 0.069641 0.034008 0.996992 -1.422300 0.000000 0.000000 0.000000 1.000000
0.995500 -0.077050 -0.055162 -0.000100 0.074167 0.995861 -0.052534 11.645400 0.058982 0.048206 0.997094 -1.422300 0.000000 0.000000 0.000000 1.000000
0.996405 -0.073530 -0.042088 -0.000100 0.070896 0.995618 -0.060979 11.645400 0.046388 0.057776 0.997251 -1.422300 0.000000 0.000000 0.000000 1.000000
0.998009 -0.052566 -0.034867 -0.000100 0.050424 0.996943 -0.059689 11.645400 0.037898 0.057812 0.997608 -1.422300 0.000000 0.000000 0.000000 1.000000
0.998862 -0.038688 -0.027890 -0.000100 0.037050 0.997683 -0.057060 11.645400 0.030033 0.055962 0.997981 -1.422300 0.000000 0.000000 0.000000 1.000000
0.999281 -0.031840 -0.020570 -0.000100 0.030556 0.997731 -0.059987 11.645400 0.022433 0.059316 0.997987 -1.422300 0.000000 0.000000 0.000000 1.000000
0.999584 -0.025103 -0.014178 -0.000100 0.024189 0.997826 -0.061306 11.645400 0.015686 0.060938 0.998018 -1.422300 0.000000 0.000000 0.000000 1.000000
0.999824 -0.016453 -0.008983 -0.000100 0.015850 0.997854 -0.063525 11.645400 0.010009 0.063371 0.997940 -1.422300 0.000000 0.000000 0.000000 1.000000
0.999978 -0.003877 -0.005309 -0.000100 0.003499 0.997585 -0.069369 11.645400 0.005565 0.069349 0.997577 -1.422300 0.000000 0.000000 0.000000 1.000000
0.999905 0.013428 -0.003138 -0.000100 -0.013628 0.996997 -0.076228 11.645400 0.002105 0.076263 0.997085 -1.422300 0.000000 0.000000 0.000000 1.000000
0.999569 0.029326 -0.001096 -0.000100 -0.029319 0.996304 -0.080739 11.645400 -0.001276 0.080737 0.996735 -1.422300 0.000000 0.000000 0.000000 1.000000
0.999135 0.041576 0.000438 -0.000100 -0.041389 0.995528 -0.084914 11.645400 -0.003967 0.084823 0.996388 -1.422300 0.000000 0.000000 0.000000 1.000000
0.998701 0.050930 0.001778 -0.000100 -0.050575 0.994820 -0.088183 11.645400 -0.006260 0.087978 0.996103 -1.422300 0.000000 0.000000 0.000000 1.000000
0.998560 0.053448 0.004619 -0.000100 -0.052814 0.994510 -0.090337 11.645400 -0.009422 0.089963 0.995901 -1.422300 0.000000 0.000000 0.000000 1.000000
0.998573 0.052918 0.007217 -0.000100 -0.052013 0.994255 -0.093548 11.645400 -0.012126 0.093039 0.995589 -1.422300 0.000000 0.000000 0.000000 1.000000
0.998542 0.053328 0.008411 -0.000100 -0.052265 0.993917 -0.096938 11.645400 -0.013529 0.096357 0.995255 -1.422300 0.000000 0.000000 0.000000 1.000000
0.998731 0.049450 0.009501 -0.000100 -0.048225 0.993607 -0.102073 11.645400 -0.014488 0.101485 0.994732 -1.422300 0.000000 0.000000 0.000000 1.000000
0.998755 0.048873 0.009970 -0.000100 -0.047600 0.993612 -0.102315 11.645400 -0.014906 0.101713 0.994702 -1.422300 0.000000 0.000000 0.000000 1.000000</float_array><technique_common><accessor source="#mixamorig_Spine1-Matrix-animation-output-transform-array" count="44" stride="16"><param type="float4x4"/></accessor></technique_common></source><source id="mixamorig_Spine1-Interpolations"><Name_array id="mixamorig_Spine1-Interpolations-array" count="44">
 LINEAR LINEAR LINEAR LINEAR LINEAR LINEAR LINEAR LINEAR LINEAR LINEAR LINEAR
LINEAR LINEAR LINEAR LINEAR LINEAR LINEAR LINEAR LINEAR LINEAR LINEAR LINEAR LINEAR
LINEAR LINEAR LINEAR LINEAR LINEAR LINEAR LINEAR LINEAR LINEAR LINEAR LINEAR LINEAR
LINEAR LINEAR LINEAR LINEAR LINEAR LINEAR LINEAR LINEAR LINEAR</Name_array><technique_common><accessor source="#mixamorig_Spine1-Interpolations-array" count="44"><param type="name"/></accessor></technique_common></source><sampler id="mixamorig_Spine1-Matrix-animation-transform"><input semantic="INPUT" source="#mixamorig_Spine1-Matrix-animation-input"/><input semantic="OUTPUT" source="#mixamorig_Spine1-Matrix-animation-output-transform"/><input semantic="INTERPOLATION" source="#mixamorig_Spine1-Interpolations"/></sampler><channel source="#mixamorig_Spine1-Matrix-animation-transform" target="mixamorig_Spine1/matrix"/></animation>
    <animation id="mixamorig_Spine2-anim" name="mixamorig_Spine2"><source id="mixamorig_Spine2-Matrix-animation-input"><float_array id="mixamorig_Spine2-Matrix-animation-input-array" count="44">

0.000000 0.033333 0.066667 0.100000 0.133333 0.166667 0.200000 0.233333 0.266667 0.300000 0.333333 0.366667 0.400000 0.433333 0.466667 0.500000
0.533333 0.566667 0.600000 0.633333 0.666667 0.700000 0.733333 0.766667 0.800000 0.833333 0.866667 0.900000 0.933333 0.966667 1.000000 1.033333
1.066667 1.100000 1.133333 1.166667 1.200000 1.233333 1.266667 1.300000 1.333333 1.366667 1.400000 1.433333</float_array><technique_common><accessor source="#mixamorig_Spine2-Matrix-animation-input-array" count="44"><param name="TIME" type="float"/></accessor></technique_common></source><source id="mixamorig_Spine2-Matrix-animation-output-transform"><float_array id="mixamorig_Spine2-Matrix-animation-output-transform-array" count="704">

0.998694 0.049813 0.011324 0.000100 -0.048399 0.993581 -0.102242 13.360200 -0.016344 0.101560 0.994695 -1.626500 0.000000 0.000000 0.000000 1.000000
0.998807 0.046242 0.015717 0.000100 -0.044291 0.993214 -0.107535 13.360200 -0.020583 0.106711 0.994077 -1.626500 0.000000 0.000000 0.000000 1.000000
0.998983 0.035657 0.027600 0.000100 -0.032201 0.992626 -0.116862 13.360200 -0.031564 0.115854 0.992765 -1.626500 0.000000 0.000000 0.000000 1.000000
0.998813 0.019134 0.044803 0.000100 -0.013643 0.992704 -0.119805 13.360200 -0.046769 0.119052 0.991786 -1.626500 0.000000 0.000000 0.000000 1.000000
0.997937 -0.000447 0.064206 0.000100 0.007407 0.994100 -0.108211 13.360200 -0.063778 0.108463 0.992052 -1.626500 0.000000 0.000000 0.000000 1.000000
0.996409 -0.019215 0.082467 0.000100 0.026628 0.995609 -0.089748 13.360200 -0.080381 0.091621 0.992544 -1.626500 0.000000 0.000000 0.000000 1.000000
0.994631 -0.035474 0.097211 0.000100 0.042358 0.996670 -0.069682 13.360200 -0.094415 0.073426 0.992821 -1.626500 0.000000 0.000000 0.000000 1.000000
0.993559 -0.047397 0.102923 0.000100 0.053717 0.996781 -0.059523 13.360200 -0.099770 0.064668 0.992907 -1.626500 0.000000 0.000000 0.000000 1.000000
0.994572 -0.056314 0.087489 0.000100 0.061719 0.996267 -0.060355 13.360200 -0.083764 0.065427 0.994335 -1.626500 0.000000 0.000000 0.000000 1.000000
0.995659 -0.064159 0.067432 0.000100 0.069115 0.994866 -0.073930 13.360200 -0.062343 0.078270 0.994981 -1.626500 0.000000 0.000000 0.000000 1.000000
0.996024 -0.072269 0.052095 0.000100 0.076442 0.993601 -0.083145 13.360200 -0.045752 0.086796 0.995175 -1.626500 0.000000 0.000000 0.000000 1.000000
0.995869 -0.082451 0.038039 0.000100 0.085274 0.993159 -0.079772 13.360200 -0.031201 0.082686 0.996087 -1.626500 0.000000 0.000000 0.000000 1.000000
0.995268 -0.093975 0.024685 0.000100 0.095673 0.992176 -0.080211 13.360200 -0.016954 0.082194 0.996472 -1.626500 0.000000 0.000000 0.000000 1.000000
0.994017 -0.108546 0.012199 0.000100 0.109192 0.990362 -0.085206 13.360200 -0.002833 0.086028 0.996289 -1.626500 0.000000 0.000000 0.000000 1.000000
0.992502 -0.122221 -0.001310 0.000100 0.121708 0.989212 -0.081525 13.360200 0.011260 0.080754 0.996670 -1.626500 0.000000 0.000000 0.000000 1.000000
0.992650 -0.119226 -0.020764 0.000100 0.117935 0.991494 -0.055045 13.360200 0.027150 0.052192 0.998268 -1.626500 0.000000 0.000000 0.000000 1.000000
0.994786 -0.096463 -0.033115 0.000100 0.095262 0.994797 -0.036100 13.360200 0.036425 0.032757 0.998799 -1.626500 0.000000 0.000000 0.000000 1.000000
0.997116 -0.064395 -0.040155 0.000100 0.062767 0.997203 -0.040583 13.360200 0.042656 0.037946 0.998369 -1.626500 0.000000 0.000000 0.000000 1.000000
0.998653 -0.019639 -0.048020 0.000100 0.018440 0.999510 -0.025298 13.360200 0.048493 0.024379 0.998526 -1.626500 0.000000 0.000000 0.000000 1.000000
0.999167 -0.001322 -0.040798 0.000100 0.001091 0.999983 -0.005676 13.360200 0.040805 0.005627 0.999151 -1.626500 0.000000 0.000000 0.000000 1.000000
0.999392 -0.012729 -0.032448 0.000100 0.012820 0.999914 0.002593 13.360200 0.032412 -0.003008 0.999470 -1.626500 0.000000 0.000000 0.000000 1.000000
0.999139 -0.008303 -0.040648 0.000100 0.008747 0.999904 0.010764 13.360200 0.040555 -0.011110 0.999116 -1.626500 0.000000 0.000000 0.000000 1.000000
0.998857 -0.006002 -0.047420 0.000100 0.006703 0.999871 0.014627 13.360200 0.047326 -0.014928 0.998768 -1.626500 0.000000 0.000000 0.000000 1.000000
0.998881 -0.012503 -0.045606 0.000100 0.013047 0.999847 0.011652 13.360200 0.045453 -0.012234 0.998892 -1.626500 0.000000 0.000000 0.000000 1.000000
0.998207 -0.029679 -0.051984 0.000100 0.029712 0.999558 -0.000132 13.360200 0.051965 -0.001412 0.998648 -1.626500 0.000000 0.000000 0.000000 1.000000
0.996589 -0.051668 -0.064343 0.000100 0.050476 0.998525 -0.020008 13.360200 0.065281 0.016692 0.997727 -1.626500 0.000000 0.000000 0.000000 1.000000
0.995383 -0.069340 -0.066361 0.000100 0.066769 0.996958 -0.040207 13.360200 0.068947 0.035591 0.996985 -1.626500 0.000000 0.000000 0.000000 1.000000
0.995542 -0.077124 -0.054289 0.000100 0.074199 0.995781 -0.053985 13.360200 0.058223 0.049717 0.997065 -1.626500 0.000000 0.000000 0.000000 1.000000
0.996451 -0.073348 -0.041299 0.000100 0.070715 0.995571 -0.061953 13.360200 0.045660 0.058812 0.997224 -1.626500 0.000000 0.000000 0.000000 1.000000
0.998045 -0.052275 -0.034258 0.000100 0.050154 0.996932 -0.060100 13.360200 0.037295 0.058264 0.997604 -1.626500 0.000000 0.000000 0.000000 1.000000
0.998905 -0.038138 -0.027102 0.000100 0.036541 0.997696 -0.057161 13.360200 0.029220 0.056108 0.997997 -1.626500 0.000000 0.000000 0.000000 1.000000
0.999357 -0.030178 -0.019362 0.000100 0.028968 0.997778 -0.059993 13.360200 0.021129 0.059393 0.998011 -1.626500 0.000000 0.000000 0.000000 1.000000
0.999674 -0.022204 -0.012630 0.000100 0.021389 0.997886 -0.061369 13.360200 0.013966 0.061079 0.998035 -1.626500 0.000000 0.000000 0.000000 1.000000
0.999886 -0.013368 -0.007087 0.000100 0.012888 0.997872 -0.063915 13.360200 0.007927 0.063816 0.997930 -1.626500 0.000000 0.000000 0.000000 1.000000
0.999991 -0.002873 -0.002973 0.000100 0.002660 0.997578 -0.069508 13.360200 0.003165 0.069500 0.997577 -1.626500 0.000000 0.000000 0.000000 1.000000
0.999940 0.010918 -0.000500 0.000100 -0.010924 0.997088 -0.075476 13.360200 -0.000325 0.075477 0.997147 -1.626500 0.000000 0.000000 0.000000 1.000000
0.999690 0.024877 0.001423 0.000100 -0.024687 0.996577 -0.078903 13.360200 -0.003381 0.078843 0.996881 -1.626500 0.000000 0.000000 0.000000 1.000000
0.999261 0.038369 0.002185 0.000100 -0.038059 0.995889 -0.082198 13.360200 -0.005330 0.082055 0.996614 -1.626500 0.000000 0.000000 0.000000 1.000000
0.998792 0.049067 0.002731 0.000100 -0.048657 0.995181 -0.085135 13.360200 -0.006895 0.084899 0.996366 -1.626500 0.000000 0.000000 0.000000 1.000000
0.998608 0.052468 0.005336 0.000100 -0.051800 0.994810 -0.087575 13.360200 -0.009903 0.087177 0.996144 -1.626500 0.000000 0.000000 0.000000 1.000000
0.998576 0.052744 0.008003 0.000100 -0.051793 0.994457 -0.091507 13.360200 -0.012785 0.090962 0.995772 -1.626500 0.000000 0.000000 0.000000 1.000000
0.998514 0.053710 0.009199 0.000100 -0.052585 0.994008 -0.095829 13.360200 -0.014290 0.095203 0.995355 -1.626500 0.000000 0.000000 0.000000 1.000000
0.998679 0.050232 0.010822 0.000100 -0.048876 0.993615 -0.101685 13.360200 -0.015861 0.101022 0.994758 -1.626500 0.000000 0.000000 0.000000 1.000000
0.998694 0.049813 0.011324 0.000100 -0.048399 0.993582 -0.102242 13.360200 -0.016344 0.101560 0.994695 -1.626500 0.000000 0.000000 0.000000 1.000000</float_array><technique_common><accessor source="#mixamorig_Spine2-Matrix-animation-output-transform-array" count="44" stride="16"><param type="float4x4"/></accessor></technique_common></source><source id="mixamorig_Spine2-Interpolations"><Name_array id="mixamorig_Spine2-Interpolations-array" count="44">
 LINEAR LINEAR LINEAR LINEAR LINEAR LINEAR LINEAR LINEAR LINEAR LINEAR LINEAR
LINEAR LINEAR LINEAR LINEAR LINEAR LINEAR LINEAR LINEAR LINEAR LINEAR LINEAR LINEAR
LINEAR LINEAR LINEAR LINEAR LINEAR LINEAR LINEAR LINEAR LINEAR LINEAR LINEAR LINEAR
LINEAR LINEAR LINEAR LINEAR LINEAR LINEAR LINEAR LINEAR LINEAR</Name_array><technique_common><accessor source="#mixamorig_Spine2-Interpolations-array" count="44"><param type="name"/></accessor></technique_common></source><sampler id="mixamorig_Spine2-Matrix-animation-transform"><input semantic="INPUT" source="#mixamorig_Spine2-Matrix-animation-input"/><input semantic="OUTPUT" source="#mixamorig_Spine2-Matrix-animation-output-transform"/><input semantic="INTERPOLATION" source="#mixamorig_Spine2-Interpolations"/></sampler><channel source="#mixamorig_Spine2-Matrix-animation-transform" target="mixamorig_Spine2/matrix"/></animation>
    <animation id="mixamorig_Neck-anim" name="mixamorig_Neck"><source id="mixamorig_Neck-Matrix-animation-input"><float_array id="mixamorig_Neck-Matrix-animation-input-array" count="44">

0.000000 0.033333 0.066667 0.100000 0.133333 0.166667 0.200000 0.233333 0.266667 0.300000 0.333333 0.366667 0.400000 0.433333 0.466667 0.500000
0.533333 0.566667 0.600000 0.633333 0.666667 0.700000 0.733333 0.766667 0.800000 0.833333 0.866667 0.900000 0.933333 0.966667 1.000000 1.033333
1.066667 1.100000 1.133333 1.166667 1.200000 1.233333 1.266667 1.300000 1.333333 1.366667 1.400000 1.433333</float_array><technique_common><accessor source="#mixamorig_Neck-Matrix-animation-input-array" count="44"><param name="TIME" type="float"/></accessor></technique_common></source><source id="mixamorig_Neck-Matrix-animation-output-transform"><float_array id="mixamorig_Neck-Matrix-animation-output-transform-array" count="704">

0.997545 -0.065354 0.025161 0.000000 0.063653 0.995960 0.063339 15.032500 -0.029199 -0.061582 0.997675 0.792900 0.000000 0.000000 0.000000 1.000000
0.997795 -0.062086 0.023460 -0.000000 0.060485 0.996135 0.063687 15.032500 -0.027323 -0.062127 0.997694 0.792900 0.000000 0.000000 0.000000 1.000000
0.998301 -0.055123 0.018866 0.000000 0.053784 0.996412 0.065353 15.032500 -0.022400 -0.064227 0.997684 0.792900 0.000000 0.000000 0.000000 1.000000
0.998846 -0.046367 0.012503 -0.000000 0.045414 0.996654 0.067964 15.032500 -0.015613 -0.067317 0.997609 0.792900 0.000000 0.000000 0.000000 1.000000
0.999315 -0.036563 0.005759 0.000000 0.036061 0.996811 0.071185 15.032500 -0.008343 -0.070929 0.997446 0.792900 0.000000 0.000000 0.000000 1.000000
0.999640 -0.026820 -0.000036 0.000000 0.026747 0.996794 0.075407 15.032500 -0.001987 -0.075381 0.997153 0.792900 0.000000 0.000000 0.000000 1.000000
0.999815 -0.018892 -0.003643 0.000000 0.019124 0.996548 0.080780 15.032500 0.002104 -0.080835 0.996725 0.792900 0.000000 0.000000 0.000000 1.000000
0.999886 -0.014635 -0.003828 0.000000 0.014911 0.996158 0.086299 15.032500 0.002550 -0.086346 0.996262 0.792900 0.000000 0.000000 0.000000 1.000000
0.999929 -0.011653 0.002487 0.000000 0.011374 0.995665 0.092311 15.032500 -0.003552 -0.092276 0.995727 0.792900 0.000000 0.000000 0.000000 1.000000
0.999772 -0.009346 0.019193 0.000000 0.007512 0.995591 0.093495 15.032500 -0.019982 -0.093329 0.995435 0.792900 0.000000 0.000000 0.000000 1.000000
0.999328 -0.006001 0.036154 0.000000 0.002774 0.996061 0.088628 15.032500 -0.036544 -0.088468 0.995408 0.792900 0.000000 0.000000 0.000000 1.000000
0.999088 -0.001371 0.042686 0.000000 -0.002122 0.996658 0.081662 15.032500 -0.042655 -0.081678 0.995746 0.792900 0.000000 0.000000 0.000000 1.000000
0.998910 0.002169 0.046637 -0.000000 -0.005851 0.996860 0.078972 15.032500 -0.046319 -0.079158 0.995785 0.792900 0.000000 0.000000 0.000000 1.000000
0.998810 0.002225 0.048721 0.000000 -0.005914 0.997113 0.075706 15.032500 -0.048412 -0.075904 0.995939 0.792900 0.000000 0.000000 0.000000 1.000000
0.998873 -0.005537 0.047130 0.000000 0.002721 0.998219 0.059596 15.032500 -0.047376 -0.059401 0.997109 0.792900 0.000000 0.000000 0.000000 1.000000
0.998938 -0.020864 0.041087 -0.000000 0.020098 0.999618 0.018960 15.032500 -0.041467 -0.018114 0.998976 0.792900 0.000000 0.000000 0.000000 1.000000
0.998783 -0.039887 0.029005 0.000000 0.040590 0.998886 -0.024077 15.032500 -0.028013 0.025225 0.999289 0.792900 0.000000 0.000000 0.000000 1.000000
0.998071 -0.059621 0.017285 -0.000000 0.060578 0.996268 -0.061481 15.032500 -0.013555 0.062409 0.997959 0.792900 0.000000 0.000000 0.000000 1.000000
0.997070 -0.075957 0.009007 0.000000 0.076435 0.993869 -0.079894 15.032500 -0.002884 0.080348 0.996763 0.792900 0.000000 0.000000 0.000000 1.000000
0.996563 -0.082815 0.002193 0.000000 0.082727 0.993405 -0.079388 15.032500 0.004396 0.079297 0.996841 0.792900 0.000000 0.000000 0.000000 1.000000
0.996737 -0.080679 0.002335 0.000000 0.080621 0.993793 -0.076656 15.032500 0.003864 0.076594 0.997055 0.792900 0.000000 0.000000 0.000000 1.000000
0.996802 -0.079673 0.006148 0.000000 0.079908 0.994314 -0.070391 15.032500 -0.000505 0.070657 0.997501 0.792900 0.000000 0.000000 0.000000 1.000000
0.997064 -0.076011 0.009226 0.000000 0.076418 0.995406 -0.057682 15.032500 -0.004799 0.058217 0.998292 0.792900 0.000000 0.000000 0.000000 1.000000
0.997753 -0.066660 0.006799 0.000000 0.066883 0.996931 -0.040679 15.032500 -0.004067 0.041043 0.999149 0.792900 0.000000 0.000000 0.000000 1.000000
0.998431 -0.055424 0.007928 0.000000 0.055583 0.998224 -0.021447 15.032500 -0.006725 0.021854 0.999739 0.792900 0.000000 0.000000 0.000000 1.000000
0.998697 -0.045713 0.022679 0.000000 0.045686 0.998954 0.001729 15.032500 -0.022734 -0.000691 0.999741 0.792900 0.000000 0.000000 0.000000 1.000000
0.998676 -0.036787 0.035970 0.000000 0.035904 0.999045 0.024881 15.032500 -0.036851 -0.023556 0.999043 0.792900 0.000000 0.000000 0.000000 1.000000
