<?xml version="1.0" encoding="utf-8"?>
<COLLADA xmlns="http://www.collada.org/2005/11/COLLADASchema" version="1.4.1">
  <asset><contributor><author>Mixamo</author><authoring_tool>COLLADA Mixamo exporter</authoring_tool><comments></comments></contributor><created>2018-12-15T14:15:36Z</created><modified>2018-12-15T14:15:36Z</modified><revision></revision><title></title><unit meter="0.010000"/><up_axis>Y_UP</up_axis></asset>
  <library_animations>
    <animation id="mixamorig_Hips-anim" name="mixamorig_Hips"><source id="mixamorig_Hips-Matrix-animation-input"><float_array id="mixamorig_Hips-Matrix-animation-input-array" count="249">

0.000000 0.033333 0.066667 0.100000 0.133333 0.166667 0.200000 0.233333 0.266667 0.300000 0.333333 0.366667 0.400000 0.433333 0.466667 0.500000
0.533333 0.566667 0.600000 0.633333 0.666667 0.700000 0.733333 0.766667 0.800000 0.833333 0.866667 0.900000 0.933333 0.966667 1.000000 1.033333
1.066667 1.100000 1.133333 1.166667 1.200000 1.233333 1.266667 1.300000 1.333333 1.366667 1.400000 1.433333 1.466667 1.500000 1.533333 1.566667
1.600000 1.633333 1.666667 1.700000 1.733333 1.766667 1.800000 1.833333 1.866667 1.900000 1.933333 1.966667 2.000000 2.033333 2.066667 2.100000
2.133333 2.166667 2.200000 2.233333 2.266667 2.300000 2.333333 2.366667 2.400000 2.433333 2.466667 2.500000 2.533333 2.566667 2.600000 2.633333
2.666667 2.700000 2.733333 2.766667 2.800000 2.833333 2.866667 2.900000 2.933333 2.966667 3.000000 3.033333 3.066667 3.100000 3.133333 3.166667
3.200000 3.233333 3.266667 3.300000 3.333333 3.366667 3.400000 3.433333 3.466667 3.500000 3.533333 3.566667 3.600000 3.633333 3.666667 3.700000
3.733333 3.766667 3.800000 3.833333 3.866667 3.900000 3.933333 3.966667 4.000000 4.033333 4.066667 4.100000 4.133333 4.166667 4.200000 4.233333
4.266667 4.300000 4.333333 4.366667 4.400000 4.433333 4.466667 4.500000 4.533333 4.566667 4.600000 4.633333 4.666667 4.700000 4.733333 4.766667
4.800000 4.833333 4.866667 4.900000 4.933333 4.966667 5.000000 5.033333 5.066667 5.100000 5.133333 5.166667 5.200000 5.233333 5.266667 5.300000
5.333333 5.366667 5.400000 5.433333 5.466667 5.500000 5.533333 5.566667 5.600000 5.633333 5.666667 5.700000 5.733333 5.766667 5.800000 5.833333
5.866667 5.900000 5.933333 5.966667 6.000000 6.033333 6.066667 6.100000 6.133333 6.166667 6.200000 6.233333 6.266667 6.300000 6.333333 6.366667
6.400000 6.433333 6.466667 6.500000 6.533333 6.566667 6.600000 6.633333 6.666667 6.700000 6.733333 6.766667 6.800000 6.833333 6.866667 6.900000
6.933333 6.966667 7.000000 7.033333 7.066667 7.100000 7.133333 7.166667 7.200000 7.233333 7.266667 7.300000 7.333333 7.366667 7.400000 7.433333
7.466667 7.500000 7.533333 7.566667 7.600000 7.633333 7.666667 7.700000 7.733333 7.766667 7.800000 7.833333 7.866667 7.900000 7.933333 7.966667
8.000000 8.033333 8.066667 8.100000 8.133333 8.166667 8.200000 8.233333 8.266667</float_array><technique_common><accessor source="#mixamorig_Hips-Matrix-animation-input-array" count="249"><param name="TIME" type="float"/></accessor></technique_common></source><source id="mixamorig_Hips-Matrix-animation-output-transform"><float_array id="mixamorig_Hips-Matrix-animation-output-transform-array" count="3984">

0.983653 -0.124780 0.129836 0.129733 -0.132792 -0.015636 0.991021 9.557674 -0.121630 -0.992061 -0.031950 -82.160210 0.000000 0.000000 0.000000 1.000000
0.983834 -0.125171 0.128071 0.173348 -0.131454 -0.019118 0.991138 9.612656 -0.121613 -0.991951 -0.035263 -82.156570 0.000000 0.000000 0.000000 1.000000
0.983960 -0.125927 0.126357 0.208348 -0.130097 -0.021898 0.991259 9.656912 -0.122059 -0.991798 -0.037929 -82.154991 0.000000 0.000000 0.000000 1.000000
0.984117 -0.126460 0.124589 0.229553 -0.128580 -0.023867 0.991412 9.689536 -0.122401 -0.991685 -0.039748 -82.163094 0.000000 0.000000 0.000000 1.000000
0.984344 -0.126498 0.122739 0.232794 -0.126882 -0.025203 0.991598 9.708252 -0.122341 -0.991647 -0.040859 -82.178505 0.000000 0.000000 0.000000 1.000000
0.984684 -0.125877 0.120637 0.204238 -0.124859 -0.026175 0.991829 9.705816 -0.121691 -0.991700 -0.041491 -82.194916 0.000000 0.000000 0.000000 1.000000
0.985047 -0.125088 0.118474 0.142978 -0.122490 -0.024888 0.992158 9.668307 -0.121158 -0.991833 -0.039838 -82.215439 0.000000 0.000000 0.000000 1.000000
0.985372 -0.124081 0.116819 0.058135 -0.120460 -0.022231 0.992469 9.599846 -0.120549 -0.992023 -0.036853 -82.239937 0.000000 0.000000 0.000000 1.000000
0.985598 -0.123211 0.115824 -0.033438 -0.119014 -0.018832 0.992714 9.508413 -0.120132 -0.992202 -0.033224 -82.260132 0.000000 0.000000 0.000000 1.000000
0.985670 -0.122829 0.115617 -0.116570 -0.118357 -0.015221 0.992854 9.403815 -0.120191 -0.992311 -0.029541 -82.271652 0.000000 0.000000 0.000000 1.000000
0.985556 -0.123209 0.116181 -0.177585 -0.118538 -0.011950 0.992878 9.297743 -0.120943 -0.992309 -0.026382 -82.271973 0.000000 0.000000 0.000000 1.000000
0.985279 -0.124321 0.117347 -0.202533 -0.119452 -0.009587 0.992794 9.203822 -0.122300 -0.992196 -0.024296 -82.271347 0.000000 0.000000 0.000000 1.000000
0.984928 -0.125739 0.118773 -0.196065 -0.120762 -0.008293 0.992647 9.132241 -0.123830 -0.992029 -0.023353 -82.270294 0.000000 0.000000 0.000000 1.000000
0.984594 -0.127028 0.120162 -0.172243 -0.122097 -0.007532 0.992490 9.079117 -0.125169 -0.991870 -0.022926 -82.266487 0.000000 0.000000 0.000000 1.000000
0.984332 -0.127856 0.121422 -0.145967 -0.123300 -0.006846 0.992346 9.038548 -0.126046 -0.991769 -0.022504 -82.261749 0.000000 0.000000 0.000000 1.000000
0.984180 -0.128021 0.122474 -0.129239 -0.124251 -0.005957 0.992233 9.005887 -0.126297 -0.991754 -0.021769 -82.255989 0.000000 0.000000 0.000000 1.000000
0.984148 -0.127618 0.123155 -0.128042 -0.124775 -0.004749 0.992174 8.977470 -0.126034 -0.991812 -0.020597 -82.247955 0.000000 0.000000 0.000000 1.000000
0.984216 -0.126855 0.123399 -0.147597 -0.124827 -0.003338 0.992173 8.953655 -0.125450 -0.991916 -0.019120 -82.237595 0.000000 0.000000 0.000000 1.000000
0.984344 -0.126013 0.123236 -0.184006 -0.124468 -0.001917 0.992222 8.933663 -0.124796 -0.992027 -0.017572 -82.228966 0.000000 0.000000 0.000000 1.000000
0.984521 -0.125173 0.122677 -0.230718 -0.123733 -0.000669 0.992315 8.917316 -0.124129 -0.992135 -0.016147 -82.222389 0.000000 0.000000 0.000000 1.000000
0.984731 -0.124341 0.121839 -0.280834 -0.122752 0.000322 0.992437 8.904998 -0.123440 -0.992239 -0.014946 -82.218262 0.000000 0.000000 0.000000 1.000000
0.984946 -0.123530 0.120921 -0.328027 -0.121725 0.001048 0.992563 8.896503 -0.122739 -0.992340 -0.014005 -82.216103 0.000000 0.000000 0.000000 1.000000
0.985138 -0.122769 0.120128 -0.366687 -0.120852 0.001559 0.992669 8.891140 -0.122056 -0.992434 -0.013301 -82.215820 0.000000 0.000000 0.000000 1.000000
0.985277 -0.122139 0.119633 -0.393149 -0.120293 0.001978 0.992736 8.888247 -0.121488 -0.992511 -0.012743 -82.216232 0.000000 0.000000 0.000000 1.000000
0.985327 -0.121817 0.119548 -0.405386 -0.120142 0.002480 0.992754 8.887789 -0.121230 -0.992550 -0.012192 -82.216133 0.000000 0.000000 0.000000 1.000000
0.985297 -0.121850 0.119758 -0.408150 -0.120285 0.003044 0.992735 8.889084 -0.121329 -0.992544 -0.011658 -82.214577 0.000000 0.000000 0.000000 1.000000
0.985205 -0.122116 0.120241 -0.403302 -0.120692 0.003724 0.992683 8.891872 -0.121670 -0.992509 -0.011069 -82.212395 0.000000 0.000000 0.000000 1.000000
0.985069 -0.122532 0.120935 -0.393662 -0.121301 0.004495 0.992606 8.895323 -0.122170 -0.992454 -0.010435 -82.210007 0.000000 0.000000 0.000000 1.000000
0.984918 -0.122973 0.121715 -0.382901 -0.121999 0.005251 0.992516 8.898588 -0.122692 -0.992396 -0.009830 -82.207809 0.000000 0.000000 0.000000 1.000000
0.984784 -0.123311 0.122450 -0.373419 -0.122665 0.005868 0.992431 8.901119 -0.123097 -0.992351 -0.009347 -82.206512 0.000000 0.000000 0.000000 1.000000
0.984695 -0.123462 0.123012 -0.365980 -0.123188 0.006237 0.992364 8.902769 -0.123287 -0.992330 -0.009067 -82.206985 0.000000 0.000000 0.000000 1.000000
0.984679 -0.123350 0.123253 -0.360503 -0.123421 0.006305 0.992334 8.903591 -0.123181 -0.992343 -0.009015 -82.210205 0.000000 0.000000 0.000000 1.000000
0.984719 -0.123090 0.123196 -0.355549 -0.123382 0.006139 0.992340 8.904526 -0.122903 -0.992377 -0.009142 -82.217361 0.000000 0.000000 0.000000 1.000000
0.984792 -0.122725 0.122979 -0.349051 -0.123205 0.005778 0.992364 8.905537 -0.122499 -0.992424 -0.009431 -82.226624 0.000000 0.000000 0.000000 1.000000
0.984877 -0.122350 0.122669 -0.340322 -0.122953 0.005257 0.992399 8.906776 -0.122065 -0.992473 -0.009866 -82.237030 0.000000 0.000000 0.000000 1.000000
0.984963 -0.121962 0.122362 -0.329672 -0.122733 0.004494 0.992430 8.908516 -0.121589 -0.992525 -0.010543 -82.247818 0.000000 0.000000 0.000000 1.000000
0.985032 -0.121535 0.122231 -0.318007 -0.122727 0.003430 0.992435 8.910353 -0.121035 -0.992581 -0.011537 -82.258842 0.000000 0.000000 0.000000 1.000000
0.985071 -0.121015 0.122434 -0.307406 -0.123099 0.001991 0.992392 8.913429 -0.120338 -0.992649 -0.012936 -82.269936 0.000000 0.000000 0.000000 1.000000
0.985068 -0.120367 0.123100 -0.299947 -0.123994 0.000061 0.992283 8.920700 -0.119446 -0.992729 -0.014864 -82.282120 0.000000 0.000000 0.000000 1.000000
0.985004 -0.119670 0.124282 -0.293110 -0.125476 -0.002465 0.992094 8.935291 -0.118417 -0.992811 -0.017444 -82.303711 0.000000 0.000000 0.000000 1.000000
0.984857 -0.119101 0.125984 -0.284240 -0.127551 -0.005593 0.991816 8.959529 -0.117422 -0.992866 -0.020700 -82.337234 0.000000 0.000000 0.000000 1.000000
0.984609 -0.118825 0.128163 -0.269865 -0.130174 -0.009288 0.991448 8.993470 -0.116619 -0.992872 -0.024613 -82.383415 0.000000 0.000000 0.000000 1.000000
0.984253 -0.118942 0.130762 -0.247772 -0.133291 -0.013530 0.990985 9.034271 -0.116100 -0.992809 -0.029171 -82.440178 0.000000 0.000000 0.000000 1.000000
0.983811 -0.119332 0.133699 -0.219089 -0.136831 -0.018408 0.990423 9.076611 -0.115728 -0.992684 -0.034438 -82.504677 0.000000 0.000000 0.000000 1.000000
0.983339 -0.119608 0.136887 -0.190240 -0.140717 -0.024147 0.989755 9.113295 -0.115077 -0.992527 -0.040576 -82.570084 0.000000 0.000000 0.000000 1.000000
0.982916 -0.119229 0.140219 -0.169714 -0.144843 -0.031002 0.988969 9.137299 -0.113567 -0.992383 -0.047742 -82.636086 0.000000 0.000000 0.000000 1.000000
0.982642 -0.117648 0.143433 -0.165566 -0.148905 -0.039078 0.988079 9.144043 -0.110641 -0.992286 -0.055918 -82.709969 0.000000 0.000000 0.000000 1.000000
0.982536 -0.114821 0.146422 -0.184271 -0.152722 -0.048095 0.987098 9.130306 -0.106298 -0.992221 -0.064791 -82.798141 0.000000 0.000000 0.000000 1.000000
0.982535 -0.111177 0.149212 -0.225827 -0.156227 -0.057274 0.986059 9.095974 -0.101081 -0.992149 -0.073642 -82.900276 0.000000 0.000000 0.000000 1.000000
0.982533 -0.107542 0.151870 -0.278638 -0.159419 -0.065424 0.985041 9.046284 -0.095997 -0.992046 -0.081426 -82.995804 0.000000 0.000000 0.000000 1.000000
0.982436 -0.104699 0.154462 -0.326084 -0.162235 -0.070269 0.984247 8.995032 -0.092196 -0.992018 -0.086021 -83.055222 0.000000 0.000000 0.000000 1.000000
0.982226 -0.103052 0.156884 -0.358222 -0.164569 -0.070819 0.983820 8.963320 -0.090274 -0.992152 -0.086519 -83.044937 0.000000 0.000000 0.000000 1.000000
0.981931 -0.102318 0.159193 -0.377914 -0.166537 -0.067708 0.983708 8.962636 -0.089873 -0.992445 -0.083524 -82.941795 0.000000 0.000000 0.000000 1.000000
0.981387 -0.101922 0.162764 -0.363372 -0.169160 -0.057557 0.983907 8.994510 -0.090914 -0.993126 -0.073727 -82.684082 0.000000 0.000000 0.000000 1.000000
0.980815 -0.101718 0.166301 -0.313221 -0.171048 -0.039820 0.984458 9.133549 -0.093515 -0.994016 -0.056455 -82.236511 0.000000 0.000000 0.000000 1.000000
0.980573 -0.099288 0.169171 -0.280131 -0.171598 -0.016380 0.985031 9.377680 -0.095031 -0.994924 -0.033099 -81.619781 0.000000 0.000000 0.000000 1.000000
0.981057 -0.093344 0.169748 -0.268305 -0.169363 0.012091 0.985480 9.726224 -0.094041 -0.995561 -0.003947 -80.813400 0.000000 0.000000 0.000000 1.000000
0.982240 -0.085510 0.167011 -0.326886 -0.163641 0.045054 0.985491 10.166034 -0.091794 -0.995318 0.030261 -79.902100 0.000000 0.000000 0.000000 1.000000
0.984275 -0.076681 0.159130 -0.475004 -0.152868 0.081621 0.984870 10.675712 -0.088509 -0.993709 0.068616 -78.954933 0.000000 0.000000 0.000000 1.000000
0.986830 -0.069483 0.146080 -0.680745 -0.137026 0.120876 0.983165 11.215317 -0.085970 -0.990233 0.109763 -78.035759 0.000000 0.000000 0.000000 1.000000
0.989510 -0.066035 0.128490 -0.876296 -0.116537 0.160771 0.980088 11.749910 -0.085377 -0.984780 0.151389 -77.191307 0.000000 0.000000 0.000000 1.000000
0.991831 -0.067230 0.108407 -0.977309 -0.093188 0.198460 0.975669 12.234255 -0.087108 -0.977801 0.190574 -76.575302 0.000000 0.000000 0.000000 1.000000
0.993345 -0.072673 0.089357 -0.960816 -0.070397 0.230957 0.970414 12.623865 -0.091161 -0.970246 0.224304 -76.209061 0.000000 0.000000 0.000000 1.000000
0.993983 -0.080400 0.074389 -0.869169 -0.051527 0.256090 0.965279 12.894669 -0.096659 -0.963303 0.250407 -76.048553 0.000000 0.000000 0.000000 1.000000
0.994079 -0.087913 0.063861 -0.788690 -0.037531 0.273746 0.961070 13.060575 -0.101972 -0.957776 0.268825 -76.001038 0.000000 0.000000 0.000000 1.000000
0.994036 -0.093821 0.055590 -0.786440 -0.026520 0.286479 0.957719 13.171018 -0.105779 -0.953482 0.282282 -75.998718 0.000000 0.000000 0.000000 1.000000
0.994170 -0.097318 0.046417 -0.915196 -0.015562 0.296475 0.954914 13.272124 -0.106692 -0.950069 0.293232 -75.980309 0.000000 0.000000 0.000000 1.000000
0.994541 -0.098794 0.033588 -1.168587 -0.001782 0.305751 0.952110 13.397874 -0.104332 -0.946972 0.303906 -75.938698 0.000000 0.000000 0.000000 1.000000
0.994937 -0.099228 0.015958 -1.495531 0.016283 0.315838 0.948673 13.579407 -0.099176 -0.943610 0.315855 -75.876091 0.000000 0.000000 0.000000 1.000000
0.994920 -0.100530 -0.005358 -1.844126 0.038226 0.328005 0.943902 13.833348 -0.093133 -0.939312 0.330182 -75.775398 0.000000 0.000000 0.000000 1.000000
0.994423 -0.101891 -0.027236 -2.125952 0.060765 0.342428 0.937577 14.134818 -0.086204 -0.934003 0.346709 -75.642014 0.000000 0.000000 0.000000 1.000000
0.993755 -0.102277 -0.044606 -2.311235 0.078812 0.360393 0.929465 14.455538 -0.078987 -0.927177 0.366203 -75.464783 0.000000 0.000000 0.000000 1.000000
0.993464 -0.100441 -0.054237 -2.354317 0.088775 0.381162 0.920236 14.777463 -0.071757 -0.919036 0.387588 -75.215218 0.000000 0.000000 0.000000 1.000000
0.993733 -0.096020 -0.057236 -2.255154 0.091152 0.399651 0.912124 15.076135 -0.064708 -0.911625 0.405898 -74.871727 0.000000 0.000000 0.000000 1.000000
0.994831 -0.086442 -0.053287 -1.998513 0.084905 0.420223 0.903440 15.362086 -0.055702 -0.903294 0.425390 -74.401703 0.000000 0.000000 0.000000 1.000000
0.996296 -0.073888 -0.043991 -1.692773 0.072428 0.445258 0.892468 15.655252 -0.046356 -0.892349 0.448960 -73.855492 0.000000 0.000000 0.000000 1.000000
0.997632 -0.059942 -0.033728 -1.333294 0.058108 0.472194 0.879578 15.951236 -0.036797 -0.879454 0.474559 -73.107742 0.000000 0.000000 0.000000 1.000000
0.998658 -0.044893 -0.025839 -1.042736 0.044830 0.499187 0.865334 16.236725 -0.025949 -0.865330 0.500530 -72.403450 0.000000 0.000000 0.000000 1.000000
0.999357 -0.029150 -0.020854 -0.851659 0.033073 0.525749 0.849996 16.485275 -0.013813 -0.850140 0.526375 -71.768806 0.000000 0.000000 0.000000 1.000000
0.999757 -0.012514 -0.018158 -0.742362 0.022049 0.551451 0.833916 16.678240 -0.000422 -0.834114 0.551592 -71.178207 0.000000 0.000000 0.000000 1.000000
0.999860 0.005185 -0.015915 -0.698352 0.010033 0.575393 0.817816 16.812836 0.013398 -0.817861 0.575260 -70.623550 0.000000 0.000000 0.000000 1.000000
0.999661 0.022871 -0.012404 -0.694283 -0.003718 0.597442 0.801903 16.921095 0.025751 -0.801586 0.597325 -70.101418 0.000000 0.000000 0.000000 1.000000
0.999208 0.039161 -0.007075 -0.702518 -0.018644 0.617733 0.786167 17.013027 0.035157 -0.785412 0.617974 -69.618988 0.000000 0.000000 0.000000 1.000000
0.998604 0.052818 -0.000036 -0.705066 -0.033693 0.637542 0.769678 17.115387 0.040675 -0.768603 0.638432 -69.186546 0.000000 0.000000 0.000000 1.000000
0.997987 0.062826 0.008605 -0.697889 -0.047859 0.657217 0.752181 17.242769 0.041601 -0.751079 0.658901 -68.804932 0.000000 0.000000 0.000000 1.000000
0.997403 0.069668 0.018264 -0.691982 -0.060726 0.677138 0.733346 17.402710 0.038723 -0.732550 0.679611 -68.475136 0.000000 0.000000 0.000000 1.000000
0.996928 0.072750 0.029005 -0.710894 -0.071632 0.697241 0.713249 17.590485 0.031665 -0.713136 0.700311 -68.196350 0.000000 0.000000 0.000000 1.000000
0.996495 0.073154 0.040582 -0.747347 -0.080814 0.716405 0.692988 17.798815 0.021621 -0.693839 0.719806 -67.949341 0.000000 0.000000 0.000000 1.000000
0.996104 0.070569 0.052884 -0.799142 -0.087754 0.734013 0.673442 18.008787 0.008706 -0.675459 0.737346 -67.718506 0.000000 0.000000 0.000000 1.000000
0.995621 0.066875 0.065312 -0.840696 -0.093339 0.749058 0.655896 18.193668 -0.005060 -0.659121 0.752020 -67.501778 0.000000 0.000000 0.000000 1.000000
0.995076 0.062273 0.077114 -0.859363 -0.097316 0.761504 0.640813 18.332804 -0.018817 -0.645162 0.763814 -67.306633 0.000000 0.000000 0.000000 1.000000
0.994500 0.057740 0.087386 -0.845290 -0.099987 0.771820 0.627930 18.417891 -0.031190 -0.633214 0.773348 -67.142654 0.000000 0.000000 0.000000 1.000000
0.993983 0.053608 0.095522 -0.806336 -0.101361 0.780739 0.616581 18.460823 -0.041524 -0.622553 0.781475 -67.012398 0.000000 0.000000 0.000000 1.000000
0.993604 0.050048 0.101228 -0.755951 -0.101478 0.788983 0.605977 18.482975 -0.049539 -0.612374 0.789015 -66.911674 0.000000 0.000000 0.000000 1.000000
0.993421 0.046784 0.104523 -0.707457 -0.100198 0.797030 0.595569 18.504499 -0.055445 -0.602124 0.796475 -66.831642 0.000000 0.000000 0.000000 1.000000
0.993433 0.043553 0.105803 -0.669624 -0.097597 0.805189 0.584932 18.538860 -0.059716 -0.591417 0.804152 -66.766617 0.000000 0.000000 0.000000 1.000000
0.993601 0.040309 0.105510 -0.643060 -0.093957 0.813412 0.574050 18.588820 -0.062684 -0.580290 0.811994 -66.716415 0.000000 0.000000 0.000000 1.000000
0.993864 0.036969 0.104252 -0.625023 -0.089628 0.821490 0.563135 18.645582 -0.064823 -0.569024 0.819762 -66.682121 0.000000 0.000000 0.000000 1.000000
0.994189 0.033638 0.102260 -0.606661 -0.084853 0.829436 0.552120 18.706608 -0.066246 -0.557588 0.827470 -66.662178 0.000000 0.000000 0.000000 1.000000
0.994553 0.030024 0.099819 -0.588106 -0.079595 0.837072 0.541271 18.764490 -0.067305 -0.546268 0.834902 -66.652496 0.000000 0.000000 0.000000 1.000000
0.994917 0.025844 0.097326 -0.571311 -0.073845 0.844359 0.530665 18.813419 -0.068463 -0.535154 0.841976 -66.646057 0.000000 0.000000 0.000000 1.000000
0.995241 0.021022 0.095151 -0.561004 -0.067712 0.851395 0.520137 18.851717 -0.070077 -0.524104 0.848766 -66.634666 0.000000 0.000000 0.000000 1.000000
0.995502 0.015784 0.093413 -0.560121 -0.061381 0.858534 0.509069 18.884972 -0.072163 -0.512513 0.855642 -66.612534 0.000000 0.000000 0.000000 1.000000
0.995693 0.010083 0.092165 -0.569659 -0.054775 0.866013 0.497012 18.923223 -0.074805 -0.499920 0.862835 -66.589211 0.000000 0.000000 0.000000 1.000000
0.995815 0.003871 0.091313 -0.589396 -0.047705 0.874214 0.483191 18.976509 -0.077957 -0.485525 0.870740 -66.570686 0.000000 0.000000 0.000000 1.000000
0.995867 -0.002544 0.090784 -0.612796 -0.040339 0.883206 0.467248 19.052959 -0.081370 -0.468979 0.879453 -66.563934 0.000000 0.000000 0.000000 1.000000
0.995863 -0.008812 0.090437 -0.631798 -0.032871 0.892944 0.448966 19.159428 -0.084712 -0.450081 0.888961 -66.570992 0.000000 0.000000 0.000000 1.000000
0.995824 -0.014803 0.090085 -0.640613 -0.025318 0.903278 0.428307 19.299496 -0.087712 -0.428799 0.899132 -66.583763 0.000000 0.000000 0.000000 1.000000
0.995790 -0.020244 0.089405 -0.636513 -0.017838 0.913873 0.405608 19.470093 -0.089916 -0.405495 0.909664 -66.597160 0.000000 0.000000 0.000000 1.000000
0.995784 -0.024881 0.088293 -0.622352 -0.010686 0.924497 0.381039 19.664631 -0.091108 -0.380376 0.920334 -66.606567 0.000000 0.000000 0.000000 1.000000
0.995820 -0.028856 0.086664 -0.605631 -0.003812 0.934834 0.355064 19.872318 -0.091262 -0.353910 0.930816 -66.611244 0.000000 0.000000 0.000000 1.000000
0.995891 -0.032574 0.084497 -0.594134 0.003063 0.944649 0.328069 20.084848 -0.090506 -0.326463 0.940867 -66.612038 0.000000 0.000000 0.000000 1.000000
0.995966 -0.036621 0.081919 -0.595894 0.010342 0.953694 0.300601 20.291681 -0.089134 -0.298541 0.950225 -66.610901 0.000000 0.000000 0.000000 1.000000
0.995998 -0.041341 0.079241 -0.613550 0.018129 0.961611 0.273817 20.480831 -0.087519 -0.271285 0.958512 -66.609154 0.000000 0.000000 0.000000 1.000000
0.995950 -0.046837 0.076742 -0.643638 0.026341 0.968139 0.249025 20.641384 -0.085960 -0.245995 0.965452 -66.606125 0.000000 0.000000 0.000000 1.000000
0.995815 -0.052899 0.074525 -0.678521 0.034654 0.973119 0.227681 20.762806 -0.084566 -0.224145 0.970880 -66.596443 0.000000 0.000000 0.000000 1.000000
0.995620 -0.058828 0.072659 -0.709801 0.042380 0.976759 0.210108 20.846260 -0.083331 -0.206108 0.974975 -66.577065 0.000000 0.000000 0.000000 1.000000
0.995381 -0.064216 0.071369 -0.736708 0.049142 0.979400 0.195861 20.902794 -0.082476 -0.191449 0.978031 -66.543518 0.000000 0.000000 0.000000 1.000000
0.995073 -0.069425 0.070785 -0.768283 0.055389 0.981386 0.183886 20.949244 -0.082234 -0.179060 0.980395 -66.490051 0.000000 0.000000 0.000000 1.000000
0.994667 -0.074745 0.071072 -0.815350 0.061490 0.982966 0.173194 21.005922 -0.082806 -0.167901 0.982320 -66.409813 0.000000 0.000000 0.000000 1.000000
0.994142 -0.080468 0.072158 -0.887541 0.067871 0.984351 0.162622 21.094093 -0.084114 -0.156772 0.984046 -66.299652 0.000000 0.000000 0.000000 1.000000
0.993443 -0.087340 0.073779 -0.993447 0.075413 0.985604 0.151318 21.225254 -0.085933 -0.144762 0.985728 -66.163033 0.000000 0.000000 0.000000 1.000000
0.992522 -0.095907 0.075506 -1.133701 0.084816 0.986731 0.138446 21.403255 -0.087782 -0.131007 0.987487 -66.005035 0.000000 0.000000 0.000000 1.000000
0.991359 -0.106314 0.076837 -1.297974 0.096312 0.987614 0.123864 21.622047 -0.089054 -0.115393 0.989320 -65.831261 0.000000 0.000000 0.000000 1.000000
0.989957 -0.118204 0.077545 -1.473290 0.109550 0.988130 0.107697 21.876938 -0.089355 -0.098120 0.991155 -65.631737 0.000000 0.000000 0.000000 1.000000
0.988343 -0.130898 0.077743 -1.652982 0.123734 0.988156 0.090759 22.170063 -0.088702 -0.080082 0.992834 -65.376686 0.000000 0.000000 0.000000 1.000000
0.986628 -0.143369 0.077523 -1.836645 0.137648 0.987659 0.074723 22.512602 -0.087279 -0.063053 0.994186 -65.024162 0.000000 0.000000 0.000000 1.000000
0.984905 -0.155035 0.076977 -2.031248 0.150602 0.986746 0.060421 22.924793 -0.085324 -0.047916 0.995200 -64.525192 0.000000 0.000000 0.000000 1.000000
0.983238 -0.165852 0.075744 -2.240870 0.162523 0.985526 0.048216 23.427492 -0.082644 -0.035097 0.995961 -63.850945 0.000000 0.000000 0.000000 1.000000
0.981569 -0.176365 0.073610 -2.463149 0.174012 0.984037 0.037293 24.036877 -0.079012 -0.023797 0.996590 -62.997375 0.000000 0.000000 0.000000 1.000000
0.979575 -0.188182 0.070858 -2.697013 0.186794 0.982060 0.025796 24.759953 -0.074441 -0.012033 0.997153 -61.976322 0.000000 0.000000 0.000000 1.000000
0.976942 -0.202224 0.068490 -2.931142 0.201893 0.979337 0.011792 25.588078 -0.069459 0.002307 0.997582 -60.802792 0.000000 0.000000 0.000000 1.000000
0.973587 -0.218162 0.067325 -3.148495 0.218973 0.975719 -0.004822 26.496670 -0.064638 0.019437 0.997719 -59.487522 0.000000 0.000000 0.000000 1.000000
0.969510 -0.235539 0.067616 -3.321234 0.237528 0.971110 -0.022941 27.442242 -0.060260 0.038302 0.997448 -58.012688 0.000000 0.000000 0.000000 1.000000
0.964477 -0.254956 0.069155 -3.455163 0.258080 0.965268 -0.040653 28.393917 -0.056388 0.057056 0.996777 -56.329502 0.000000 0.000000 0.000000 1.000000
0.958961 -0.274774 0.069954 -3.499748 0.278748 0.958776 -0.055200 29.306662 -0.051903 0.072434 0.996022 -54.425144 0.000000 0.000000 0.000000 1.000000
0.952948 -0.295228 0.068785 -3.446309 0.299563 0.951886 -0.064613 30.164915 -0.046399 0.082179 0.995537 -52.288063 0.000000 0.000000 0.000000 1.000000
0.946617 -0.316049 0.063481 -3.281265 0.320067 0.944929 -0.068311 30.967377 -0.038395 0.084983 0.995642 -49.947792 0.000000 0.000000 0.000000 1.000000
0.939819 -0.337405 0.053836 -3.006449 0.340580 0.937703 -0.068692 31.738411 -0.027306 0.082893 0.996184 -47.445065 0.000000 0.000000 0.000000 1.000000
0.932809 -0.358115 0.040265 -2.633691 0.360139 0.930386 -0.068421 32.513306 -0.012960 0.078324 0.996844 -44.842812 0.000000 0.000000 0.000000 1.000000
0.925976 -0.376851 0.023503 -2.196012 0.377548 0.923242 -0.071287 33.285801 0.005166 0.074883 0.997179 -42.231846 0.000000 0.000000 0.000000 1.000000
0.919952 -0.392012 0.003744 -1.685140 0.391037 0.916899 -0.079911 34.195934 0.027893 0.074979 0.996795 -39.594620 0.000000 0.000000 0.000000 1.000000
0.914892 -0.403255 -0.018929 -1.121814 0.399852 0.911634 -0.095091 35.268528 0.055602 0.079429 0.995289 -36.987305 0.000000 0.000000 0.000000 1.000000
0.910496 -0.411114 -0.044515 -0.532158 0.404080 0.907414 -0.115408 36.442726 0.087839 0.087091 0.992320 -34.507175 0.000000 0.000000 0.000000 1.000000
0.906734 -0.415370 -0.072803 0.077298 0.403269 0.904564 -0.138337 37.707912 0.123316 0.096076 0.987706 -32.208916 0.000000 0.000000 0.000000 1.000000
0.903772 -0.415632 -0.102208 0.687334 0.397187 0.903401 -0.161585 39.050850 0.159495 0.105441 0.981552 -30.152039 0.000000 0.000000 0.000000 1.000000
0.902383 -0.410734 -0.130394 1.267082 0.385139 0.904421 -0.183550 40.445545 0.193321 0.115413 0.974324 -28.412601 0.000000 0.000000 0.000000 1.000000
0.903489 -0.399662 -0.154848 1.780670 0.366713 0.907820 -0.203431 41.879616 0.221878 0.127014 0.966767 -27.047232 0.000000 0.000000 0.000000 1.000000
0.907596 -0.382085 -0.174014 2.201516 0.342142 0.913316 -0.220889 43.351089 0.243328 0.140940 0.959649 -26.059162 0.000000 0.000000 0.000000 1.000000
0.914462 -0.358366 -0.187973 2.521163 0.312302 0.920367 -0.235356 44.869888 0.257348 0.156520 0.953558 -25.375736 0.000000 0.000000 0.000000 1.000000
0.922741 -0.330941 -0.197551 2.751262 0.279782 0.927682 -0.247240 46.461349 0.265086 0.172868 0.948602 -24.878885 0.000000 0.000000 0.000000 1.000000
0.931588 -0.300611 -0.204394 2.929584 0.245607 0.935023 -0.255751 48.111275 0.267995 0.188054 0.944889 -24.480301 0.000000 0.000000 0.000000 1.000000
0.940295 -0.268407 -0.209290 3.055425 0.210796 0.942028 -0.261053 49.846352 0.267226 0.201349 0.942363 -24.085711 0.000000 0.000000 0.000000 1.000000
0.948544 -0.234742 -0.212511 3.150852 0.175640 0.948473 -0.263722 51.666298 0.263467 0.212826 0.940899 -23.668745 0.000000 0.000000 0.000000 1.000000
0.955962 -0.200658 -0.214182 3.219392 0.140768 0.953832 -0.265310 53.580303 0.257530 0.223476 0.940073 -23.216499 0.000000 0.000000 0.000000 1.000000
0.962033 -0.168315 -0.214856 3.260431 0.107613 0.957353 -0.268131 55.606045 0.250824 0.234829 0.939118 -22.739527 0.000000 0.000000 0.000000 1.000000
0.966417 -0.140068 -0.215453 3.277057 0.077853 0.958582 -0.273970 57.761627 0.244903 0.247996 0.937294 -22.257509 0.000000 0.000000 0.000000 1.000000
0.969202 -0.117289 -0.216542 3.280432 0.052671 0.957680 -0.282975 60.054070 0.240568 0.262854 0.934363 -21.781261 0.000000 0.000000 0.000000 1.000000
0.970838 -0.099924 -0.217918 3.284071 0.032405 0.955348 -0.293702 62.474419 0.237535 0.278076 0.930726 -21.314796 0.000000 0.000000 0.000000 1.000000
0.972014 -0.087206 -0.218137 3.292875 0.017239 0.952522 -0.303982 65.002975 0.234289 0.291715 0.927368 -20.854115 0.000000 0.000000 0.000000 1.000000
0.973328 -0.077649 -0.215878 3.306858 0.006630 0.950108 -0.311850 67.611816 0.229323 0.302101 0.925282 -20.391846 0.000000 0.000000 0.000000 1.000000
0.975168 -0.069893 -0.210148 3.324435 -0.000121 0.948727 -0.316096 70.266678 0.221466 0.308272 0.925160 -19.924435 0.000000 0.000000 0.000000 1.000000
0.977587 -0.063090 -0.200856 3.342211 -0.003799 0.948601 -0.316451 72.926926 0.210497 0.310122 0.927100 -19.452761 0.000000 0.000000 0.000000 1.000000
0.980385 -0.056703 -0.188761 3.355434 -0.005424 0.949597 -0.313426 75.546707 0.197019 0.308302 0.930663 -18.977388 0.000000 0.000000 0.000000 1.000000
0.983271 -0.051152 -0.174819 3.352959 -0.005284 0.951346 -0.308079 78.076096 0.182072 0.303849 0.935161 -18.492498 0.000000 0.000000 0.000000 1.000000
0.986042 -0.047095 -0.159697 3.341077 -0.003240 0.953552 -0.301210 80.398148 0.166465 0.297524 0.940090 -17.974598 0.000000 0.000000 0.000000 1.000000
0.988613 -0.045359 -0.143481 3.296894 0.001302 0.956032 -0.293261 82.511940 0.150474 0.289734 0.945204 -17.412031 0.000000 0.000000 0.000000 1.000000
0.990922 -0.045363 -0.126556 3.207872 0.007687 0.958932 -0.283531 84.453735 0.134220 0.279985 0.950575 -16.788488 0.000000 0.000000 0.000000 1.000000
0.992960 -0.045425 -0.109394 3.077141 0.014294 0.962746 -0.270028 86.227905 0.117585 0.266563 0.956618 -16.091444 0.000000 0.000000 0.000000 1.000000
0.994778 -0.043856 -0.092162 2.912721 0.019411 0.967788 -0.251017 87.845612 0.100202 0.247918 0.963585 -15.316089 0.000000 0.000000 0.000000 1.000000
0.996432 -0.040038 -0.074295 2.729670 0.022297 0.973917 -0.225806 89.304016 0.081398 0.223344 0.971335 -14.474607 0.000000 0.000000 0.000000 1.000000
0.997840 -0.034993 -0.055587 2.540267 0.023527 0.980537 -0.194919 90.602737 0.061326 0.193190 0.979243 -13.595214 0.000000 0.000000 0.000000 1.000000
0.998888 -0.029834 -0.036494 2.357172 0.023605 0.986743 -0.160568 91.746742 0.040800 0.159528 0.986350 -12.701575 0.000000 0.000000 0.000000 1.000000
0.999519 -0.025229 -0.018017 2.190979 0.022757 0.991742 -0.126212 92.748611 0.021052 0.125741 0.991840 -11.803965 0.000000 0.000000 0.000000 1.000000
0.999765 -0.021658 -0.001221 2.046672 0.021442 0.995175 -0.095748 93.622658 0.003288 0.095700 0.995405 -10.904071 0.000000 0.000000 0.000000 1.000000
0.999728 -0.018913 0.013651 1.928435 0.019850 0.997199 -0.072111 94.379745 -0.012249 0.072363 0.997303 -10.007738 0.000000 0.000000 0.000000 1.000000
0.999500 -0.016759 0.026805 1.837633 0.018250 0.998243 -0.056381 95.022705 -0.025813 0.056842 0.998049 -9.128612 0.000000 0.000000 0.000000 1.000000
0.999145 -0.015058 0.038493 1.776151 0.016888 0.998720 -0.047670 95.555046 -0.037726 0.048280 0.998121 -8.286945 0.000000 0.000000 0.000000 1.000000
0.998717 -0.013918 0.048680 1.748106 0.016053 0.998914 -0.043746 95.982910 -0.048018 0.044471 0.997856 -7.503442 0.000000 0.000000 0.000000 1.000000
0.998271 -0.013770 0.057137 1.754709 0.016182 0.998988 -0.041973 96.317978 -0.056501 0.042825 0.997484 -6.791350 0.000000 0.000000 0.000000 1.000000
0.997865 -0.014528 0.063667 1.791610 0.017117 0.999041 -0.040296 96.576721 -0.063020 0.041300 0.997157 -6.151711 0.000000 0.000000 0.000000 1.000000
0.997536 -0.015547 0.068419 1.843616 0.018172 0.999116 -0.037910 96.777534 -0.067769 0.039059 0.996936 -5.572954 0.000000 0.000000 0.000000 1.000000
0.997300 -0.016011 0.071663 1.889696 0.018567 0.999210 -0.035136 96.934937 -0.071044 0.036372 0.996810 -5.040330 0.000000 0.000000 0.000000 1.000000
0.997171 -0.015574 0.073538 1.907114 0.018039 0.999294 -0.032969 97.061996 -0.072973 0.034202 0.996747 -4.545152 0.000000 0.000000 0.000000 1.000000
0.997164 -0.014385 0.073878 1.877037 0.016821 0.999331 -0.032461 97.165474 -0.073362 0.033612 0.996739 -4.089151 0.000000 0.000000 0.000000 1.000000
0.997229 -0.013138 0.073218 1.804538 0.015673 0.999293 -0.034164 97.246468 -0.072717 0.035217 0.996731 -3.680659 0.000000 0.000000 0.000000 1.000000
0.997389 -0.012247 0.071171 1.683953 0.014963 0.999175 -0.037754 97.304558 -0.070650 0.038720 0.996749 -3.327610 0.000000 0.000000 0.000000 1.000000
0.997605 -0.012000 0.068126 1.532334 0.014902 0.998995 -0.042263 97.339218 -0.067550 0.043177 0.996781 -3.034852 0.000000 0.000000 0.000000 1.000000
0.997858 -0.012330 0.064246 1.368553 0.015339 0.998798 -0.046556 97.349953 -0.063595 0.047442 0.996847 -2.802651 0.000000 0.000000 0.000000 1.000000
0.998137 -0.012984 0.059621 1.214181 0.015964 0.998632 -0.049789 97.338387 -0.058893 0.050648 0.996979 -2.627203 0.000000 0.000000 0.000000 1.000000
0.998427 -0.013686 0.054380 1.090395 0.016504 0.998525 -0.051720 97.311035 -0.053592 0.052536 0.997180 -2.500269 0.000000 0.000000 0.000000 1.000000
0.998707 -0.014379 0.048764 1.014726 0.016944 0.998471 -0.052608 97.278061 -0.047933 0.053366 0.997424 -2.408356 0.000000 0.000000 0.000000 1.000000
0.998952 -0.015403 0.043093 1.002467 0.017666 0.998457 -0.052647 97.247986 -0.042215 0.053354 0.997683 -2.338003 0.000000 0.000000 0.000000 1.000000
0.999180 -0.016875 0.036810 1.053523 0.018784 0.998463 -0.052149 97.228165 -0.035873 0.052798 0.997961 -2.277763 0.000000 0.000000 0.000000 1.000000
0.999367 -0.018628 0.030301 1.178601 0.020185 0.998448 -0.051910 97.223267 -0.029287 0.052489 0.998192 -2.213619 0.000000 0.000000 0.000000 1.000000
0.999504 -0.020513 0.023891 1.355474 0.021729 0.998420 -0.051813 97.231750 -0.022790 0.052306 0.998371 -2.145301 0.000000 0.000000 0.000000 1.000000
0.999595 -0.022203 0.017791 1.564896 0.023092 0.998409 -0.051449 97.245117 -0.016620 0.051839 0.998517 -2.075465 0.000000 0.000000 0.000000 1.000000
0.999653 -0.023322 0.012239 1.780552 0.023913 0.998434 -0.050574 97.256088 -0.011041 0.050849 0.998645 -2.008618 0.000000 0.000000 0.000000 1.000000
0.999692 -0.023699 0.007357 1.974006 0.024033 0.998504 -0.049119 97.261353 -0.006181 0.049281 0.998766 -1.949386 0.000000 0.000000 0.000000 1.000000
0.999719 -0.023478 0.003154 2.120350 0.023600 0.998612 -0.047085 97.261253 -0.002044 0.047147 0.998886 -1.899760 0.000000 0.000000 0.000000 1.000000
0.999735 -0.023007 -0.000479 2.197332 0.022963 0.998748 -0.044437 97.259483 0.001501 0.044414 0.999012 -1.859940 0.000000 0.000000 0.000000 1.000000
0.999735 -0.022809 -0.003046 2.207352 0.022665 0.998903 -0.040968 97.256767 0.003977 0.040888 0.999156 -1.830459 0.000000 0.000000 0.000000 1.000000
0.999729 -0.022669 -0.005218 2.162672 0.022464 0.999085 -0.036388 97.255806 0.006038 0.036260 0.999324 -1.802280 0.000000 0.000000 0.000000 1.000000
0.999709 -0.023167 -0.006661 2.068268 0.022952 0.999266 -0.030679 97.258751 0.007366 0.030517 0.999507 -1.779452 0.000000 0.000000 0.000000 1.000000
0.999681 -0.023959 -0.007943 1.950922 0.023763 0.999432 -0.023881 97.264839 0.008510 0.023685 0.999683 -1.762876 0.000000 0.000000 0.000000 1.000000
0.999644 -0.024906 -0.009613 1.834347 0.024747 0.999560 -0.016327 97.269669 0.010015 0.016083 0.999821 -1.755978 0.000000 0.000000 0.000000 1.000000
0.999589 -0.025904 -0.012304 1.741450 0.025798 0.999630 -0.008657 97.267799 0.012523 0.008336 0.999887 -1.763067 0.000000 0.000000 0.000000 1.000000
0.999507 -0.026802 -0.016373 1.690990 0.026772 0.999639 -0.002050 97.259308 0.016422 0.001610 0.999864 -1.785831 0.000000 0.000000 0.000000 1.000000
0.999393 -0.027712 -0.021095 1.685573 0.027762 0.999612 0.002055 97.247604 0.021030 -0.002640 0.999775 -1.822850 0.000000 0.000000 0.000000 1.000000
0.999260 -0.028837 -0.025437 1.715855 0.028922 0.999577 0.002949 97.235916 0.025341 -0.003682 0.999672 -1.875691 0.000000 0.000000 0.000000 1.000000
0.999135 -0.030190 -0.028604 1.771357 0.030224 0.999543 0.000755 97.226631 0.028568 -0.001619 0.999591 -1.940757 0.000000 0.000000 0.000000 1.000000
0.999038 -0.031835 -0.030145 1.840398 0.031740 0.999490 -0.003610 97.220665 0.030245 0.002650 0.999539 -2.009188 0.000000 0.000000 0.000000 1.000000
0.998985 -0.033660 -0.029944 1.909730 0.033404 0.999401 -0.009007 97.217697 0.030229 0.007998 0.999511 -2.073475 0.000000 0.000000 0.000000 1.000000
0.998970 -0.035429 -0.028365 1.967375 0.035035 0.999284 -0.014252 97.216637 0.028849 0.013243 0.999496 -2.127371 0.000000 0.000000 0.000000 1.000000
0.998976 -0.036716 -0.026440 2.008925 0.036238 0.999175 -0.018338 97.216614 0.027091 0.017361 0.999482 -2.166664 0.000000 0.000000 0.000000 1.000000
0.998991 -0.037227 -0.025132 2.033107 0.036711 0.999111 -0.020705 97.217850 0.025881 0.019761 0.999470 -2.187172 0.000000 0.000000 0.000000 1.000000
0.999029 -0.036672 -0.024408 2.033761 0.036147 0.999112 -0.021627 97.220421 0.025180 0.020724 0.999468 -2.192707 0.000000 0.000000 0.000000 1.000000
0.999099 -0.034943 -0.024095 2.010767 0.034414 0.999164 -0.022051 97.222229 0.024845 0.021202 0.999466 -2.194360 0.000000 0.000000 0.000000 1.000000
0.999164 -0.032672 -0.024593 1.976825 0.032106 0.999218 -0.023087 97.223549 0.025328 0.022278 0.999431 -2.187645 0.000000 0.000000 0.000000 1.000000
0.999216 -0.030212 -0.025577 1.940229 0.029578 0.999254 -0.024819 97.224564 0.026308 0.024043 0.999365 -2.175504 0.000000 0.000000 0.000000 1.000000
0.999249 -0.027929 -0.026853 1.908368 0.027199 0.999260 -0.027194 97.225075 0.027593 0.026443 0.999269 -2.158666 0.000000 0.000000 0.000000 1.000000
0.999260 -0.026256 -0.028119 1.887042 0.025416 0.999232 -0.029825 97.224869 0.028881 0.029088 0.999160 -2.134271 0.000000 0.000000 0.000000 1.000000
0.999250 -0.025310 -0.029304 1.877821 0.024359 0.999179 -0.032366 97.223145 0.030099 0.031628 0.999046 -2.101329 0.000000 0.000000 0.000000 1.000000
0.999219 -0.025121 -0.030516 1.878940 0.024069 0.999119 -0.034368 97.219574 0.031352 0.033607 0.998943 -2.060172 0.000000 0.000000 0.000000 1.000000
0.999172 -0.025381 -0.031790 1.884114 0.024244 0.999071 -0.035635 97.214394 0.032665 0.034835 0.998859 -2.013505 0.000000 0.000000 0.000000 1.000000
0.999119 -0.025761 -0.033136 1.889561 0.024553 0.999037 -0.036353 97.207947 0.034041 0.035508 0.998789 -1.964750 0.000000 0.000000 0.000000 1.000000
0.999064 -0.026019 -0.034551 1.893597 0.024751 0.999022 -0.036636 97.201729 0.035470 0.035747 0.998731 -1.916078 0.000000 0.000000 0.000000 1.000000
0.999013 -0.026078 -0.035964 1.896127 0.024758 0.999021 -0.036666 97.197464 0.036885 0.035739 0.998680 -1.869077 0.000000 0.000000 0.000000 1.000000
0.998966 -0.026014 -0.037273 1.897800 0.024647 0.999024 -0.036663 97.195412 0.038190 0.035706 0.998632 -1.825694 0.000000 0.000000 0.000000 1.000000
0.998925 -0.025990 -0.038389 1.898802 0.024578 0.999020 -0.036801 97.194870 0.039308 0.035818 0.998585 -1.787863 0.000000 0.000000 0.000000 1.000000
0.998886 -0.026168 -0.039275 1.898690 0.024714 0.999007 -0.037069 97.196053 0.040207 0.036057 0.998541 -1.756847 0.000000 0.000000 0.000000 1.000000
0.998847 -0.026621 -0.039942 1.896359 0.025129 0.998985 -0.037395 97.197426 0.040897 0.036348 0.998502 -1.733910 0.000000 0.000000 0.000000 1.000000
0.998811 -0.027228 -0.040441 1.891153 0.025699 0.998953 -0.037837 97.198524 0.041429 0.036753 0.998465 -1.719886 0.000000 0.000000 0.000000 1.000000
0.998783 -0.027805 -0.040741 1.882479 0.026243 0.998918 -0.038389 97.198532 0.041765 0.037273 0.998432 -1.714999 0.000000 0.000000 0.000000 1.000000
0.998769 -0.028216 -0.040805 1.870158 0.026627 0.998885 -0.038976 97.197182 0.041859 0.037841 0.998407 -1.717221 0.000000 0.000000 0.000000 1.000000
0.998772 -0.028394 -0.040608 1.855296 0.026786 0.998857 -0.039589 97.194244 0.041686 0.038453 0.998391 -1.724220 0.000000 0.000000 0.000000 1.000000
0.998794 -0.028312 -0.040101 1.839910 0.026699 0.998834 -0.040216 97.190910 0.041193 0.039096 0.998386 -1.733328 0.000000 0.000000 0.000000 1.000000
0.998836 -0.028089 -0.039215 1.826950 0.026489 0.998818 -0.040744 97.188377 0.040313 0.039658 0.998400 -1.742055 0.000000 0.000000 0.000000 1.000000
0.998887 -0.027984 -0.037965 1.817554 0.026415 0.998801 -0.041214 97.187004 0.039073 0.040165 0.998429 -1.747741 0.000000 0.000000 0.000000 1.000000
0.998945 -0.027928 -0.036442 1.810179 0.026410 0.998789 -0.041499 97.188721 0.037556 0.040492 0.998474 -1.748177 0.000000 0.000000 0.000000 1.000000
0.999008 -0.028001 -0.034639 1.804359 0.026546 0.998774 -0.041782 97.192200 0.035766 0.040821 0.998526 -1.740284 0.000000 0.000000 0.000000 1.000000
0.999064 -0.028253 -0.032749 1.798602 0.026861 0.998749 -0.042182 97.196167 0.033900 0.041263 0.998573 -1.726992 0.000000 0.000000 0.000000 1.000000
0.999111 -0.028626 -0.030941 1.792786 0.027296 0.998720 -0.042581 97.199852 0.032120 0.041698 0.998614 -1.709615 0.000000 0.000000 0.000000 1.000000
0.999143 -0.029043 -0.029480 1.787620 0.027766 0.998696 -0.042830 97.202438 0.030685 0.041974 0.998647 -1.686668 0.000000 0.000000 0.000000 1.000000
