<?xml version="1.0" encoding="utf-8"?>
<COLLADA xmlns="http://www.collada.org/2005/11/COLLADASchema" version="1.4.1">
  <asset><contributor><author>Mixamo</author><authoring_tool>COLLADA Mixamo exporter</authoring_tool><comments></comments></contributor><created>2018-12-17T10:25:28Z</created><modified>2018-12-17T10:25:28Z</modified><revision></revision><title></title><unit meter="0.010000"/><up_axis>Y_UP</up_axis></asset>
  <library_animations>
    <animation id="mixamorig_Hips-anim" name="mixamorig_Hips"><source id="mixamorig_Hips-Matrix-animation-input"><float_array id="mixamorig_Hips-Matrix-animation-input-array" count="116">

0.000000 0.033333 0.066667 0.100000 0.133333 0.166667 0.200000 0.233333 0.266667 0.300000 0.333333 0.366667 0.400000 0.433333 0.466667 0.500000
0.533333 0.566667 0.600000 0.633333 0.666667 0.700000 0.733333 0.766667 0.800000 0.833333 0.866667 0.900000 0.933333 0.966667 1.000000 1.033333
1.066667 1.100000 1.133333 1.166667 1.200000 1.233333 1.266667 1.300000 1.333333 1.366667 1.400000 1.433333 1.466667 1.500000 1.533333 1.566667
1.600000 1.633333 1.666667 1.700000 1.733333 1.766667 1.800000 1.833333 1.866667 1.900000 1.933333 1.966667 2.000000 2.033333 2.066667 2.100000
2.133333 2.166667 2.200000 2.233333 2.266667 2.300000 2.333333 2.366667 2.400000 2.433333 2.466667 2.500000 2.533333 2.566667 2.600000 2.633333
2.666667 2.700000 2.733333 2.766667 2.800000 2.833333 2.866667 2.900000 2.933333 2.966667 3.000000 3.033333 3.066667 3.100000 3.133333 3.166667
3.200000 3.233333 3.266667 3.300000 3.333333 3.366667 3.400000 3.433333 3.466667 3.500000 3.533333 3.566667 3.600000 3.633333 3.666667 3.700000
3.733333 3.766667 3.800000 3.833333</float_array><technique_common><accessor source="#mixamorig_Hips-Matrix-animation-input-array" count="116"><param name="TIME" type="float"/></accessor></technique_common></source><source id="mixamorig_Hips-Matrix-animation-output-transform"><float_array id="mixamorig_Hips-Matrix-animation-output-transform-array" count="1856">

0.874545 -0.017926 -0.484613 0.697302 -0.004152 0.999003 -0.044446 98.385452 0.484927 0.040882 0.873599 -1.296494 0.000000 0.000000 0.000000 1.000000
0.872966 -0.018487 -0.487430 0.619582 -0.003095 0.999051 -0.043435 98.233742 0.487771 0.039426 0.872081 -1.223135 0.000000 0.000000 0.000000 1.000000
0.871898 -0.020332 -0.489266 0.472585 -0.000452 0.999104 -0.042324 98.055626 0.489688 0.037124 0.871107 -1.129531 0.000000 0.000000 0.000000 1.000000
0.872277 -0.021306 -0.488548 0.227791 0.002188 0.999210 -0.039670 97.849892 0.489008 0.033534 0.871635 -1.017700 0.000000 0.000000 0.000000 1.000000
0.873621 -0.022798 -0.486073 -0.147309 0.005451 0.999298 -0.037072 97.620033 0.486577 0.029737 0.873132 -0.876511 0.000000 0.000000 0.000000 1.000000
0.875697 -0.024318 -0.482247 -0.715946 0.008884 0.999373 -0.034263 97.360313 0.482778 0.025719 0.875365 -0.724081 0.000000 0.000000 0.000000 1.000000
0.877884 -0.026246 -0.478154 -1.470262 0.012916 0.999431 -0.031146 97.083344 0.478699 0.021167 0.877724 -0.571445 0.000000 0.000000 0.000000 1.000000
0.881858 -0.029172 -0.470612 -2.475848 0.018228 0.999447 -0.027797 96.823296 0.471162 0.015935 0.881902 -0.356651 0.000000 0.000000 0.000000 1.000000
0.889315 -0.030392 -0.456285 -3.678492 0.023757 0.999512 -0.020272 96.581528 0.456678 0.007188 0.889603 -0.031076 0.000000 0.000000 0.000000 1.000000
0.900041 -0.030082 -0.434766 -4.909439 0.027402 0.999547 -0.012432 96.382233 0.434943 -0.000724 0.900458 0.342573 0.000000 0.000000 0.000000 1.000000
0.915160 -0.033220 -0.401719 -6.133581 0.029421 0.999445 -0.015626 96.149506 0.402015 0.002481 0.915630 0.893225 0.000000 0.000000 0.000000 1.000000
0.935623 -0.031784 -0.351568 -7.354337 0.029224 0.999494 -0.012586 95.888008 0.351790 0.001501 0.936078 1.569734 0.000000 0.000000 0.000000 1.000000
0.956804 -0.030219 -0.289158 -8.455512 0.029261 0.999543 -0.007636 95.806786 0.289257 -0.001155 0.957251 2.355350 0.000000 0.000000 0.000000 1.000000
0.975958 -0.035755 -0.215007 -9.386059 0.036209 0.999343 -0.001832 95.882195 0.214931 -0.005998 0.976611 3.482904 0.000000 0.000000 0.000000 1.000000
0.988918 -0.044685 -0.141579 -10.056221 0.045326 0.998971 0.001299 96.216400 0.141375 -0.007701 0.989926 4.954738 0.000000 0.000000 0.000000 1.000000
0.995226 -0.051620 -0.082826 -10.509868 0.052046 0.998640 0.002999 96.615875 0.082559 -0.007296 0.996560 6.539148 0.000000 0.000000 0.000000 1.000000
0.997804 -0.057731 -0.032486 -10.772099 0.057915 0.998310 0.004766 96.914078 0.032156 -0.006637 0.999461 8.276147 0.000000 0.000000 0.000000 1.000000
0.997973 -0.060673 0.019201 -10.765043 0.060357 0.998038 0.016671 97.020012 -0.020175 -0.015478 0.999677 10.191589 0.000000 0.000000 0.000000 1.000000
0.995413 -0.058594 0.075634 -10.520523 0.055836 0.997713 0.038083 96.825264 -0.077693 -0.033686 0.996408 12.204831 0.000000 0.000000 0.000000 1.000000
0.990094 -0.059409 0.127222 -10.079318 0.051666 0.996655 0.063321 96.353851 -0.130558 -0.056121 0.989851 14.386368 0.000000 0.000000 0.000000 1.000000
0.983662 -0.062835 0.168701 -9.482995 0.048001 0.994728 0.090616 95.649666 -0.173506 -0.081037 0.981493 16.561728 0.000000 0.000000 0.000000 1.000000
0.979757 -0.065781 0.189074 -8.754992 0.044163 0.992225 0.116362 94.870705 -0.195258 -0.105657 0.975044 18.598322 0.000000 0.000000 0.000000 1.000000
0.981128 -0.070499 0.180048 -7.786039 0.045916 0.989475 0.137229 94.084412 -0.187828 -0.126372 0.974038 20.654951 0.000000 0.000000 0.000000 1.000000
0.987524 -0.076501 0.137638 -6.581165 0.055622 0.987179 0.149611 93.407646 -0.147318 -0.140089 0.979118 22.820787 0.000000 0.000000 0.000000 1.000000
0.994291 -0.084387 0.065304 -5.140213 0.073685 0.985662 0.151795 92.863190 -0.077177 -0.146116 0.986252 25.064051 0.000000 0.000000 0.000000 1.000000
0.994514 -0.100556 -0.028817 -3.487551 0.103542 0.985485 0.134534 92.246101 0.014870 -0.136780 0.990490 27.586922 0.000000 0.000000 0.000000 1.000000
0.981748 -0.131889 -0.137025 -1.666493 0.146087 0.984276 0.099295 91.372337 0.121774 -0.117500 0.985578 30.330507 0.000000 0.000000 0.000000 1.000000
0.948240 -0.179241 -0.262134 0.360821 0.196321 0.979713 0.040262 90.279182 0.249600 -0.089640 0.964191 33.175926 0.000000 0.000000 0.000000 1.000000
0.881784 -0.221942 -0.416171 2.575169 0.224207 0.973542 -0.044134 88.791107 0.414955 -0.054392 0.908215 35.977356 0.000000 0.000000 0.000000 1.000000
0.761212 -0.267241 -0.590880 5.034014 0.216794 0.963588 -0.156519 86.958954 0.611193 -0.008955 0.791431 38.499462 0.000000 0.000000 0.000000 1.000000
0.600369 -0.323138 -0.731532 7.322984 0.185276 0.946046 -0.265838 85.534164 0.777965 0.024066 0.627846 39.793056 0.000000 0.000000 0.000000 1.000000
0.433475 -0.365684 -0.823635 9.500124 0.146622 0.930407 -0.335923 84.079491 0.889158 0.024851 0.456926 40.551506 0.000000 0.000000 0.000000 1.000000
0.319367 -0.371944 -0.871586 11.702615 0.101145 0.927878 -0.358904 82.746964 0.942218 0.026465 0.333954 41.574444 0.000000 0.000000 0.000000 1.000000
0.262230 -0.360427 -0.895169 13.427258 0.067523 0.932211 -0.355561 81.833740 0.962640 0.032794 0.268790 42.745537 0.000000 0.000000 0.000000 1.000000
0.225097 -0.351088 -0.908883 14.941812 0.035579 0.935163 -0.352427 80.898811 0.973686 0.046993 0.222994 43.773701 0.000000 0.000000 0.000000 1.000000
0.183801 -0.354443 -0.916836 16.169353 -0.017059 0.931435 -0.363507 80.078735 0.982815 0.082453 0.165152 44.822289 0.000000 0.000000 0.000000 1.000000
0.125937 -0.373369 -0.919095 16.907894 -0.077799 0.919901 -0.384357 79.299690 0.988983 0.119909 0.086802 46.003578 0.000000 0.000000 0.000000 1.000000
0.033019 -0.394251 -0.918409 17.318077 -0.138486 0.908242 -0.394865 78.447411 0.989814 0.140224 -0.024609 46.840878 0.000000 0.000000 0.000000 1.000000
-0.086355 -0.422061 -0.902445 17.538776 -0.203383 0.894221 -0.398753 77.415611 0.975284 0.149108 -0.163060 47.038361 0.000000 0.000000 0.000000 1.000000
-0.180203 -0.435594 -0.881921 17.720251 -0.235330 0.889653 -0.391328 76.277466 0.955064 0.137024 -0.262826 46.918190 0.000000 0.000000 0.000000 1.000000
-0.229576 -0.418885 -0.878539 18.305487 -0.233748 0.899959 -0.368016 75.192688 0.944805 0.120869 -0.304522 46.761620 0.000000 0.000000 0.000000 1.000000
-0.238125 -0.404774 -0.882867 18.865501 -0.239293 0.905445 -0.350583 74.406487 0.941294 0.127782 -0.312469 46.615665 0.000000 0.000000 0.000000 1.000000
-0.234088 -0.398962 -0.886585 19.210434 -0.249672 0.906008 -0.341780 73.864395 0.939610 0.141349 -0.311695 46.403652 0.000000 0.000000 0.000000 1.000000
-0.223795 -0.396242 -0.890454 19.465847 -0.261097 0.904607 -0.336919 73.434708 0.939012 0.157094 -0.305904 46.170536 0.000000 0.000000 0.000000 1.000000
-0.207987 -0.394079 -0.895233 19.677496 -0.270186 0.902785 -0.334632 73.078606 0.940075 0.172281 -0.294243 45.938614 0.000000 0.000000 0.000000 1.000000
-0.182544 -0.390738 -0.902220 19.847857 -0.271639 0.901965 -0.335667 72.824020 0.944929 0.183804 -0.270788 45.729385 0.000000 0.000000 0.000000 1.000000
-0.143419 -0.395965 -0.906997 19.857294 -0.267435 0.897881 -0.349697 72.714310 0.952843 0.192409 -0.234668 45.547096 0.000000 0.000000 0.000000 1.000000
-0.096599 -0.401103 -0.910925 19.687325 -0.265921 0.892338 -0.364719 72.799469 0.959143 0.207003 -0.192861 45.459854 0.000000 0.000000 0.000000 1.000000
-0.040593 -0.398142 -0.916425 19.405987 -0.265363 0.888540 -0.374272 73.222824 0.963294 0.227993 -0.141720 45.645802 0.000000 0.000000 0.000000 1.000000
0.032571 -0.386566 -0.921687 19.057919 -0.263588 0.886206 -0.381000 74.097176 0.964085 0.255355 -0.073030 46.389648 0.000000 0.000000 0.000000 1.000000
0.100316 -0.374112 -0.921942 18.603148 -0.259670 0.884658 -0.387237 75.459908 0.960473 0.278247 -0.008400 47.731350 0.000000 0.000000 0.000000 1.000000
0.172668 -0.360084 -0.916802 18.069122 -0.258118 0.881713 -0.394915 77.365555 0.950558 0.304832 0.059299 49.939007 0.000000 0.000000 0.000000 1.000000
0.240570 -0.347282 -0.906378 17.491112 -0.247997 0.880816 -0.403311 79.603539 0.938415 0.321804 0.125773 52.880589 0.000000 0.000000 0.000000 1.000000
0.286897 -0.333057 -0.898200 16.820904 -0.249521 0.879270 -0.405738 81.498672 0.924894 0.340525 0.169155 55.897251 0.000000 0.000000 0.000000 1.000000
0.319378 -0.315950 -0.893406 16.092312 -0.258794 0.877863 -0.402968 82.752342 0.911605 0.359907 0.198604 58.754265 0.000000 0.000000 0.000000 1.000000
0.343886 -0.293617 -0.891925 15.575056 -0.261258 0.882434 -0.391222 83.878426 0.901935 0.367558 0.226747 61.537819 0.000000 0.000000 0.000000 1.000000
0.376691 -0.270824 -0.885866 15.231855 -0.242317 0.894201 -0.376412 84.758408 0.894084 0.356452 0.271212 64.271446 0.000000 0.000000 0.000000 1.000000
0.413820 -0.253843 -0.874252 14.857030 -0.211871 0.907113 -0.363672 85.297943 0.885361 0.335723 0.321600 66.917671 0.000000 0.000000 0.000000 1.000000
0.454090 -0.239499 -0.858162 14.307713 -0.169523 0.922372 -0.347120 85.311661 0.874679 0.303102 0.378240 69.653214 0.000000 0.000000 0.000000 1.000000
0.495983 -0.227394 -0.838029 13.591482 -0.119065 0.938177 -0.325036 84.882713 0.860131 0.260992 0.438245 72.423607 0.000000 0.000000 0.000000 1.000000
0.543633 -0.214679 -0.811404 12.703801 -0.064207 0.953266 -0.295231 84.202209 0.836863 0.212595 0.504443 75.339699 0.000000 0.000000 0.000000 1.000000
0.601950 -0.197607 -0.773697 11.597362 -0.008001 0.967356 -0.253294 83.381767 0.798494 0.158660 0.580719 78.518974 0.000000 0.000000 0.000000 1.000000
0.679368 -0.166985 -0.714545 10.134310 0.044738 0.981377 -0.186807 82.504288 0.732433 0.094944 0.674187 82.157639 0.000000 0.000000 0.000000 1.000000
0.780505 -0.120542 -0.613418 8.116808 0.083251 0.992536 -0.089115 81.591171 0.619582 0.018487 0.784715 86.478020 0.000000 0.000000 0.000000 1.000000
0.886295 -0.075851 -0.456867 5.666736 0.093215 0.995525 0.015549 80.841782 0.453643 -0.056368 0.889399 91.267784 0.000000 0.000000 0.000000 1.000000
0.953413 -0.064557 -0.294678 3.596315 0.097536 0.990334 0.098612 80.615738 0.285464 -0.122760 0.950495 95.577599 0.000000 0.000000 0.000000 1.000000
0.987827 -0.071371 -0.138218 2.018253 0.098293 0.975058 0.198998 81.038399 0.120568 -0.210161 0.970204 99.590141 0.000000 0.000000 0.000000 1.000000
0.992918 -0.078243 0.089398 0.759066 0.046352 0.947997 0.314887 82.865387 -0.109387 -0.308513 0.944910 103.889030 0.000000 0.000000 0.000000 1.000000
0.953915 -0.126435 0.272140 -0.334225 0.029153 0.941660 0.335301 84.879532 -0.298657 -0.311915 0.901950 106.934685 0.000000 0.000000 0.000000 1.000000
0.879292 -0.178971 0.441379 -1.321017 0.026848 0.943866 0.329237 86.973854 -0.475526 -0.277645 0.834738 109.580994 0.000000 0.000000 0.000000 1.000000
0.785768 -0.213209 0.580612 -2.169457 0.033568 0.952027 0.304169 88.952209 -0.617609 -0.219516 0.755229 111.841911 0.000000 0.000000 0.000000 1.000000
0.716559 -0.204801 0.666783 -2.836287 0.044805 0.967465 0.249006 90.505463 -0.696086 -0.148552 0.702422 113.271599 0.000000 0.000000 0.000000 1.000000
0.672044 -0.183257 0.717477 -3.518555 0.062749 0.979503 0.191407 91.723091 -0.737848 -0.083613 0.669768 113.934082 0.000000 0.000000 0.000000 1.000000
0.632113 -0.147836 0.760643 -4.202063 0.073935 0.988660 0.130711 92.929260 -0.771341 -0.026386 0.635875 114.349831 0.000000 0.000000 0.000000 1.000000
0.566980 -0.075269 0.820285 -4.482337 0.057724 0.996999 0.051585 93.948280 -0.821706 0.018103 0.569624 114.808487 0.000000 0.000000 0.000000 1.000000
0.485958 -0.012352 0.873895 -4.687332 0.033282 0.999436 -0.004381 94.478889 -0.873348 0.031214 0.486095 115.202469 0.000000 0.000000 0.000000 1.000000
0.418530 0.019247 0.907999 -5.229762 0.022192 0.999260 -0.031410 94.787140 -0.907932 0.033297 0.417794 115.538177 0.000000 0.000000 0.000000 1.000000
0.370032 0.020473 0.928793 -6.027978 0.019508 0.999365 -0.029801 94.663086 -0.928814 0.029146 0.369398 115.810898 0.000000 0.000000 0.000000 1.000000
0.338187 0.009843 0.941028 -6.799127 0.020941 0.999619 -0.017982 94.223076 -0.940846 0.025788 0.337852 116.064468 0.000000 0.000000 0.000000 1.000000
0.323992 0.005484 0.946044 -7.362993 0.034750 0.999239 -0.017693 93.572311 -0.945421 0.038607 0.323555 116.464958 0.000000 0.000000 0.000000 1.000000
0.339420 0.006665 0.940611 -7.773593 0.043398 0.998799 -0.022737 92.796982 -0.939633 0.048538 0.338723 116.934990 0.000000 0.000000 0.000000 1.000000
0.385043 0.010524 0.922839 -8.021732 0.044930 0.998536 -0.030134 91.961906 -0.921804 0.053066 0.384007 117.456161 0.000000 0.000000 0.000000 1.000000
0.459639 0.009562 0.888055 -8.283058 0.047661 0.998236 -0.035416 91.093170 -0.886826 0.058604 0.458372 118.048996 0.000000 0.000000 0.000000 1.000000
0.551554 0.007533 0.834105 -8.522054 0.053680 0.997566 -0.044505 90.224731 -0.832410 0.069322 0.549807 118.983986 0.000000 0.000000 0.000000 1.000000
0.639471 0.007381 0.768780 -8.723351 0.056956 0.996751 -0.056946 89.462242 -0.766703 0.080202 0.636973 120.354813 0.000000 0.000000 0.000000 1.000000
0.727032 0.004593 0.686589 -9.040926 0.053049 0.996613 -0.062841 88.901428 -0.684552 0.082110 0.724325 122.298691 0.000000 0.000000 0.000000 1.000000
0.807542 -0.001799 0.589807 -9.463642 0.042408 0.997584 -0.055020 88.780457 -0.588283 0.069444 0.805668 124.852119 0.000000 0.000000 0.000000 1.000000
0.873436 -0.012371 0.486781 -9.899057 0.034958 0.998691 -0.037345 88.967384 -0.485682 0.049635 0.872725 127.772285 0.000000 0.000000 0.000000 1.000000
0.917491 -0.027185 0.396827 -10.414951 0.040037 0.998907 -0.024137 89.380508 -0.395737 0.038034 0.917576 130.815277 0.000000 0.000000 0.000000 1.000000
0.947215 -0.044303 0.317522 -10.950276 0.048631 0.998800 -0.005712 89.977615 -0.316889 0.020852 0.948234 133.213593 0.000000 0.000000 0.000000 1.000000
0.970604 -0.058201 0.233541 -11.211772 0.055255 0.998289 0.019144 90.774055 -0.234255 -0.005677 0.972159 134.989883 0.000000 0.000000 0.000000 1.000000
0.988055 -0.065951 0.139274 -11.204103 0.060957 0.997346 0.039823 91.929047 -0.141531 -0.030857 0.989453 136.575287 0.000000 0.000000 0.000000 1.000000
0.997350 -0.061231 0.039285 -10.877109 0.059661 0.997418 0.039969 93.210556 -0.041631 -0.037519 0.998428 138.145462 0.000000 0.000000 0.000000 1.000000
0.996677 -0.058196 -0.056994 -10.430153 0.059861 0.997815 0.027961 94.409668 0.055242 -0.031280 0.997983 139.606781 0.000000 0.000000 0.000000 1.000000
0.987212 -0.059889 -0.147733 -9.974393 0.063421 0.997800 0.019311 95.437599 0.146252 -0.028433 0.988839 141.164551 0.000000 0.000000 0.000000 1.000000
0.970117 -0.065290 -0.233688 -9.426769 0.069070 0.997580 0.008019 96.027588 0.232599 -0.023920 0.972279 142.946411 0.000000 0.000000 0.000000 1.000000
0.945023 -0.074524 -0.318400 -8.743840 0.075900 0.997083 -0.008102 96.380234 0.318075 -0.016510 0.947922 144.956421 0.000000 0.000000 0.000000 1.000000
0.919952 -0.079853 -0.383812 -7.851052 0.078196 0.996738 -0.019948 96.634361 0.384153 -0.011661 0.923196 147.153000 0.000000 0.000000 0.000000 1.000000
0.901701 -0.078232 -0.425223 -6.800848 0.075067 0.996884 -0.024223 96.883354 0.425793 -0.010078 0.904765 149.597214 0.000000 0.000000 0.000000 1.000000
0.890776 -0.073438 -0.448469 -5.635850 0.069330 0.997265 -0.025597 97.071404 0.449122 -0.008292 0.893432 152.303467 0.000000 0.000000 0.000000 1.000000
0.882038 -0.067190 -0.466363 -4.420126 0.062160 0.997723 -0.026180 97.207588 0.467060 -0.005897 0.884206 155.112076 0.000000 0.000000 0.000000 1.000000
0.871893 -0.060117 -0.485992 -3.167255 0.053042 0.998191 -0.028315 97.216957 0.486815 -0.001090 0.873504 158.031113 0.000000 0.000000 0.000000 1.000000
0.856316 -0.052238 -0.513803 -1.834485 0.038747 0.998566 -0.036947 96.848671 0.514997 0.011730 0.857112 161.205841 0.000000 0.000000 0.000000 1.000000
0.838149 -0.048002 -0.543325 -0.477488 0.018133 0.998022 -0.060202 96.487816 0.545140 0.040606 0.837361 164.102097 0.000000 0.000000 0.000000 1.000000
0.825147 -0.054060 -0.562326 0.521795 0.011260 0.996787 -0.079306 96.535408 0.564806 0.059108 0.823104 166.664429 0.000000 0.000000 0.000000 1.000000
0.828282 -0.045247 -0.558481 1.328913 0.002870 0.997064 -0.076522 96.862198 0.560304 0.061779 0.825980 168.689362 0.000000 0.000000 0.000000 1.000000
0.836709 -0.041478 -0.546075 1.976261 0.001314 0.997277 -0.073737 97.248001 0.547646 0.060979 0.834485 170.346848 0.000000 0.000000 0.000000 1.000000
0.839157 -0.042574 -0.542221 2.412498 0.002000 0.997166 -0.075200 97.573997 0.543886 0.062021 0.836864 171.809921 0.000000 0.000000 0.000000 1.000000
0.837877 -0.042230 -0.544224 2.630146 0.001024 0.997123 -0.075797 97.786949 0.545859 0.062951 0.835509 172.861191 0.000000 0.000000 0.000000 1.000000
0.839987 -0.040374 -0.541103 2.577809 0.000743 0.997312 -0.073261 97.895943 0.542606 0.061137 0.837759 173.310089 0.000000 0.000000 0.000000 1.000000
0.844633 -0.037414 -0.534037 2.370530 0.000401 0.997599 -0.069255 97.981903 0.535346 0.058281 0.842620 173.399033 0.000000 0.000000 0.000000 1.000000
0.850257 -0.033640 -0.525292 2.078579 -0.000453 0.997909 -0.064640 98.071419 0.526368 0.055198 0.848463 173.291702 0.000000 0.000000 0.000000 1.000000
0.856433 -0.029672 -0.515405 1.730599 -0.001303 0.998220 -0.059633 98.151718 0.516257 0.051743 0.854869 173.061218 0.000000 0.000000 0.000000 1.000000
0.862774 -0.025646 -0.504939 1.361162 -0.002188 0.998514 -0.054452 98.227478 0.505585 0.048085 0.861436 172.783005 0.000000 0.000000 0.000000 1.000000
0.868921 -0.021692 -0.494475 1.005189 -0.003132 0.998778 -0.049317 98.303635 0.494941 0.044401 0.867792 172.531967 0.000000 0.000000 0.000000 1.000000
0.874545 -0.017927 -0.484613 0.697277 -0.004151 0.999003 -0.044446 98.385468 0.484927 0.040881 0.873599 172.383682 0.000000 0.000000 0.000000 1.000000</float_array><technique_common><accessor source="#mixamorig_Hips-Matrix-animation-output-transform-array" count="116" stride="16"><param type="float4x4"/></accessor></technique_common></source><source id="mixamorig_Hips-Interpolations"><Name_array id="mixamorig_Hips-Interpolations-array" count="116">
 LINEAR LINEAR LINEAR LINEAR LINEAR LINEAR LINEAR LINEAR LINEAR LINEAR LINEAR
LINEAR LINEAR LINEAR LINEAR LINEAR LINEAR LINEAR LINEAR LINEAR LINEAR LINEAR LINEAR
LINEAR LINEAR LINEAR LINEAR LINEAR LINEAR LINEAR LINEAR LINEAR LINEAR LINEAR LINEAR
LINEAR LINEAR LINEAR LINEAR LINEAR LINEAR LINEAR LINEAR LINEAR LINEAR LINEAR LINEAR
LINEAR LINEAR LINEAR LINEAR LINEAR LINEAR LINEAR LINEAR LINEAR LINEAR LINEAR LINEAR
LINEAR LINEAR LINEAR LINEAR LINEAR LINEAR LINEAR LINEAR LINEAR LINEAR LINEAR LINEAR
LINEAR LINEAR LINEAR LINEAR LINEAR LINEAR LINEAR LINEAR LINEAR LINEAR LINEAR LINEAR
LINEAR LINEAR LINEAR LINEAR LINEAR LINEAR LINEAR LINEAR LINEAR LINEAR LINEAR LINEAR
LINEAR LINEAR LINEAR LINEAR LINEAR LINEAR LINEAR LINEAR LINEAR LINEAR LINEAR LINEAR
LINEAR LINEAR LINEAR LINEAR LINEAR LINEAR LINEAR LINEAR LINEAR</Name_array><technique_common><accessor source="#mixamorig_Hips-Interpolations-array" count="116"><param type="name"/></accessor></technique_common></source><sampler id="mixamorig_Hips-Matrix-animation-transform"><input semantic="INPUT" source="#mixamorig_Hips-Matrix-animation-input"/><input semantic="OUTPUT" source="#mixamorig_Hips-Matrix-animation-output-transform"/><input semantic="INTERPOLATION" source="#mixamorig_Hips-Interpolations"/></sampler><channel source="#mixamorig_Hips-Matrix-animation-transform" target="mixamorig_Hips/matrix"/></animation>
    <animation id="mixamorig_Spine-anim" name="mixamorig_Spine"><source id="mixamorig_Spine-Matrix-animation-input"><float_array id="mixamorig_Spine-Matrix-animation-input-array" count="116">

0.000000 0.033333 0.066667 0.100000 0.133333 0.166667 0.200000 0.233333 0.266667 0.300000 0.333333 0.366667 0.400000 0.433333 0.466667 0.500000
0.533333 0.566667 0.600000 0.633333 0.666667 0.700000 0.733333 0.766667 0.800000 0.833333 0.866667 0.900000 0.933333 0.966667 1.000000 1.033333
1.066667 1.100000 1.133333 1.166667 1.200000 1.233333 1.266667 1.300000 1.333333 1.366667 1.400000 1.433333 1.466667 1.500000 1.533333 1.566667
1.600000 1.633333 1.666667 1.700000 1.733333 1.766667 1.800000 1.833333 1.866667 1.900000 1.933333 1.966667 2.000000 2.033333 2.066667 2.100000
2.133333 2.166667 2.200000 2.233333 2.266667 2.300000 2.333333 2.366667 2.400000 2.433333 2.466667 2.500000 2.533333 2.566667 2.600000 2.633333
2.666667 2.700000 2.733333 2.766667 2.800000 2.833333 2.866667 2.900000 2.933333 2.966667 3.000000 3.033333 3.066667 3.100000 3.133333 3.166667
3.200000 3.233333 3.266667 3.300000 3.333333 3.366667 3.400000 3.433333 3.466667 3.500000 3.533333 3.566667 3.600000 3.633333 3.666667 3.700000
3.733333 3.766667 3.800000 3.833333</float_array><technique_common><accessor source="#mixamorig_Spine-Matrix-animation-input-array" count="116"><param name="TIME" type="float"/></accessor></technique_common></source><source id="mixamorig_Spine-Matrix-animation-output-transform"><float_array id="mixamorig_Spine-Matrix-animation-output-transform-array" count="1856">

0.998898 0.046511 -0.006352 -0.000000 -0.046942 0.989550 -0.136336 9.923500 -0.000055 0.136484 0.990642 -1.227300 0.000000 0.000000 0.000000 1.000000
0.999004 0.044145 -0.006482 0.000000 -0.044617 0.989494 -0.137517 9.923500 0.000343 0.137669 0.990478 -1.227300 0.000000 0.000000 0.000000 1.000000
0.999049 0.043134 -0.006432 0.000000 -0.043608 0.989652 -0.136699 9.923500 0.000469 0.136849 0.990592 -1.227300 0.000000 0.000000 0.000000 1.000000
0.999149 0.040680 -0.006874 0.000000 -0.041239 0.989718 -0.136962 9.923500 0.001232 0.137129 0.990552 -1.227300 0.000000 0.000000 0.000000 1.000000
0.999272 0.037355 -0.007737 0.000000 -0.038064 0.989797 -0.137309 9.923500 0.002529 0.137503 0.990498 -1.227300 0.000000 0.000000 0.000000 1.000000
0.999302 0.036423 -0.008310 -0.000000 -0.037230 0.989357 -0.140666 9.923500 0.003098 0.140877 0.990022 -1.227300 0.000000 0.000000 0.000000 1.000000
0.999310 0.035558 -0.010706 -0.000000 -0.036766 0.987898 -0.150684 9.923500 0.005219 0.150974 0.988524 -1.227300 0.000000 0.000000 0.000000 1.000000
0.999233 0.037462 -0.011390 -0.000000 -0.038815 0.985973 -0.162327 9.923500 0.005149 0.162644 0.986671 -1.227300 0.000000 0.000000 0.000000 1.000000
0.999277 0.037143 -0.008176 0.000000 -0.038012 0.982461 -0.182555 9.923500 0.001252 0.182734 0.983162 -1.227300 0.000000 0.000000 0.000000 1.000000
0.999586 0.028763 -0.000996 -0.000000 -0.028362 0.978601 -0.203801 9.923500 -0.004887 0.203745 0.979012 -1.227300 0.000000 0.000000 0.000000 1.000000
0.999895 0.006049 0.013179 0.000000 -0.003267 0.979449 -0.201667 9.923500 -0.014128 0.201603 0.979366 -1.227300 0.000000 0.000000 0.000000 1.000000
0.999388 -0.013892 0.032117 0.000000 0.020275 0.977941 -0.207893 9.923500 -0.028521 0.208417 0.977624 -1.227300 0.000000 0.000000 0.000000 1.000000
0.998074 -0.025849 0.056385 0.000000 0.037199 0.976856 -0.210636 9.923500 -0.049635 0.212328 0.975937 -1.227300 0.000000 0.000000 0.000000 1.000000
0.996204 -0.026118 0.083043 0.000000 0.042489 0.978470 -0.201966 9.923500 -0.075980 0.204728 0.975866 -1.227300 0.000000 0.000000 0.000000 1.000000
0.993524 -0.021424 0.111580 -0.000000 0.041380 0.982844 -0.179739 9.923500 -0.105815 0.183192 0.977366 -1.227300 0.000000 0.000000 0.000000 1.000000
0.989758 -0.007674 0.142547 0.000000 0.030418 0.986959 -0.158070 9.923500 -0.139475 0.160787 0.977085 -1.227300 0.000000 0.000000 0.000000 1.000000
0.985072 0.011884 0.171735 -0.000000 0.011504 0.990840 -0.134550 9.923500 -0.171761 0.134517 0.975912 -1.227300 0.000000 0.000000 0.000000 1.000000
0.980720 0.023998 0.193941 0.000000 -0.002388 0.993828 -0.110902 9.923500 -0.195406 0.108301 0.974724 -1.227300 0.000000 0.000000 0.000000 1.000000
0.978721 0.018527 0.204356 0.000000 0.000456 0.995717 -0.092457 9.923500 -0.205194 0.090583 0.974520 -1.227300 0.000000 0.000000 0.000000 1.000000
0.977628 0.008804 0.210155 -0.000000 0.006916 0.997238 -0.073954 9.923500 -0.210226 0.073753 0.974867 -1.227300 0.000000 0.000000 0.000000 1.000000
0.977220 -0.004916 0.212170 -0.000000 0.020158 0.997362 -0.069738 9.923500 -0.211267 0.072427 0.974741 -1.227300 0.000000 0.000000 0.000000 1.000000
0.976045 -0.031867 0.215224 0.000000 0.049465 0.995813 -0.076877 9.923500 -0.211873 0.085682 0.973534 -1.227300 0.000000 0.000000 0.000000 1.000000
0.973828 -0.060485 0.219090 0.000000 0.083016 0.991997 -0.095134 9.923500 -0.211582 0.110832 0.971056 -1.227300 0.000000 0.000000 0.000000 1.000000
0.970801 -0.088593 0.222930 0.000000 0.114397 0.987805 -0.105615 9.923500 -0.210854 0.128034 0.969096 -1.227300 0.000000 0.000000 0.000000 1.000000
0.970868 -0.092502 0.221038 -0.000000 0.119200 0.986686 -0.110647 9.923500 -0.207860 0.133771 0.968968 -1.227300 0.000000 0.000000 0.000000 1.000000
0.976252 -0.074375 0.203471 0.000000 0.100998 0.987160 -0.123750 9.923500 -0.191654 0.141362 0.971229 -1.227300 0.000000 0.000000 0.000000 1.000000
0.982871 -0.044274 0.178900 0.000000 0.069937 0.987708 -0.139792 9.923500 -0.170512 0.149909 0.973886 -1.227300 0.000000 0.000000 0.000000 1.000000
0.988185 -0.022442 0.151612 0.000000 0.045623 0.987450 -0.151199 9.923500 -0.146316 0.156330 0.976807 -1.227300 0.000000 0.000000 0.000000 1.000000
0.990537 -0.033885 0.132996 0.000000 0.059716 0.978915 -0.195346 9.923500 -0.123572 0.201439 0.971675 -1.227300 0.000000 0.000000 0.000000 1.000000
0.991795 -0.037682 0.122156 0.000000 0.070216 0.959098 -0.274229 9.923500 -0.106826 0.280556 0.953874 -1.227300 0.000000 0.000000 0.000000 1.000000
0.994331 0.035873 0.100091 0.000000 0.004123 0.927650 -0.373427 9.923500 -0.106246 0.371723 0.922244 -1.227300 0.000000 0.000000 0.000000 1.000000
0.986531 0.156210 0.048534 0.000000 -0.118884 0.888504 -0.443200 9.923500 -0.112355 0.431461 0.895108 -1.227300 0.000000 0.000000 0.000000 1.000000
0.981519 0.191361 -0.001115 0.000000 -0.167672 0.857176 -0.486965 9.923500 -0.092231 0.478152 0.873421 -1.227300 0.000000 0.000000 0.000000 1.000000
0.984994 0.165517 -0.048903 0.000000 -0.166797 0.840125 -0.516110 9.923500 -0.044340 0.516522 0.855125 -1.227300 0.000000 0.000000 0.000000 1.000000
0.986099 0.141088 -0.087764 0.000000 -0.166147 0.843231 -0.511231 9.923500 0.001877 0.518706 0.854951 -1.227300 0.000000 0.000000 0.000000 1.000000
0.987411 0.105972 -0.117426 -0.000000 -0.151171 0.850704 -0.503438 9.923500 0.046544 0.514852 0.856014 -1.227300 0.000000 0.000000 0.000000 1.000000
0.985983 0.037472 -0.162583 0.000000 -0.113269 0.865821 -0.487365 9.923500 0.122505 0.498949 0.857929 -1.227300 0.000000 0.000000 0.000000 1.000000
0.977711 0.005945 -0.209871 0.000000 -0.108187 0.870940 -0.479332 9.923500 0.179935 0.491354 0.852171 -1.227300 0.000000 0.000000 0.000000 1.000000
0.968915 0.038542 -0.244374 -0.000000 -0.143253 0.892748 -0.427177 9.923500 0.201700 0.448905 0.870518 -1.227300 0.000000 0.000000 0.000000 1.000000
0.963321 0.076423 -0.257240 0.000000 -0.175608 0.904368 -0.388947 9.923500 0.202915 0.419854 0.884617 -1.227300 0.000000 0.000000 0.000000 1.000000
0.959570 0.086570 -0.267826 0.000000 -0.195647 0.889215 -0.413545 9.923500 0.202354 0.449225 0.870201 -1.227300 0.000000 0.000000 0.000000 1.000000
0.960519 0.059825 -0.271707 0.000000 -0.177678 0.883415 -0.433600 9.923500 0.214090 0.464757 0.859166 -1.227300 0.000000 0.000000 0.000000 1.000000
0.964891 0.039734 -0.259629 0.000000 -0.153973 0.886395 -0.436574 9.923500 0.212787 0.461222 0.861392 -1.227300 0.000000 0.000000 0.000000 1.000000
0.969939 0.023294 -0.242232 0.000000 -0.129799 0.891511 -0.434005 9.923500 0.205843 0.452400 0.867735 -1.227300 0.000000 0.000000 0.000000 1.000000
0.974063 0.009104 -0.226094 -0.000000 -0.108722 0.895124 -0.432356 9.923500 0.198446 0.445724 0.872897 -1.227300 0.000000 0.000000 0.000000 1.000000
0.975826 -0.004572 -0.218502 0.000000 -0.094005 0.893788 -0.438528 9.923500 0.197299 0.448467 0.871751 -1.227300 0.000000 0.000000 0.000000 1.000000
0.975180 0.000635 -0.221413 -0.000000 -0.098402 0.897055 -0.430824 9.923500 0.198346 0.441918 0.874853 -1.227300 0.000000 0.000000 0.000000 1.000000
0.973719 0.005512 -0.227686 0.000000 -0.101951 0.904500 -0.414109 9.923500 0.203659 0.426438 0.881291 -1.227300 0.000000 0.000000 0.000000 1.000000
0.970392 0.007780 -0.241411 -0.000000 -0.105831 0.912127 -0.396011 9.923500 0.217117 0.409834 0.885944 -1.227300 0.000000 0.000000 0.000000 1.000000
0.964644 -0.004415 -0.263518 0.000000 -0.099564 0.919663 -0.379878 9.923500 0.244024 0.392684 0.886708 -1.227300 0.000000 0.000000 0.000000 1.000000
0.962361 0.012024 -0.271508 0.000000 -0.108070 0.933571 -0.341711 9.923500 0.249363 0.358191 0.899732 -1.227300 0.000000 0.000000 0.000000 1.000000
0.957552 0.020728 -0.287515 0.000000 -0.116675 0.939928 -0.320815 9.923500 0.263594 0.340743 0.902448 -1.227300 0.000000 0.000000 0.000000 1.000000
0.953575 0.030628 -0.299593 0.000000 -0.120817 0.950156 -0.287413 9.923500 0.275857 0.310266 0.909746 -1.227300 0.000000 0.000000 0.000000 1.000000
0.951758 0.047620 -0.303133 0.000000 -0.123331 0.963944 -0.235798 9.923500 0.280975 0.261808 0.923314 -1.227300 0.000000 0.000000 0.000000 1.000000
0.950202 0.060083 -0.305788 0.000000 -0.120662 0.975634 -0.183246 9.923500 0.287327 0.211017 0.934299 -1.227300 0.000000 0.000000 0.000000 1.000000
0.945175 0.076035 -0.317590 0.000000 -0.133627 0.977422 -0.163679 9.923500 0.297974 0.197144 0.933995 -1.227300 0.000000 0.000000 0.000000 1.000000
0.934715 0.082187 -0.345766 -0.000000 -0.151350 0.972315 -0.178034 9.923500 0.321562 0.218743 0.921276 -1.227300 0.000000 0.000000 0.000000 1.000000
0.922194 0.078170 -0.378745 0.000000 -0.165654 0.964808 -0.204216 9.923500 0.349453 0.251068 0.902689 -1.227300 0.000000 0.000000 0.000000 1.000000
0.913807 0.072023 -0.399712 0.000000 -0.174170 0.958557 -0.225462 9.923500 0.366908 0.275647 0.888480 -1.227300 0.000000 0.000000 0.000000 1.000000
0.908216 0.066017 -0.413262 0.000000 -0.178287 0.954424 -0.239352 9.923500 0.378626 0.291062 0.878593 -1.227300 0.000000 0.000000 0.000000 1.000000
0.903699 0.055162 -0.424600 -0.000000 -0.175040 0.952609 -0.248790 9.923500 0.390754 0.299154 0.870528 -1.227300 0.000000 0.000000 0.000000 1.000000
0.899363 0.033006 -0.435956 0.000000 -0.158366 0.954024 -0.254476 9.923500 0.407513 0.297907 0.863241 -1.227300 0.000000 0.000000 0.000000 1.000000
0.894965 -0.013752 -0.445924 0.000000 -0.114046 0.959264 -0.258471 9.923500 0.431313 0.282178 0.856939 -1.227300 0.000000 0.000000 0.000000 1.000000
0.886500 -0.086401 -0.454591 0.000000 -0.032245 0.968490 -0.246954 9.923500 0.461604 0.233583 0.855781 -1.227300 0.000000 0.000000 0.000000 1.000000
0.870362 -0.161496 -0.465177 0.000000 0.077295 0.977785 -0.194836 9.923500 0.486309 0.133622 0.863510 -1.227300 0.000000 0.000000 0.000000 1.000000
0.871756 -0.178136 -0.456409 0.000000 0.146825 0.983732 -0.103509 9.923500 0.467423 0.023222 0.883729 -1.227300 0.000000 0.000000 0.000000 1.000000
0.886867 -0.169014 -0.430002 0.000000 0.174959 0.984232 -0.026008 9.923500 0.427618 -0.052167 0.902453 -1.227300 0.000000 0.000000 0.000000 1.000000
0.881860 -0.221036 -0.416491 -0.000000 0.248166 0.968651 0.011383 9.923500 0.400919 -0.113397 0.909068 -1.227300 0.000000 0.000000 0.000000 1.000000
0.917301 -0.176009 -0.357182 0.000000 0.212544 0.974959 0.065416 9.923500 0.336724 -0.135923 0.931741 -1.227300 0.000000 0.000000 0.000000 1.000000
0.954599 -0.102824 -0.279585 0.000000 0.136251 0.985323 0.102833 9.923500 0.264908 -0.136258 0.954598 -1.227300 0.000000 0.000000 0.000000 1.000000
0.980171 -0.035035 -0.195031 -0.000000 0.055871 0.993175 0.102381 9.923500 0.190113 -0.111247 0.975439 -1.227300 0.000000 0.000000 0.000000 1.000000
0.992674 -0.016244 -0.119730 0.000000 0.020252 0.999272 0.032339 9.923500 0.119118 -0.034527 0.992280 -1.227300 0.000000 0.000000 0.000000 1.000000
0.998566 -0.011106 -0.052372 0.000000 0.006159 0.995582 -0.093693 9.923500 0.053181 0.093236 0.994223 -1.227300 0.000000 0.000000 0.000000 1.000000
0.999932 0.003177 0.011208 0.000000 -0.000937 0.980905 -0.194485 9.923500 -0.011611 0.194461 0.980841 -1.227300 0.000000 0.000000 0.000000 1.000000
0.998259 -0.020488 0.055304 0.000000 0.030163 0.983162 -0.180228 9.923500 -0.050680 0.181583 0.982069 -1.227300 0.000000 0.000000 0.000000 1.000000
0.995221 -0.056026 0.079982 -0.000000 0.066526 0.988567 -0.135312 9.923500 -0.071487 0.139987 0.987569 -1.227300 0.000000 0.000000 0.000000 1.000000
0.994348 -0.050230 0.093531 0.000000 0.061488 0.990665 -0.121666 9.923500 -0.086546 0.126729 0.988155 -1.227300 0.000000 0.000000 0.000000 1.000000
0.993956 -0.041340 0.101702 0.000000 0.057580 0.985054 -0.162336 9.923500 -0.093471 0.167211 0.981480 -1.227300 0.000000 0.000000 0.000000 1.000000
0.994099 -0.033195 0.103278 0.000000 0.054567 0.975834 -0.211591 9.923500 -0.093758 0.215978 0.971886 -1.227300 0.000000 0.000000 0.000000 1.000000
0.995090 -0.017327 0.097445 0.000000 0.039057 0.973399 -0.225762 9.923500 -0.090941 0.228460 0.969297 -1.227300 0.000000 0.000000 0.000000 1.000000
0.995340 -0.016538 0.095001 0.000000 0.037226 0.974712 -0.220344 9.923500 -0.088954 0.222854 0.970785 -1.227300 0.000000 0.000000 0.000000 1.000000
0.995022 -0.027003 0.095923 0.000000 0.046806 0.976440 -0.210650 9.923500 -0.087975 0.214092 0.972844 -1.227300 0.000000 0.000000 0.000000 1.000000
0.994916 -0.034020 0.094784 -0.000000 0.054129 0.974344 -0.218456 9.923500 -0.084921 0.222476 0.971233 -1.227300 0.000000 0.000000 0.000000 1.000000
0.995516 -0.029766 0.089792 0.000000 0.049232 0.973550 -0.223106 9.923500 -0.080776 0.226526 0.970650 -1.227300 0.000000 0.000000 0.000000 1.000000
0.996421 -0.030151 0.078974 0.000000 0.046634 0.975270 -0.216041 9.923500 -0.070507 0.218950 0.973185 -1.227300 0.000000 0.000000 0.000000 1.000000
0.997012 -0.040497 0.065780 0.000000 0.053678 0.975585 -0.212960 9.923500 -0.055550 0.215854 0.974844 -1.227300 0.000000 0.000000 0.000000 1.000000
0.997126 -0.055542 0.051530 0.000000 0.065256 0.975164 -0.211653 9.923500 -0.038494 0.214407 0.975986 -1.227300 0.000000 0.000000 0.000000 1.000000
0.997626 -0.059730 0.034268 0.000000 0.065253 0.978970 -0.193289 9.923500 -0.022002 0.195067 0.980543 -1.227300 0.000000 0.000000 0.000000 1.000000
0.998718 -0.050526 0.003021 0.000000 0.050365 0.986067 -0.158541 9.923500 0.005031 0.158490 0.987348 -1.227300 0.000000 0.000000 0.000000 1.000000
0.998779 -0.042089 -0.025868 0.000000 0.037432 0.986450 -0.159737 9.923500 0.032240 0.158573 0.986821 -1.227300 0.000000 0.000000 0.000000 1.000000
0.998170 -0.043802 -0.041701 0.000000 0.035151 0.981285 -0.189327 9.923500 0.049213 0.187515 0.981028 -1.227300 0.000000 0.000000 0.000000 1.000000
0.997818 -0.050323 -0.042744 0.000000 0.039847 0.975161 -0.217882 9.923500 0.052647 0.215704 0.975039 -1.227300 0.000000 0.000000 0.000000 1.000000
0.997129 -0.067827 -0.033661 0.000000 0.058702 0.973237 -0.222179 9.923500 0.047830 0.219565 0.974425 -1.227300 0.000000 0.000000 0.000000 1.000000
0.996761 -0.077126 -0.022778 0.000000 0.070263 0.973003 -0.219837 9.923500 0.039119 0.217525 0.975271 -1.227300 0.000000 0.000000 0.000000 1.000000
0.997226 -0.072949 -0.014817 0.000000 0.067544 0.970414 -0.231805 9.923500 0.031288 0.230161 0.972649 -1.227300 0.000000 0.000000 0.000000 1.000000
0.998047 -0.061056 -0.013231 -0.000000 0.056300 0.970813 -0.233134 9.923500 0.027079 0.231934 0.972355 -1.227300 0.000000 0.000000 0.000000 1.000000
0.998950 -0.044825 -0.009429 -0.000000 0.041437 0.972049 -0.231094 9.923500 0.019524 0.230461 0.972886 -1.227300 0.000000 0.000000 0.000000 1.000000
0.999106 -0.041591 -0.007540 0.000000 0.038746 0.972449 -0.229871 9.923500 0.016893 0.229374 0.973192 -1.227300 0.000000 0.000000 0.000000 1.000000
0.998571 -0.052766 -0.008476 -0.000000 0.049333 0.971111 -0.233472 9.923500 0.020551 0.232720 0.972327 -1.227300 0.000000 0.000000 0.000000 1.000000
0.997813 -0.065602 -0.008102 0.000000 0.061769 0.969037 -0.239063 9.923500 0.023534 0.238040 0.970970 -1.227300 0.000000 0.000000 0.000000 1.000000
0.996772 -0.080036 -0.006334 0.000000 0.076088 0.966888 -0.243594 9.923500 0.025621 0.242325 0.969857 -1.227300 0.000000 0.000000 0.000000 1.000000
0.995450 -0.095246 -0.002605 0.000000 0.091805 0.966084 -0.241357 9.923500 0.025505 0.240019 0.970433 -1.227300 0.000000 0.000000 0.000000 1.000000
0.994048 -0.108735 0.006727 0.000000 0.107533 0.969419 -0.220600 9.923500 0.017466 0.220010 0.975341 -1.227300 0.000000 0.000000 0.000000 1.000000
0.992891 -0.118040 0.015280 0.000000 0.118797 0.974852 -0.188548 9.923500 0.007360 0.189023 0.981945 -1.227300 0.000000 0.000000 0.000000 1.000000
0.995193 -0.095660 0.021000 0.000000 0.097772 0.982867 -0.156246 9.923500 -0.005694 0.157548 0.987495 -1.227300 0.000000 0.000000 0.000000 1.000000
0.995766 -0.089949 0.018976 0.000000 0.091818 0.983253 -0.157427 9.923500 -0.004498 0.158503 0.987348 -1.227300 0.000000 0.000000 0.000000 1.000000
0.996703 -0.079871 0.014275 0.000000 0.081131 0.983130 -0.163933 9.923500 -0.000940 0.164550 0.986368 -1.227300 0.000000 0.000000 0.000000 1.000000
0.997703 -0.066825 0.011096 0.000000 0.067737 0.985609 -0.154877 9.923500 -0.000587 0.155273 0.987871 -1.227300 0.000000 0.000000 0.000000 1.000000
0.998529 -0.053476 0.008920 -0.000000 0.054203 0.988037 -0.144375 9.923500 -0.001092 0.144647 0.989483 -1.227300 0.000000 0.000000 0.000000 1.000000
0.999245 -0.038213 0.006953 0.000000 0.038809 0.989506 -0.139184 9.923500 -0.001562 0.139349 0.990242 -1.227300 0.000000 0.000000 0.000000 1.000000
0.999716 -0.023282 0.005021 0.000000 0.023751 0.990244 -0.137303 9.923500 -0.001776 0.137384 0.990516 -1.227300 0.000000 0.000000 0.000000 1.000000
0.999957 -0.008778 0.003108 0.000000 0.009122 0.990511 -0.137127 9.923500 -0.001875 0.137150 0.990549 -1.227300 0.000000 0.000000 0.000000 1.000000
0.999984 0.005648 0.001048 -0.000000 -0.005449 0.990444 -0.137806 9.923500 -0.001816 0.137798 0.990459 -1.227300 0.000000 0.000000 0.000000 1.000000
0.999803 0.019798 -0.001200 0.000000 -0.019774 0.990168 -0.138478 9.923500 -0.001554 0.138475 0.990365 -1.227300 0.000000 0.000000 0.000000 1.000000
0.999433 0.033483 -0.003661 0.000000 -0.033668 0.989821 -0.138276 9.923500 -0.001006 0.138320 0.990387 -1.227300 0.000000 0.000000 0.000000 1.000000
