<?xml version="1.0" encoding="utf-8"?>
<COLLADA xmlns="http://www.collada.org/2005/11/COLLADASchema" version="1.4.1">
  <asset><contributor><author>Mixamo</author><authoring_tool>COLLADA Mixamo exporter</authoring_tool><comments></comments></contributor><created>2018-12-18T10:20:25Z</created><modified>2018-12-18T10:20:25Z</modified><revision></revision><title></title><unit meter="0.010000"/><up_axis>Y_UP</up_axis></asset>
  <library_animations>
    <animation id="Hips-anim" name="Hips"><source id="Hips-Matrix-animation-input"><float_array id="Hips-Matrix-animation-input-array" count="18">

0.000000 0.033333 0.066667 0.100000 0.133333 0.166667 0.200000 0.233333 0.266667 0.300000 0.333333 0.366667 0.400000 0.433333 0.466667 0.500000
0.533333 0.566667</float_array><technique_common><accessor source="#Hips-Matrix-animation-input-array" count="18"><param name="TIME" type="float"/></accessor></technique_common></source><source id="Hips-Matrix-animation-output-transform"><float_array id="Hips-Matrix-animation-output-transform-array" count="288">

0.561454 -0.120780 -0.818646 2.686120 -0.019650 0.987066 -0.159105 95.652840 0.827275 0.105416 0.551819 -1.629685 0.000000 0.000000 0.000000 1.000000
0.522550 -0.125600 -0.843306 2.796912 -0.020561 0.986946 -0.159733 94.731613 0.852360 0.100808 0.513147 -0.531102 0.000000 0.000000 0.000000 1.000000
0.478873 -0.130215 -0.868173 2.993820 -0.023099 0.986727 -0.160738 93.936615 0.877580 0.097027 0.469509 0.480219 0.000000 0.000000 0.000000 1.000000
0.437639 -0.136071 -0.888795 3.116150 -0.016417 0.987109 -0.159206 93.516182 0.899001 0.084266 0.429764 1.524042 0.000000 0.000000 0.000000 1.000000
0.406857 -0.139732 -0.902741 3.225258 -0.015171 0.987062 -0.159621 93.253220 0.913366 0.078639 0.399473 2.876350 0.000000 0.000000 0.000000 1.000000
0.392277 -0.142643 -0.908720 3.193056 -0.013520 0.986902 -0.160751 92.880760 0.919748 0.075345 0.385211 4.691047 0.000000 0.000000 0.000000 1.000000
0.384517 -0.145634 -0.911558 3.048676 -0.013015 0.986524 -0.163101 92.468109 0.923026 0.074579 0.377440 6.964844 0.000000 0.000000 0.000000 1.000000
0.380102 -0.148685 -0.912916 2.817297 -0.013347 0.986011 -0.166147 92.020958 0.924848 0.075337 0.372800 9.467443 0.000000 0.000000 0.000000 1.000000
0.377083 -0.151903 -0.913638 2.542728 -0.013565 0.985447 -0.169441 91.542076 0.926080 0.076287 0.369535 11.996202 0.000000 0.000000 0.000000 1.000000
0.377019 -0.154822 -0.913174 2.115143 -0.015157 0.984767 -0.173217 90.773872 0.926082 0.079147 0.368929 14.662254 0.000000 0.000000 0.000000 1.000000
0.378094 -0.157615 -0.912251 1.499878 -0.017041 0.984048 -0.177083 89.690536 0.925610 0.082500 0.369377 17.312737 0.000000 0.000000 0.000000 1.000000
0.379300 -0.160421 -0.911261 0.807416 -0.020191 0.983186 -0.181487 88.257370 0.925053 0.087237 0.369683 19.958952 0.000000 0.000000 0.000000 1.000000
0.380167 -0.162535 -0.910525 0.079069 -0.021285 0.982641 -0.184295 86.509369 0.924673 0.089443 0.370108 22.604517 0.000000 0.000000 0.000000 1.000000
0.380323 -0.164729 -0.910065 -0.199203 -0.022355 0.982085 -0.187108 85.125626 0.924583 0.091506 0.369827 24.648594 0.000000 0.000000 0.000000 1.000000
0.381651 -0.166700 -0.909150 -0.291543 -0.023224 0.981562 -0.189727 84.061523 0.924015 0.093524 0.370743 26.164572 0.000000 0.000000 0.000000 1.000000
0.383912 -0.168492 -0.907867 -0.319659 -0.023965 0.981061 -0.192210 83.433533 0.923059 0.095548 0.372603 26.925678 0.000000 0.000000 0.000000 1.000000
0.386382 -0.170253 -0.906489 -0.332401 -0.024653 0.980558 -0.194672 82.939301 0.922009 0.097565 0.374673 27.455715 0.000000 0.000000 0.000000 1.000000
0.388908 -0.171978 -0.905082 -0.342624 -0.025333 0.980054 -0.197109 82.465645 0.920928 0.099586 0.376794 27.949978 0.000000 0.000000 0.000000 1.000000</float_array><technique_common><accessor source="#Hips-Matrix-animation-output-transform-array" count="18" stride="16"><param type="float4x4"/></accessor></technique_common></source><source id="Hips-Interpolations"><Name_array id="Hips-Interpolations-array" count="18">
 LINEAR LINEAR LINEAR LINEAR LINEAR LINEAR LINEAR LINEAR LINEAR LINEAR LINEAR
LINEAR LINEAR LINEAR LINEAR LINEAR LINEAR LINEAR</Name_array><technique_common><accessor source="#Hips-Interpolations-array" count="18"><param type="name"/></accessor></technique_common></source><sampler id="Hips-Matrix-animation-transform"><input semantic="INPUT" source="#Hips-Matrix-animation-input"/><input semantic="OUTPUT" source="#Hips-Matrix-animation-output-transform"/><input semantic="INTERPOLATION" source="#Hips-Interpolations"/></sampler><channel source="#Hips-Matrix-animation-transform" target="Hips/matrix"/></animation>
    <animation id="Spine-anim" name="Spine"><source id="Spine-Matrix-animation-input"><float_array id="Spine-Matrix-animation-input-array" count="18">

0.000000 0.033333 0.066667 0.100000 0.133333 0.166667 0.200000 0.233333 0.266667 0.300000 0.333333 0.366667 0.400000 0.433333 0.466667 0.500000
0.533333 0.566667</float_array><technique_common><accessor source="#Spine-Matrix-animation-input-array" count="18"><param name="TIME" type="float"/></accessor></technique_common></source><source id="Spine-Matrix-animation-output-transform"><float_array id="Spine-Matrix-animation-output-transform-array" count="288">

0.996784 0.049382 0.063116 -0.140700 -0.040949 0.990858 -0.128547 10.091100 -0.068887 0.125549 0.989693 -0.967100 0.000000 0.000000 0.000000 1.000000
0.994173 0.029245 0.103757 -0.140700 -0.015861 0.991706 -0.127547 10.091100 -0.106626 0.125158 0.986391 -0.967100 0.000000 0.000000 0.000000 1.000000
0.988008 0.002474 0.154382 -0.140700 0.018178 0.991054 -0.132219 10.091100 -0.153328 0.133440 0.979124 -0.967100 0.000000 0.000000 0.000000 1.000000
0.981276 -0.001184 0.192604 -0.140700 0.029747 0.988914 -0.145480 10.091100 -0.190297 0.148485 0.970433 -0.967100 0.000000 0.000000 0.000000 1.000000
0.974493 0.016628 0.223801 -0.140700 0.017079 0.988864 -0.147840 10.091100 -0.223767 0.147891 0.963357 -0.967100 0.000000 0.000000 0.000000 1.000000
0.972126 0.037216 0.231485 -0.140700 -0.005389 0.990608 -0.136629 10.091100 -0.234396 0.131573 0.963196 -0.967100 0.000000 0.000000 0.000000 1.000000
0.974701 0.053617 0.216986 -0.140700 -0.026270 0.991554 -0.127007 10.091100 -0.221963 0.118094 0.967877 -0.967100 0.000000 0.000000 0.000000 1.000000
0.979720 0.070180 0.187681 -0.140700 -0.046689 0.990832 -0.126778 10.091100 -0.194858 0.115444 0.974014 -0.967100 0.000000 0.000000 0.000000 1.000000
0.983032 0.087214 0.161378 -0.140700 -0.067179 0.989792 -0.125694 10.091100 -0.170693 0.112720 0.978855 -0.967100 0.000000 0.000000 0.000000 1.000000
0.981882 0.100033 0.160936 -0.140700 -0.081363 0.989591 -0.118698 10.091100 -0.171135 0.103453 0.979801 -0.967100 0.000000 0.000000 0.000000 1.000000
0.979548 0.107833 0.169874 -0.140700 -0.089043 0.989412 -0.114611 10.091100 -0.180434 0.097141 0.978778 -0.967100 0.000000 0.000000 0.000000 1.000000
0.974422 0.119981 0.190015 -0.140700 -0.099416 0.988457 -0.114322 10.091100 -0.201539 0.092507 0.975102 -0.967100 0.000000 0.000000 0.000000 1.000000
0.969617 0.131198 0.206469 -0.140700 -0.108790 0.987224 -0.116420 10.091100 -0.219105 0.090421 0.971502 -0.967100 0.000000 0.000000 0.000000 1.000000
0.966025 0.140452 0.216953 -0.140700 -0.116515 0.985974 -0.119499 10.091100 -0.230694 0.090161 0.968840 -0.967100 0.000000 0.000000 0.000000 1.000000
0.962547 0.149366 0.226258 -0.140700 -0.123916 0.984657 -0.122865 10.091100 -0.241139 0.090227 0.966287 -0.967100 0.000000 0.000000 0.000000 1.000000
0.958950 0.158242 0.235318 -0.140700 -0.131237 0.983260 -0.126396 10.091100 -0.251380 0.090325 0.963665 -0.967100 0.000000 0.000000 0.000000 1.000000
0.955170 0.167169 0.244347 -0.140700 -0.138551 0.981776 -0.130074 10.091100 -0.261638 0.090388 0.960924 -0.967100 0.000000 0.000000 0.000000 1.000000
0.951163 0.176190 0.253469 -0.140700 -0.145889 0.980199 -0.133891 10.091100 -0.272041 0.090374 0.958033 -0.967100 0.000000 0.000000 0.000000 1.000000</float_array><technique_common><accessor source="#Spine-Matrix-animation-output-transform-array" count="18" stride="16"><param type="float4x4"/></accessor></technique_common></source><source id="Spine-Interpolations"><Name_array id="Spine-Interpolations-array" count="18">
 LINEAR LINEAR LINEAR LINEAR LINEAR LINEAR LINEAR LINEAR LINEAR LINEAR LINEAR
LINEAR LINEAR LINEAR LINEAR LINEAR LINEAR LINEAR</Name_array><technique_common><accessor source="#Spine-Interpolations-array" count="18"><param type="name"/></accessor></technique_common></source><sampler id="Spine-Matrix-animation-transform"><input semantic="INPUT" source="#Spine-Matrix-animation-input"/><input semantic="OUTPUT" source="#Spine-Matrix-animation-output-transform"/><input semantic="INTERPOLATION" source="#Spine-Interpolations"/></sampler><channel source="#Spine-Matrix-animation-transform" target="Spine/matrix"/></animation>
    <animation id="Spine1-anim" name="Spine1"><source id="Spine1-Matrix-animation-input"><float_array id="Spine1-Matrix-animation-input-array" count="18">

0.000000 0.033333 0.066667 0.100000 0.133333 0.166667 0.200000 0.233333 0.266667 0.300000 0.333333 0.366667 0.400000 0.433333 0.466667 0.500000
0.533333 0.566667</float_array><technique_common><accessor source="#Spine1-Matrix-animation-input-array" count="18"><param name="TIME" type="float"/></accessor></technique_common></source><source id="Spine1-Matrix-animation-output-transform"><float_array id="Spine1-Matrix-animation-output-transform-array" count="288">

0.998874 -0.040468 0.024769 -0.165800 0.040994 0.998937 -0.021099 11.772900 -0.023889 0.022090 0.999471 -1.128300 0.000000 0.000000 0.000000 1.000000
0.998791 -0.037615 0.031647 -0.165800 0.038449 0.998917 -0.026195 11.772900 -0.030627 0.027380 0.999156 -1.128300 0.000000 0.000000 0.000000 1.000000
0.998502 -0.036100 0.041114 -0.165800 0.037436 0.998780 -0.032193 11.772900 -0.039902 0.033684 0.998636 -1.128300 0.000000 0.000000 0.000000 1.000000
0.998275 -0.033445 0.048258 -0.165800 0.035356 0.998602 -0.039305 11.772900 -0.046876 0.040943 0.998061 -1.128300 0.000000 0.000000 0.000000 1.000000
0.998166 -0.026756 0.054309 -0.165800 0.029272 0.998509 -0.046068 11.772900 -0.052995 0.047573 0.997461 -1.128300 0.000000 0.000000 0.000000 1.000000
0.998428 -0.016448 0.053576 -0.165800 0.019214 0.998487 -0.051520 11.772900 -0.052648 0.052469 0.997234 -1.128300 0.000000 0.000000 0.000000 1.000000
0.998903 -0.007801 0.046165 -0.165800 0.010470 0.998269 -0.057873 11.772900 -0.045633 0.058293 0.997256 -1.128300 0.000000 0.000000 0.000000 1.000000
0.999396 -0.001580 0.034709 -0.165800 0.003810 0.997925 -0.064272 11.772900 -0.034535 0.064366 0.997329 -1.128300 0.000000 0.000000 0.000000 1.000000
0.999701 0.004247 0.024079 -0.165800 -0.002545 0.997522 -0.070313 11.772900 -0.024318 0.070231 0.997234 -1.128300 0.000000 0.000000 0.000000 1.000000
0.999737 0.010582 0.020323 -0.165800 -0.009023 0.997116 -0.075349 11.772900 -0.021062 0.075146 0.996950 -1.128300 0.000000 0.000000 0.000000 1.000000
0.999725 0.013841 0.018906 -0.165800 -0.012231 0.996493 -0.082783 11.772900 -0.019985 0.082529 0.996388 -1.128300 0.000000 0.000000 0.000000 1.000000
0.999656 0.016219 0.020621 -0.165800 -0.014272 0.995723 -0.091285 11.772900 -0.022014 0.090959 0.995611 -1.128300 0.000000 0.000000 0.000000 1.000000
0.999584 0.019372 0.021380 -0.165800 -0.017170 0.994965 -0.098741 11.772900 -0.023185 0.098333 0.994883 -1.128300 0.000000 0.000000 0.000000 1.000000
0.999517 0.023409 0.020449 -0.165800 -0.021138 0.994250 -0.104976 11.772900 -0.022789 0.104493 0.994264 -1.128300 0.000000 0.000000 0.000000 1.000000
0.999436 0.027605 0.019127 -0.165800 -0.025318 0.993504 -0.110948 11.772900 -0.022065 0.110401 0.993642 -1.128300 0.000000 0.000000 0.000000 1.000000
0.999338 0.031815 0.017672 -0.165800 -0.029538 0.992711 -0.116846 11.772900 -0.021260 0.116247 0.992993 -1.128300 0.000000 0.000000 0.000000 1.000000
0.999221 0.036007 0.016141 -0.165800 -0.033760 0.991868 -0.122712 11.772900 -0.020429 0.122071 0.992311 -1.128300 0.000000 0.000000 0.000000 1.000000
0.999087 0.040165 0.014570 -0.165800 -0.037963 0.990974 -0.128569 11.772900 -0.019603 0.127899 0.991594 -1.128300 0.000000 0.000000 0.000000 1.000000</float_array><technique_common><accessor source="#Spine1-Matrix-animation-output-transform-array" count="18" stride="16"><param type="float4x4"/></accessor></technique_common></source><source id="Spine1-Interpolations"><Name_array id="Spine1-Interpolations-array" count="18">
 LINEAR LINEAR LINEAR LINEAR LINEAR LINEAR LINEAR LINEAR LINEAR LINEAR LINEAR
LINEAR LINEAR LINEAR LINEAR LINEAR LINEAR LINEAR</Name_array><technique_common><accessor source="#Spine1-Interpolations-array" count="18"><param type="name"/></accessor></technique_common></source><sampler id="Spine1-Matrix-animation-transform"><input semantic="INPUT" source="#Spine1-Matrix-animation-input"/><input semantic="OUTPUT" source="#Spine1-Matrix-animation-output-transform"/><input semantic="INTERPOLATION" source="#Spine1-Interpolations"/></sampler><channel source="#Spine1-Matrix-animation-transform" target="Spine1/matrix"/></animation>
    <animation id="Spine2-anim" name="Spine2"><source id="Spine2-Matrix-animation-input"><float_array id="Spine2-Matrix-animation-input-array" count="18">

0.000000 0.033333 0.066667 0.100000 0.133333 0.166667 0.200000 0.233333 0.266667 0.300000 0.333333 0.366667 0.400000 0.433333 0.466667 0.500000
0.533333 0.566667</float_array><technique_common><accessor source="#Spine2-Matrix-animation-input-array" count="18"><param name="TIME" type="float"/></accessor></technique_common></source><source id="Spine2-Matrix-animation-output-transform"><float_array id="Spine2-Matrix-animation-output-transform-array" count="288">

0.999578 -0.018211 0.022651 -0.189400 0.018298 0.999826 -0.003654 13.454700 -0.022581 0.004067 0.999737 -1.289500 0.000000 0.000000 0.000000 1.000000
0.999504 -0.025723 0.018193 -0.189400 0.025790 0.999661 -0.003447 13.454700 -0.018098 0.003915 0.999829 -1.289500 0.000000 0.000000 0.000000 1.000000
0.999267 -0.034651 0.016300 -0.189400 0.034726 0.999387 -0.004366 13.454700 -0.016139 0.004929 0.999858 -1.289500 0.000000 0.000000 0.000000 1.000000
0.999027 -0.042397 0.012183 -0.189400 0.042479 0.999076 -0.006511 13.454700 -0.011895 0.007022 0.999905 -1.289500 0.000000 0.000000 0.000000 1.000000
0.998908 -0.046165 0.007223 -0.189400 0.046224 0.998898 -0.008108 13.454700 -0.006840 0.008433 0.999941 -1.289500 0.000000 0.000000 0.000000 1.000000
0.998923 -0.046208 -0.004224 -0.189400 0.046173 0.998900 -0.008147 13.454700 0.004596 0.007943 0.999958 -1.289500 0.000000 0.000000 0.000000 1.000000
0.998615 -0.047633 -0.022352 -0.189400 0.047436 0.998831 -0.009268 13.454700 0.022767 0.008195 0.999707 -1.289500 0.000000 0.000000 0.000000 1.000000
0.997694 -0.051204 -0.044548 -0.189400 0.050772 0.998652 -0.010783 13.454700 0.045040 0.008497 0.998949 -1.289500 0.000000 0.000000 0.000000 1.000000
0.996310 -0.055058 -0.065839 -0.189400 0.054373 0.998447 -0.012160 13.454700 0.066407 0.008535 0.997756 -1.289500 0.000000 0.000000 0.000000 1.000000
0.995051 -0.058694 -0.080173 -0.189400 0.057882 0.998246 -0.012414 13.454700 0.080761 0.007712 0.996704 -1.289500 0.000000 0.000000 0.000000 1.000000
0.993566 -0.065483 -0.092401 -0.189400 0.064324 0.997809 -0.015467 13.454700 0.093212 0.009424 0.995602 -1.289500 0.000000 0.000000 0.000000 1.000000
0.992122 -0.073322 -0.101577 -0.189400 0.071672 0.997232 -0.019801 13.454700 0.102748 0.012365 0.994631 -1.289500 0.000000 0.000000 0.000000 1.000000
0.990506 -0.080340 -0.111549 -0.189400 0.078239 0.996667 -0.023090 13.454700 0.113033 0.014143 0.993491 -1.289500 0.000000 0.000000 0.000000 1.000000
0.988642 -0.086351 -0.123005 -0.189400 0.083877 0.996159 -0.025155 13.454700 0.124705 0.014552 0.992087 -1.289500 0.000000 0.000000 0.000000 1.000000
0.986586 -0.092148 -0.134744 -0.189400 0.089298 0.995637 -0.027061 13.454700 0.136650 0.014666 0.990511 -1.289500 0.000000 0.000000 0.000000 1.000000
0.984351 -0.097890 -0.146527 -0.189400 0.094639 0.995089 -0.029017 13.454700 0.148648 0.014695 0.988781 -1.289500 0.000000 0.000000 0.000000 1.000000
0.981940 -0.103610 -0.158299 -0.189400 0.099927 0.994510 -0.031069 13.454700 0.160649 0.014689 0.986902 -1.289500 0.000000 0.000000 0.000000 1.000000
0.979356 -0.109320 -0.170030 -0.189400 0.105209 0.993901 -0.033034 13.454700 0.172605 0.014463 0.984885 -1.289500 0.000000 0.000000 0.000000 1.000000</float_array><technique_common><accessor source="#Spine2-Matrix-animation-output-transform-array" count="18" stride="16"><param type="float4x4"/></accessor></technique_common></source><source id="Spine2-Interpolations"><Name_array id="Spine2-Interpolations-array" count="18">
 LINEAR LINEAR LINEAR LINEAR LINEAR LINEAR LINEAR LINEAR LINEAR LINEAR LINEAR
LINEAR LINEAR LINEAR LINEAR LINEAR LINEAR LINEAR</Name_array><technique_common><accessor source="#Spine2-Interpolations-array" count="18"><param type="name"/></accessor></technique_common></source><sampler id="Spine2-Matrix-animation-transform"><input semantic="INPUT" source="#Spine2-Matrix-animation-input"/><input semantic="OUTPUT" source="#Spine2-Matrix-animation-output-transform"/><input semantic="INTERPOLATION" source="#Spine2-Interpolations"/></sampler><channel source="#Spine2-Matrix-animation-transform" target="Spine2/matrix"/></animation>
    <animation id="Neck-anim" name="Neck"><source id="Neck-Matrix-animation-input"><float_array id="Neck-Matrix-animation-input-array" count="18">

0.000000 0.033333 0.066667 0.100000 0.133333 0.166667 0.200000 0.233333 0.266667 0.300000 0.333333 0.366667 0.400000 0.433333 0.466667 0.500000
0.533333 0.566667</float_array><technique_common><accessor source="#Neck-Matrix-animation-input-array" count="18"><param name="TIME" type="float"/></accessor></technique_common></source><source id="Neck-Matrix-animation-output-transform"><float_array id="Neck-Matrix-animation-output-transform-array" count="288">

0.985070 0.027001 0.170026 -0.214000 -0.032879 0.998952 0.031849 19.080200 -0.168988 -0.036964 0.984925 -1.450600 0.000000 0.000000 0.000000 1.000000
0.983912 0.008193 0.178467 -0.214000 -0.014729 0.999267 0.035328 19.080200 -0.178047 -0.037388 0.983311 -1.450600 0.000000 0.000000 0.000000 1.000000
0.981659 0.000269 0.190647 -0.214000 -0.008311 0.999109 0.041386 19.080200 -0.190466 -0.042212 0.980786 -1.450600 0.000000 0.000000 0.000000 1.000000
0.978093 -0.017593 0.207422 -0.214000 0.006840 0.998600 0.052446 19.080200 -0.208054 -0.049878 0.976845 -1.450600 0.000000 0.000000 0.000000 1.000000
0.973397 -0.037990 0.225952 -0.214000 0.024351 0.997726 0.062846 19.080200 -0.227825 -0.055672 0.972109 -1.450600 0.000000 0.000000 0.000000 1.000000
0.965702 -0.060082 0.252607 -0.214000 0.044588 0.996781 0.066627 19.080200 -0.255797 -0.053078 0.965272 -1.450600 0.000000 0.000000 0.000000 1.000000
0.957833 -0.079822 0.276015 -0.214000 0.065947 0.996065 0.059208 19.080200 -0.279655 -0.038509 0.959328 -1.450600 0.000000 0.000000 0.000000 1.000000
0.950508 -0.091483 0.296927 -0.214000 0.084166 0.995751 0.037362 19.080200 -0.299083 -0.010522 0.954169 -1.450600 0.000000 0.000000 0.000000 1.000000
0.944250 -0.076219 0.320284 -0.214000 0.079748 0.996813 0.002105 19.080200 -0.319424 0.023554 0.947319 -1.450600 0.000000 0.000000 0.000000 1.000000
0.939106 -0.075374 0.335259 -0.214000 0.085449 0.996224 -0.015381 19.080200 -0.332834 0.043092 0.942000 -1.450600 0.000000 0.000000 0.000000 1.000000
0.935554 -0.072587 0.345643 -0.214000 0.085449 0.996097 -0.022101 19.080200 -0.342690 0.050212 0.938106 -1.450600 0.000000 0.000000 0.000000 1.000000
0.932035 -0.085986 0.352019 -0.214000 0.099031 0.994899 -0.019185 19.080200 -0.348573 0.052742 0.935796 -1.450600 0.000000 0.000000 0.000000 1.000000
0.930338 -0.091710 0.355051 -0.214000 0.106304 0.994095 -0.021773 19.080200 -0.350958 0.058000 0.934593 -1.450600 0.000000 0.000000 0.000000 1.000000
0.930036 -0.092113 0.355736 -0.214000 0.109272 0.993606 -0.028399 19.080200 -0.350846 0.065284 0.934155 -1.450600 0.000000 0.000000 0.000000 1.000000
0.930553 -0.089531 0.355042 -0.214000 0.109874 0.993237 -0.037512 19.080200 -0.349282 0.073916 0.934097 -1.450600 0.000000 0.000000 0.000000 1.000000
0.931272 -0.086274 0.353963 -0.214000 0.110037 0.992791 -0.047526 19.080200 -0.347311 0.083208 0.934051 -1.450600 0.000000 0.000000 0.000000 1.000000
0.931580 -0.084623 0.353549 -0.214000 0.111696 0.992115 -0.056848 19.080200 -0.345951 0.092449 0.933687 -1.450600 0.000000 0.000000 0.000000 1.000000
0.930865 -0.086829 0.354896 -0.214000 0.116798 0.991100 -0.063870 19.080200 -0.346191 0.100905 0.932722 -1.450600 0.000000 0.000000 0.000000 1.000000</float_array><technique_common><accessor source="#Neck-Matrix-animation-output-transform-array" count="18" stride="16"><param type="float4x4"/></accessor></technique_common></source><source id="Neck-Interpolations"><Name_array id="Neck-Interpolations-array" count="18">
 LINEAR LINEAR LINEAR LINEAR LINEAR LINEAR LINEAR LINEAR LINEAR LINEAR LINEAR
LINEAR LINEAR LINEAR LINEAR LINEAR LINEAR LINEAR</Name_array><technique_common><accessor source="#Neck-Interpolations-array" count="18"><param type="name"/></accessor></technique_common></source><sampler id="Neck-Matrix-animation-transform"><input semantic="INPUT" source="#Neck-Matrix-animation-input"/><input semantic="OUTPUT" source="#Neck-Matrix-animation-output-transform"/><input semantic="INTERPOLATION" source="#Neck-Interpolations"/></sampler><channel source="#Neck-Matrix-animation-transform" target="Neck/matrix"/></animation>
    <animation id="Head-anim" name="Head"><source id="Head-Matrix-animation-input"><float_array id="Head-Matrix-animation-input-array" count="18">

0.000000 0.033333 0.066667 0.100000 0.133333 0.166667 0.200000 0.233333 0.266667 0.300000 0.333333 0.366667 0.400000 0.433333 0.466667 0.500000
0.533333 0.566667</float_array><technique_common><accessor source="#Head-Matrix-animation-input-array" count="18"><param name="TIME" type="float"/></accessor></technique_common></source><source id="Head-Matrix-animation-output-transform"><float_array id="Head-Matrix-animation-output-transform-array" count="288">

0.912383 0.079625 0.401518 -0.001100 -0.112643 0.991866 0.059267 9.868400 -0.393533 -0.099303 0.913932 4.265200 0.000000 0.000000 0.000000 1.000000
0.915544 0.087757 0.392528 -0.001100 -0.117624 0.991662 0.052644 9.868400 -0.384635 -0.094369 0.918232 4.265200 0.000000 0.000000 0.000000 1.000000
0.916006 0.113013 0.384917 -0.001100 -0.139239 0.989416 0.040858 9.868400 -0.376226 -0.091021 0.922046 4.265200 0.000000 0.000000 0.000000 1.000000
0.901378 0.165550 0.400139 -0.001100 -0.194460 0.980374 0.032441 9.868400 -0.386916 -0.107052 0.915880 4.265200 0.000000 0.000000 0.000000 1.000000
0.887746 0.192390 0.418203 -0.001100 -0.229469 0.972505 0.039717 9.868400 -0.399064 -0.131223 0.907485 4.265200 0.000000 0.000000 0.000000 1.000000
0.862027 0.213396 0.459752 -0.001100 -0.261302 0.964328 0.042340 9.868400 -0.434317 -0.156632 0.887037 4.265200 0.000000 0.000000 0.000000 1.000000
0.841104 0.225436 0.491653 -0.001100 -0.282236 0.958363 0.043404 9.868400 -0.461397 -0.175270 0.869709 4.265200 0.000000 0.000000 0.000000 1.000000
0.823498 0.234514 0.516580 -0.001100 -0.301837 0.952103 0.048938 9.868400 -0.480360 -0.196223 0.854839 4.265200 0.000000 0.000000 0.000000 1.000000
0.815501 0.226656 0.532528 -0.001100 -0.307236 0.949311 0.066446 9.868400 -0.490474 -0.217799 0.843800 4.265200 0.000000 0.000000 0.000000 1.000000
0.805052 0.233291 0.545405 -0.001100 -0.321822 0.944120 0.071192 9.868400 -0.498319 -0.232836 0.835144 4.265200 0.000000 0.000000 0.000000 1.000000
0.797589 0.237777 0.554359 -0.001100 -0.350223 0.930802 0.104645 9.868400 -0.491116 -0.277613 0.825673 4.265200 0.000000 0.000000 0.000000 1.000000
0.793918 0.240472 0.558452 -0.001100 -0.358429 0.927008 0.110383 9.868400 -0.491145 -0.287801 0.822160 4.265200 0.000000 0.000000 0.000000 1.000000
0.792815 0.235769 0.562012 -0.001100 -0.365760 0.921682 0.129313 9.868400 -0.487509 -0.308082 0.816958 4.265200 0.000000 0.000000 0.000000 1.000000
0.793246 0.226635 0.565153 -0.001100 -0.372511 0.914823 0.155996 9.868400 -0.481660 -0.334269 0.810103 4.265200 0.000000 0.000000 0.000000 1.000000
0.794154 0.216028 0.568025 -0.001100 -0.378990 0.906714 0.185029 9.868400 -0.475064 -0.362218 0.801943 4.265200 0.000000 0.000000 0.000000 1.000000
0.794536 0.206917 0.570875 -0.001100 -0.385605 0.898184 0.211128 9.868400 -0.469065 -0.387881 0.793427 4.265200 0.000000 0.000000 0.000000 1.000000
0.793443 0.202283 0.574046 -0.001100 -0.392852 0.890589 0.229171 9.868400 -0.464882 -0.407349 0.786099 4.265200 0.000000 0.000000 0.000000 1.000000
0.789907 0.205096 0.577913 -0.001100 -0.401235 0.885542 0.234147 9.868400 -0.463744 -0.416833 0.781788 4.265200 0.000000 0.000000 0.000000 1.000000</float_array><technique_common><accessor source="#Head-Matrix-animation-output-transform-array" count="18" stride="16"><param type="float4x4"/></accessor></technique_common></source><source id="Head-Interpolations"><Name_array id="Head-Interpolations-array" count="18">
 LINEAR LINEAR LINEAR LINEAR LINEAR LINEAR LINEAR LINEAR LINEAR LINEAR LINEAR
LINEAR LINEAR LINEAR LINEAR LINEAR LINEAR LINEAR</Name_array><technique_common><accessor source="#Head-Interpolations-array" count="18"><param type="name"/></accessor></technique_common></source><sampler id="Head-Matrix-animation-transform"><input semantic="INPUT" source="#Head-Matrix-animation-input"/><input semantic="OUTPUT" source="#Head-Matrix-animation-output-transform"/><input semantic="INTERPOLATION" source="#Head-Interpolations"/></sampler><channel source="#Head-Matrix-animation-transform" target="Head/matrix"/></animation>
    <animation id="LeftShoulder-anim" name="LeftShoulder"><source id="LeftShoulder-Matrix-animation-input"><float_array id="LeftShoulder-Matrix-animation-input-array" count="18">

0.000000 0.033333 0.066667 0.100000 0.133333 0.166667 0.200000 0.233333 0.266667 0.300000 0.333333 0.366667 0.400000 0.433333 0.466667 0.500000
0.533333 0.566667</float_array><technique_common><accessor source="#LeftShoulder-Matrix-animation-input-array" count="18"><param name="TIME" type="float"/></accessor></technique_common></source><source id="LeftShoulder-Matrix-animation-output-transform"><float_array id="LeftShoulder-Matrix-animation-output-transform-array" count="288">

0.982752 0.067556 -0.172149 6.111300 -0.061261 0.997253 0.041628 13.387400 0.174488 -0.030364 0.984191 -1.390300 0.000000 0.000000 0.000000 1.000000
0.984691 0.083701 -0.152900 6.111300 -0.078153 0.996058 0.041951 13.387400 0.155809 -0.029359 0.987351 -1.390300 0.000000 0.000000 0.000000 1.000000
0.985936 0.123301 -0.112811 6.111300 -0.119104 0.991939 0.043248 13.387400 0.117234 -0.029204 0.992675 -1.390300 0.000000 0.000000 0.000000 1.000000
0.987143 0.148761 -0.058464 6.111300 -0.146543 0.988372 0.040570 13.387400 0.063819 -0.031481 0.997465 -1.390300 0.000000 0.000000 0.000000 1.000000
0.993878 0.095321 -0.055866 6.111300 -0.093429 0.994991 0.035566 13.387400 0.058976 -0.030129 0.997805 -1.390300 0.000000 0.000000 0.000000 1.000000
0.998302 -0.001354 -0.058240 6.111300 0.002902 0.999645 0.026500 13.387400 0.058183 -0.026624 0.997951 -1.390300 0.000000 0.000000 0.000000 1.000000
0.983838 -0.137545 -0.114645 6.111300 0.139570 0.990164 0.009784 13.387400 0.112171 -0.025627 0.993358 -1.390300 0.000000 0.000000 0.000000 1.000000
0.954495 -0.221486 -0.199707 6.111300 0.224053 0.974526 -0.009944 13.387400 0.196822 -0.035254 0.979805 -1.390300 0.000000 0.000000 0.000000 1.000000
0.937284 -0.246025 -0.246921 6.111300 0.249079 0.968291 -0.019304 13.387400 0.243840 -0.043409 0.968843 -1.390300 0.000000 0.000000 0.000000 1.000000
0.920761 -0.268356 -0.283169 6.111300 0.271543 0.961998 -0.028716 13.387400 0.280114 -0.050452 0.958640 -1.390300 0.000000 0.000000 0.000000 1.000000
0.898429 -0.311844 -0.309158 6.111300 0.313585 0.948473 -0.045420 13.387400 0.307392 -0.056141 0.949925 -1.390300 0.000000 0.000000 0.000000 1.000000
0.896717 -0.326579 -0.298739 6.111300 0.327479 0.943610 -0.048561 13.387400 0.297752 -0.054286 0.953098 -1.390300 0.000000 0.000000 0.000000 1.000000
0.902492 -0.329455 -0.277431 6.111300 0.329985 0.942855 -0.046207 13.387400 0.276800 -0.049847 0.959634 -1.390300 0.000000 0.000000 0.000000 1.000000
0.911577 -0.325327 -0.251377 6.111300 0.325711 0.944567 -0.041300 13.387400 0.250879 -0.044228 0.967008 -1.390300 0.000000 0.000000 0.000000 1.000000
0.920144 -0.319146 -0.226892 6.111300 0.319429 0.946907 -0.036498 13.387400 0.226494 -0.038892 0.973236 -1.390300 0.000000 0.000000 0.000000 1.000000
0.925064 -0.316094 -0.210575 6.111300 0.316267 0.948069 -0.033772 13.387400 0.210315 -0.035357 0.976994 -1.390300 0.000000 0.000000 0.000000 1.000000
0.925607 -0.316159 -0.208074 6.111300 0.316301 0.948067 -0.033496 13.387400 0.207858 -0.034810 0.977539 -1.390300 0.000000 0.000000 0.000000 1.000000
0.925086 -0.316026 -0.210577 6.111300 0.316201 0.948091 -0.033757 13.387400 0.210315 -0.035357 0.976994 -1.390300 0.000000 0.000000 0.000000 1.000000</float_array><technique_common><accessor source="#LeftShoulder-Matrix-animation-output-transform-array" count="18" stride="16"><param type="float4x4"/></accessor></technique_common></source><source id="LeftShoulder-Interpolations"><Name_array id="LeftShoulder-Interpolations-array" count="18">
 LINEAR LINEAR LINEAR LINEAR LINEAR LINEAR LINEAR LINEAR LINEAR LINEAR LINEAR
LINEAR LINEAR LINEAR LINEAR LINEAR LINEAR LINEAR</Name_array><technique_common><accessor source="#LeftShoulder-Interpolations-array" count="18"><param type="name"/></accessor></technique_common></source><sampler id="LeftShoulder-Matrix-animation-transform"><input semantic="INPUT" source="#LeftShoulder-Matrix-animation-input"/><input semantic="OUTPUT" source="#LeftShoulder-Matrix-animation-output-transform"/><input semantic="INTERPOLATION" source="#LeftShoulder-Interpolations"/></sampler><channel source="#LeftShoulder-Matrix-animation-transform" target="LeftShoulder/matrix"/></animation>
    <animation id="LeftArm-anim" name="LeftArm"><source id="LeftArm-Matrix-animation-input"><float_array id="LeftArm-Matrix-animation-input-array" count="18">

0.000000 0.033333 0.066667 0.100000 0.133333 0.166667 0.200000 0.233333 0.266667 0.300000 0.333333 0.366667 0.400000 0.433333 0.466667 0.500000
0.533333 0.566667</float_array><technique_common><accessor source="#LeftArm-Matrix-animation-input-array" count="18"><param name="TIME" type="float"/></accessor></technique_common></source><source id="LeftArm-Matrix-animation-output-transform"><float_array id="LeftArm-Matrix-animation-output-transform-array" count="288">

0.699144 0.684254 -0.207352 11.169900 -0.695367 0.718205 0.025430 0.641500 0.166321 0.126407 0.977936 0.106900 0.000000 0.000000 0.000000 1.000000
0.684279 0.693647 -0.224978 11.169900 -0.708786 0.705183 0.018404 0.641500 0.171416 0.146868 0.974190 0.106900 0.000000 0.000000 0.000000 1.000000
0.677482 0.686333 -0.264509 11.169900 -0.716919 0.696560 -0.028838 0.641500 0.164454 0.209168 0.963952 0.106900 0.000000 0.000000 0.000000 1.000000
0.674146 0.683190 -0.280675 11.169900 -0.730257 0.673479 -0.114674 0.641500 0.110685 0.282272 0.952928 0.106900 0.000000 0.000000 0.000000 1.000000
0.679996 0.679488 -0.275503 11.169900 -0.733022 0.638646 -0.234115 0.641500 0.016870 0.361147 0.932356 0.106900 0.000000 0.000000 0.000000 1.000000
0.718439 0.631484 -0.291672 11.169900 -0.695351 0.641021 -0.324929 0.641500 -0.018220 0.436256 0.899638 0.106900 0.000000 0.000000 0.000000 1.000000
0.765513 0.583785 -0.270526 11.169900 -0.643375 0.689550 -0.332549 0.641500 -0.007596 0.428621 0.903452 0.106900 0.000000 0.000000 0.000000 1.000000
0.849016 0.499523 -0.172191 11.169900 -0.528301 0.797380 -0.291691 0.641500 -0.008404 0.338619 0.940886 0.106900 0.000000 0.000000 0.000000 1.000000
0.932834 0.340009 -0.119226 11.169900 -0.358779 0.906988 -0.220569 0.641500 0.033141 0.248530 0.968057 0.106900 0.000000 0.000000 0.000000 1.000000
0.975239 0.189434 -0.114126 11.169900 -0.203226 0.971170 -0.124611 0.641500 0.087230 0.144719 0.985620 0.106900 0.000000 0.000000 0.000000 1.000000
0.981454 0.132558 -0.138480 11.169900 -0.136154 0.990545 -0.016785 0.641500 0.134946 0.035329 0.990223 0.106900 0.000000 0.000000 0.000000 1.000000
0.979345 0.119635 -0.163008 11.169900 -0.110344 0.991770 0.064934 0.641500 0.169434 -0.045606 0.984486 0.106900 0.000000 0.000000 0.000000 1.000000
0.975791 0.118273 -0.183966 11.169900 -0.093270 0.985876 0.139100 0.641500 0.197820 -0.118574 0.973040 0.106900 0.000000 0.000000 0.000000 1.000000
0.971843 0.123781 -0.200498 11.169900 -0.082367 0.975685 0.203111 0.641500 0.220764 -0.180878 0.958408 0.106900 0.000000 0.000000 0.000000 1.000000
0.968142 0.131670 -0.212990 11.169900 -0.075044 0.964060 0.254866 0.641500 0.238894 -0.230763 0.943228 0.106900 0.000000 0.000000 0.000000 1.000000
0.965075 0.137873 -0.222760 11.169900 -0.068715 0.953759 0.292613 0.641500 0.252803 -0.267087 0.929922 0.106900 0.000000 0.000000 0.000000 1.000000
0.964402 0.138927 -0.225008 11.169900 -0.067042 0.951531 0.300157 0.641500 0.255802 -0.274387 0.926972 0.106900 0.000000 0.000000 0.000000 1.000000
0.965074 0.137873 -0.222760 11.169900 -0.068715 0.953759 0.292613 0.641500 0.252803 -0.267087 0.929922 0.106900 0.000000 0.000000 0.000000 1.000000</float_array><technique_common><accessor source="#LeftArm-Matrix-animation-output-transform-array" count="18" stride="16"><param type="float4x4"/></accessor></technique_common></source><source id="LeftArm-Interpolations"><Name_array id="LeftArm-Interpolations-array" count="18">
 LINEAR LINEAR LINEAR LINEAR LINEAR LINEAR LINEAR LINEAR LINEAR LINEAR LINEAR
LINEAR LINEAR LINEAR LINEAR LINEAR LINEAR LINEAR</Name_array><technique_common><accessor source="#LeftArm-Interpolations-array" count="18"><param type="name"/></accessor></technique_common></source><sampler id="LeftArm-Matrix-animation-transform"><input semantic="INPUT" source="#LeftArm-Matrix-animation-input"/><input semantic="OUTPUT" source="#LeftArm-Matrix-animation-output-transform"/><input semantic="INTERPOLATION" source="#LeftArm-Interpolations"/></sampler><channel source="#LeftArm-Matrix-animation-transform" target="LeftArm/matrix"/></animation>
    <animation id="LeftForeArm-anim" name="LeftForeArm"><source id="LeftForeArm-Matrix-animation-input"><float_array id="LeftForeArm-Matrix-animation-input-array" count="18">

0.000000 0.033333 0.066667 0.100000 0.133333 0.166667 0.200000 0.233333 0.266667 0.300000 0.333333 0.366667 0.400000 0.433333 0.466667 0.500000
0.533333 0.566667</float_array><technique_common><accessor source="#LeftForeArm-Matrix-animation-input-array" count="18"><param name="TIME" type="float"/></accessor></technique_common></source><source id="LeftForeArm-Matrix-animation-output-transform"><float_array id="LeftForeArm-Matrix-animation-output-transform-array" count="288">

-0.055019 0.551117 -0.832612 29.198299 0.006711 0.834060 0.551632 -0.954400 0.998463 0.024763 -0.049588 2.222100 0.000000 0.000000 0.000000 1.000000
-0.016111 0.559008 -0.829005 29.198299 0.031270 0.828989 0.558390 -0.954400 0.999381 -0.016926 -0.030836 2.222100 0.000000 0.000000 0.000000 1.000000
-0.013682 0.580598 -0.814076 29.198299 0.069582 0.812731 0.578469 -0.954400 0.997482 -0.048731 -0.051519 2.222100 0.000000 0.000000 0.000000 1.000000
-0.098234 0.611163 -0.785385 29.198299 0.123590 0.790585 0.599751 -0.954400 0.987459 -0.038150 -0.153197 2.222100 0.000000 0.000000 0.000000 1.000000
-0.204077 0.708204 -0.675870 29.198299 0.204151 0.706008 0.678141 -0.954400 0.957432 0.000414 -0.288660 2.222100 0.000000 0.000000 0.000000 1.000000
-0.293239 0.814691 -0.500289 29.198299 0.276888 0.573237 0.771189 -0.954400 0.915065 0.087619 -0.393673 2.222100 0.000000 0.000000 0.000000 1.000000
-0.322723 0.908498 -0.265484 29.198299 0.316483 0.367926 0.874339 -0.954400 0.892014 0.198148 -0.406262 2.222100 0.000000 0.000000 0.000000 1.000000
-0.290352 0.953389 -0.082132 29.198299 0.308223 0.174433 0.935185 -0.954400 0.905922 0.246218 -0.344504 2.222100 0.000000 0.000000 0.000000 1.000000
-0.206764 0.978284 0.014455 29.198299 0.279809 0.044968 0.959002 -0.954400 0.937526 0.202332 -0.283030 2.222100 0.000000 0.000000 0.000000 1.000000
-0.130788 0.988892 0.070622 29.198299 0.240735 -0.037425 0.969869 -0.954400 0.961739 0.143848 -0.233166 2.222100 0.000000 0.000000 0.000000 1.000000
-0.099856 0.992964 0.063656 29.198299 0.206327 -0.041921 0.977585 -0.954400 0.973375 0.110752 -0.200689 2.222100 0.000000 0.000000 0.000000 1.000000
-0.068612 0.997449 0.019703 29.198299 0.183695 -0.006781 0.982960 -0.954400 0.980586 0.071062 -0.182761 2.222100 0.000000 0.000000 0.000000 1.000000
-0.046430 0.998265 -0.036208 29.198299 0.160866 0.043246 0.986028 -0.954400 0.985884 0.039957 -0.162595 2.222100 0.000000 0.000000 0.000000 1.000000
-0.027459 0.995334 -0.092497 29.198299 0.135369 0.095382 0.986193 -0.954400 0.990415 0.014559 -0.137357 2.222100 0.000000 0.000000 0.000000 1.000000
-0.005978 0.990289 -0.138898 29.198299 0.109881 0.138710 0.984218 -0.954400 0.993927 -0.009378 -0.109643 2.222100 0.000000 0.000000 0.000000 1.000000
0.022944 0.985626 -0.167376 29.198299 0.091605 0.164643 0.982090 -0.954400 0.995531 -0.037866 -0.086510 2.222100 0.000000 0.000000 0.000000 1.000000
0.031476 0.984650 -0.171680 29.198299 0.088655 0.168337 0.981735 -0.954400 0.995565 -0.046121 -0.081996 2.222100 0.000000 0.000000 0.000000 1.000000
0.022944 0.985626 -0.167376 29.198299 0.091604 0.164643 0.982090 -0.954400 0.995531 -0.037866 -0.086510 2.222100 0.000000 0.000000 0.000000 1.000000</float_array><technique_common><accessor source="#LeftForeArm-Matrix-animation-output-transform-array" count="18" stride="16"><param type="float4x4"/></accessor></technique_common></source><source id="LeftForeArm-Interpolations"><Name_array id="LeftForeArm-Interpolations-array" count="18">
 LINEAR LINEAR LINEAR LINEAR LINEAR LINEAR LINEAR LINEAR LINEAR LINEAR LINEAR
LINEAR LINEAR LINEAR LINEAR LINEAR LINEAR LINEAR</Name_array><technique_common><accessor source="#LeftForeArm-Interpolations-array" count="18"><param type="name"/></accessor></technique_common></source><sampler id="LeftForeArm-Matrix-animation-transform"><input semantic="INPUT" source="#LeftForeArm-Matrix-animation-input"/><input semantic="OUTPUT" source="#LeftForeArm-Matrix-animation-output-transform"/><input semantic="INTERPOLATION" source="#LeftForeArm-Interpolations"/></sampler><channel source="#LeftForeArm-Matrix-animation-transform" target="LeftForeArm/matrix"/></animation>
    <animation id="LeftHand-anim" name="LeftHand"><source id="LeftHand-Matrix-animation-input"><float_array id="LeftHand-Matrix-animation-input-array" count="18">

0.000000 0.033333 0.066667 0.100000 0.133333 0.166667 0.200000 0.233333 0.266667 0.300000 0.333333 0.366667 0.400000 0.433333 0.466667 0.500000
0.533333 0.566667</float_array><technique_common><accessor source="#LeftHand-Matrix-animation-input-array" count="18"><param name="TIME" type="float"/></accessor></technique_common></source><source id="LeftHand-Matrix-animation-output-transform"><float_array id="LeftHand-Matrix-animation-output-transform-array" count="288">

0.998359 0.056879 -0.006671 29.347200 -0.056894 0.998378 -0.002115 0.007500 0.006540 0.002491 0.999976 2.233600 0.000000 0.000000 0.000000 1.000000
0.995416 0.084742 -0.044329 29.347200 -0.085536 0.996201 -0.016332 0.007500 0.042776 0.020049 0.998883 2.233600 0.000000 0.000000 0.000000 1.000000
0.997063 0.063648 -0.042597 29.347200 -0.064735 0.997598 -0.024636 0.007500 0.040926 0.027321 0.998789 2.233600 0.000000 0.000000 0.000000 1.000000
0.990618 0.123427 0.058669 29.347200 -0.121274 0.991855 -0.038950 0.007500 -0.062998 0.031469 0.997517 2.233600 0.000000 0.000000 0.000000 1.000000
0.958728 0.233572 0.162125 29.347200 -0.226746 0.972124 -0.059669 0.007500 -0.171543 0.020445 0.984965 2.233600 0.000000 0.000000 0.000000 1.000000
