<?xml version="1.0" encoding="utf-8"?>
<COLLADA xmlns="http://www.collada.org/2005/11/COLLADASchema" version="1.4.1">
  <asset><contributor><author>Mixamo</author><authoring_tool>COLLADA Mixamo exporter</authoring_tool><comments></comments></contributor><created>2018-12-18T10:21:10Z</created><modified>2018-12-18T10:21:10Z</modified><revision></revision><title></title><unit meter="0.010000"/><up_axis>Y_UP</up_axis></asset>
  <library_animations>
    <animation id="Hips-anim" name="Hips"><source id="Hips-Matrix-animation-input"><float_array id="Hips-Matrix-animation-input-array" count="43">

0.000000 0.033333 0.066667 0.100000 0.133333 0.166667 0.200000 0.233333 0.266667 0.300000 0.333333 0.366667 0.400000 0.433333 0.466667 0.500000
0.533333 0.566667 0.600000 0.633333 0.666667 0.700000 0.733333 0.766667 0.800000 0.833333 0.866667 0.900000 0.933333 0.966667 1.000000 1.033333
1.066667 1.100000 1.133333 1.166667 1.200000 1.233333 1.266667 1.300000 1.333333 1.366667 1.400000</float_array><technique_common><accessor source="#Hips-Matrix-animation-input-array" count="43"><param name="TIME" type="float"/></accessor></technique_common></source><source id="Hips-Matrix-animation-output-transform"><float_array id="Hips-Matrix-animation-output-transform-array" count="688">

0.393081 -0.171524 -0.903364 3.056187 -0.025333 0.980054 -0.197109 82.465630 0.919155 0.100365 0.380896 -0.581949 0.000000 0.000000 0.000000 1.000000
0.393201 -0.172240 -0.903176 3.158054 -0.025511 0.979875 -0.197974 82.506699 0.919098 0.100885 0.380894 -0.568932 0.000000 0.000000 0.000000 1.000000
0.392408 -0.173782 -0.903225 3.260251 -0.025760 0.979528 -0.199654 82.562355 0.919431 0.101613 0.379898 -0.550438 0.000000 0.000000 0.000000 1.000000
0.391314 -0.174689 -0.903525 3.366908 -0.026364 0.979287 -0.200756 82.614929 0.919880 0.102379 0.378603 -0.514930 0.000000 0.000000 0.000000 1.000000
0.391388 -0.175408 -0.903354 3.459407 -0.026459 0.979114 -0.201583 82.653198 0.919845 0.102799 0.378572 -0.487114 0.000000 0.000000 0.000000 1.000000
0.391484 -0.175804 -0.903235 3.540736 -0.026608 0.979007 -0.202084 82.673950 0.919800 0.103146 0.378587 -0.461052 0.000000 0.000000 0.000000 1.000000
0.391608 -0.176157 -0.903112 3.603687 -0.027043 0.978875 -0.202661 82.692825 0.919735 0.103787 0.378572 -0.445636 0.000000 0.000000 0.000000 1.000000
0.391978 -0.176182 -0.902947 3.648130 -0.027455 0.978814 -0.202903 82.705399 0.919565 0.104324 0.378837 -0.433259 0.000000 0.000000 0.000000 1.000000
0.392554 -0.175809 -0.902769 3.680925 -0.028038 0.978817 -0.202810 82.710838 0.919301 0.104925 0.379309 -0.425776 0.000000 0.000000 0.000000 1.000000
0.392691 -0.174920 -0.902883 3.705420 -0.028368 0.978975 -0.202000 82.693619 0.919233 0.104936 0.379472 -0.423049 0.000000 0.000000 0.000000 1.000000
0.393335 -0.174163 -0.902749 3.709485 -0.028463 0.979117 -0.201297 82.658310 0.918955 0.104872 0.380163 -0.432822 0.000000 0.000000 0.000000 1.000000
0.394215 -0.173506 -0.902491 3.698116 -0.028594 0.979225 -0.200748 82.620422 0.918573 0.104944 0.381064 -0.448374 0.000000 0.000000 0.000000 1.000000
0.394569 -0.172880 -0.902456 3.688956 -0.028827 0.979329 -0.200210 82.571625 0.918414 0.105012 0.381430 -0.473570 0.000000 0.000000 0.000000 1.000000
0.395407 -0.171994 -0.902259 3.683976 -0.029232 0.979457 -0.199521 82.530769 0.918041 0.105267 0.382257 -0.500790 0.000000 0.000000 0.000000 1.000000
0.395569 -0.171303 -0.902319 3.676709 -0.029751 0.979546 -0.199008 82.509827 0.917954 0.105566 0.382382 -0.531942 0.000000 0.000000 0.000000 1.000000
0.394949 -0.171320 -0.902588 3.676461 -0.030682 0.979451 -0.199335 82.510178 0.918191 0.106421 0.381576 -0.563275 0.000000 0.000000 0.000000 1.000000
0.394874 -0.171379 -0.902609 3.682017 -0.030851 0.979420 -0.199460 82.520775 0.918217 0.106608 0.381460 -0.592365 0.000000 0.000000 0.000000 1.000000
0.395183 -0.171906 -0.902374 3.691751 -0.030829 0.979298 -0.200061 82.557091 0.918085 0.106880 0.381702 -0.616524 0.000000 0.000000 0.000000 1.000000
0.395311 -0.172090 -0.902283 3.707310 -0.030557 0.979286 -0.200164 82.595291 0.918039 0.106698 0.381864 -0.640595 0.000000 0.000000 0.000000 1.000000
0.395206 -0.172181 -0.902311 3.719028 -0.030226 0.979307 -0.200112 82.628052 0.918095 0.106359 0.381824 -0.659889 0.000000 0.000000 0.000000 1.000000
0.394799 -0.172685 -0.902393 3.724948 -0.030072 0.979223 -0.200544 82.660835 0.918275 0.106311 0.381403 -0.676364 0.000000 0.000000 0.000000 1.000000
0.394180 -0.172392 -0.902720 3.727151 -0.030243 0.979284 -0.200219 82.684372 0.918535 0.106223 0.380801 -0.692313 0.000000 0.000000 0.000000 1.000000
0.393879 -0.172565 -0.902818 3.733835 -0.029636 0.979324 -0.200118 82.696167 0.918684 0.105578 0.380621 -0.712106 0.000000 0.000000 0.000000 1.000000
0.393401 -0.172884 -0.902966 3.726166 -0.029220 0.979313 -0.200232 82.704033 0.918903 0.105156 0.380211 -0.736016 0.000000 0.000000 0.000000 1.000000
0.393077 -0.172659 -0.903150 3.703090 -0.028805 0.979418 -0.199777 82.718872 0.919054 0.104543 0.380014 -0.763059 0.000000 0.000000 0.000000 1.000000
0.392357 -0.171943 -0.903599 3.678711 -0.028775 0.979597 -0.198899 82.726639 0.919363 0.104040 0.379405 -0.782389 0.000000 0.000000 0.000000 1.000000
0.391123 -0.171499 -0.904218 3.639137 -0.028955 0.979705 -0.198341 82.749420 0.919883 0.103758 0.378219 -0.801477 0.000000 0.000000 0.000000 1.000000
0.389656 -0.171144 -0.904919 3.599015 -0.029321 0.979778 -0.197927 82.773849 0.920493 0.103657 0.376759 -0.829929 0.000000 0.000000 0.000000 1.000000
0.388937 -0.171066 -0.905243 3.555676 -0.029297 0.979816 -0.197745 82.812134 0.920798 0.103431 0.376075 -0.838856 0.000000 0.000000 0.000000 1.000000
0.388471 -0.170754 -0.905502 3.516446 -0.028862 0.979943 -0.197174 82.845139 0.921009 0.102731 0.375751 -0.853108 0.000000 0.000000 0.000000 1.000000
0.387962 -0.170402 -0.905786 3.473040 -0.028913 0.980027 -0.196752 82.871346 0.921222 0.102521 0.375286 -0.876626 0.000000 0.000000 0.000000 1.000000
0.387362 -0.169678 -0.906179 3.422905 -0.029151 0.980172 -0.195994 82.893341 0.921467 0.102337 0.374735 -0.908352 0.000000 0.000000 0.000000 1.000000
0.388542 -0.169479 -0.905711 3.376602 -0.029341 0.980165 -0.195998 82.900757 0.920964 0.102728 0.375862 -0.946420 0.000000 0.000000 0.000000 1.000000
0.389592 -0.169536 -0.905249 3.337413 -0.029395 0.980121 -0.196209 82.892914 0.920518 0.103051 0.376864 -0.985741 0.000000 0.000000 0.000000 1.000000
0.389627 -0.169482 -0.905244 3.302036 -0.029603 0.980109 -0.196240 82.861229 0.920497 0.103258 0.376860 -0.997599 0.000000 0.000000 0.000000 1.000000
0.389930 -0.169603 -0.905091 3.269694 -0.029395 0.980099 -0.196323 82.809616 0.920375 0.103158 0.377184 -0.980482 0.000000 0.000000 0.000000 1.000000
0.390305 -0.169797 -0.904893 3.238252 -0.029010 0.980091 -0.196420 82.748032 0.920229 0.102914 0.377608 -0.943851 0.000000 0.000000 0.000000 1.000000
0.390735 -0.170046 -0.904661 3.207473 -0.028490 0.980084 -0.196528 82.673691 0.920062 0.102564 0.378108 -0.895334 0.000000 0.000000 0.000000 1.000000
0.391202 -0.170333 -0.904405 3.177170 -0.027879 0.980079 -0.196644 82.594498 0.919883 0.102141 0.378660 -0.837959 0.000000 0.000000 0.000000 1.000000
0.391688 -0.170641 -0.904136 3.147069 -0.027217 0.980073 -0.196764 82.519737 0.919695 0.101678 0.379239 -0.774241 0.000000 0.000000 0.000000 1.000000
0.392176 -0.170952 -0.903866 3.116900 -0.026546 0.980068 -0.196883 82.458870 0.919507 0.101207 0.379821 -0.706738 0.000000 0.000000 0.000000 1.000000
0.392646 -0.171252 -0.903605 3.086529 -0.025906 0.980061 -0.196999 82.424042 0.919325 0.100759 0.380381 -0.629615 0.000000 0.000000 0.000000 1.000000
0.393081 -0.171524 -0.903364 3.056212 -0.025333 0.980054 -0.197109 82.465645 0.919155 0.100365 0.380896 -0.581899 0.000000 0.000000 0.000000 1.000000</float_array><technique_common><accessor source="#Hips-Matrix-animation-output-transform-array" count="43" stride="16"><param type="float4x4"/></accessor></technique_common></source><source id="Hips-Interpolations"><Name_array id="Hips-Interpolations-array" count="43">
 LINEAR LINEAR LINEAR LINEAR LINEAR LINEAR LINEAR LINEAR LINEAR LINEAR LINEAR
LINEAR LINEAR LINEAR LINEAR LINEAR LINEAR LINEAR LINEAR LINEAR LINEAR LINEAR LINEAR
LINEAR LINEAR LINEAR LINEAR LINEAR LINEAR LINEAR LINEAR LINEAR LINEAR LINEAR LINEAR
LINEAR LINEAR LINEAR LINEAR LINEAR LINEAR LINEAR LINEAR</Name_array><technique_common><accessor source="#Hips-Interpolations-array" count="43"><param type="name"/></accessor></technique_common></source><sampler id="Hips-Matrix-animation-transform"><input semantic="INPUT" source="#Hips-Matrix-animation-input"/><input semantic="OUTPUT" source="#Hips-Matrix-animation-output-transform"/><input semantic="INTERPOLATION" source="#Hips-Interpolations"/></sampler><channel source="#Hips-Matrix-animation-transform" target="Hips/matrix"/></animation>
    <animation id="Spine-anim" name="Spine"><source id="Spine-Matrix-animation-input"><float_array id="Spine-Matrix-animation-input-array" count="43">

0.000000 0.033333 0.066667 0.100000 0.133333 0.166667 0.200000 0.233333 0.266667 0.300000 0.333333 0.366667 0.400000 0.433333 0.466667 0.500000
0.533333 0.566667 0.600000 0.633333 0.666667 0.700000 0.733333 0.766667 0.800000 0.833333 0.866667 0.900000 0.933333 0.966667 1.000000 1.033333
1.066667 1.100000 1.133333 1.166667 1.200000 1.233333 1.266667 1.300000 1.333333 1.366667 1.400000</float_array><technique_common><accessor source="#Spine-Matrix-animation-input-array" count="43"><param name="TIME" type="float"/></accessor></technique_common></source><source id="Spine-Matrix-animation-output-transform"><float_array id="Spine-Matrix-animation-output-transform-array" count="688">

0.951163 0.176190 0.253470 -0.140700 -0.145889 0.980199 -0.133891 10.091100 -0.272041 0.090374 0.958032 -0.967100 0.000000 0.000000 0.000000 1.000000
0.951102 0.176242 0.253662 -0.140700 -0.145937 0.980198 -0.133843 10.091100 -0.272228 0.090280 0.957988 -0.967100 0.000000 0.000000 0.000000 1.000000
0.950733 0.176577 0.254808 -0.140700 -0.146354 0.980223 -0.133207 10.091100 -0.273290 0.089352 0.957773 -0.967100 0.000000 0.000000 0.000000 1.000000
0.950481 0.176790 0.255601 -0.140700 -0.146470 0.980193 -0.133299 10.091100 -0.274104 0.089260 0.957549 -0.967100 0.000000 0.000000 0.000000 1.000000
0.950324 0.177342 0.255800 -0.140700 -0.146874 0.980063 -0.133808 10.091100 -0.274430 0.089591 0.957424 -0.967100 0.000000 0.000000 0.000000 1.000000
0.950061 0.177715 0.256519 -0.140700 -0.146996 0.979952 -0.134483 10.091100 -0.275276 0.090059 0.957138 -0.967100 0.000000 0.000000 0.000000 1.000000
0.949892 0.178163 0.256833 -0.140700 -0.147300 0.979846 -0.134925 10.091100 -0.275695 0.090333 0.956991 -0.967100 0.000000 0.000000 0.000000 1.000000
0.949946 0.178683 0.256271 -0.140700 -0.147858 0.979746 -0.135040 10.091100 -0.275210 0.090389 0.957126 -0.967100 0.000000 0.000000 0.000000 1.000000
0.950167 0.178774 0.255387 -0.140700 -0.147921 0.979680 -0.135449 10.091100 -0.274412 0.090922 0.957304 -0.967100 0.000000 0.000000 0.000000 1.000000
0.950327 0.179477 0.254295 -0.140700 -0.148524 0.979478 -0.136247 10.091100 -0.273530 0.091710 0.957481 -0.967100 0.000000 0.000000 0.000000 1.000000
0.950238 0.180051 0.254224 -0.140700 -0.149037 0.979358 -0.136550 10.091100 -0.273562 0.091866 0.957457 -0.967100 0.000000 0.000000 0.000000 1.000000
0.950238 0.180423 0.253960 -0.140700 -0.149442 0.979294 -0.136565 10.091100 -0.273341 0.091817 0.957525 -0.967100 0.000000 0.000000 0.000000 1.000000
0.950128 0.180844 0.254070 -0.140700 -0.149896 0.979240 -0.136455 10.091100 -0.273473 0.091566 0.957512 -0.967100 0.000000 0.000000 0.000000 1.000000
0.950480 0.180956 0.252671 -0.140700 -0.150168 0.979208 -0.136388 10.091100 -0.272098 0.091691 0.957891 -0.967100 0.000000 0.000000 0.000000 1.000000
0.950152 0.181009 0.253865 -0.140700 -0.150122 0.979223 -0.136331 10.091100 -0.273267 0.091424 0.957584 -0.967100 0.000000 0.000000 0.000000 1.000000
0.949988 0.180793 0.254630 -0.140700 -0.150129 0.979370 -0.135264 10.091100 -0.273832 0.090272 0.957532 -0.967100 0.000000 0.000000 0.000000 1.000000
0.950112 0.180754 0.254195 -0.140700 -0.150310 0.979428 -0.134639 10.091100 -0.273302 0.089714 0.957736 -0.967100 0.000000 0.000000 0.000000 1.000000
0.950356 0.180319 0.253592 -0.140700 -0.150215 0.979585 -0.133600 10.091100 -0.272505 0.088875 0.958041 -0.967100 0.000000 0.000000 0.000000 1.000000
0.950553 0.180189 0.252943 -0.140700 -0.150207 0.979616 -0.133377 10.091100 -0.271820 0.088788 0.958243 -0.967100 0.000000 0.000000 0.000000 1.000000
0.950841 0.180291 0.251788 -0.140700 -0.150448 0.979592 -0.133284 10.091100 -0.270679 0.088851 0.958561 -0.967100 0.000000 0.000000 0.000000 1.000000
0.950837 0.179868 0.252106 -0.140700 -0.150283 0.979762 -0.132219 10.091100 -0.270786 0.087831 0.958624 -0.967100 0.000000 0.000000 0.000000 1.000000
0.950870 0.179222 0.252438 -0.140700 -0.149661 0.979893 -0.131952 10.091100 -0.271011 0.087689 0.958574 -0.967100 0.000000 0.000000 0.000000 1.000000
0.951007 0.178912 0.252144 -0.140700 -0.149462 0.979967 -0.131626 10.091100 -0.270642 0.087492 0.958696 -0.967100 0.000000 0.000000 0.000000 1.000000
0.950936 0.178686 0.252572 -0.140700 -0.149425 0.980085 -0.130791 10.091100 -0.270912 0.086633 0.958698 -0.967100 0.000000 0.000000 0.000000 1.000000
0.950963 0.178155 0.252845 -0.140700 -0.149015 0.980224 -0.130216 10.091100 -0.271044 0.086153 0.958704 -0.967100 0.000000 0.000000 0.000000 1.000000
0.950953 0.177418 0.253400 -0.140700 -0.148242 0.980359 -0.130081 10.091100 -0.271502 0.086137 0.958576 -0.967100 0.000000 0.000000 0.000000 1.000000
0.950934 0.176909 0.253825 -0.140700 -0.147800 0.980483 -0.129646 10.091100 -0.271807 0.085770 0.958522 -0.967100 0.000000 0.000000 0.000000 1.000000
0.950895 0.176720 0.254103 -0.140700 -0.147703 0.980555 -0.129215 10.091100 -0.271997 0.085338 0.958507 -0.967100 0.000000 0.000000 0.000000 1.000000
0.950897 0.175840 0.254706 -0.140700 -0.146996 0.980779 -0.128312 10.091100 -0.272372 0.084570 0.958468 -0.967100 0.000000 0.000000 0.000000 1.000000
0.951235 0.175532 0.253654 -0.140700 -0.146780 0.980814 -0.128293 10.091100 -0.271307 0.084806 0.958749 -0.967100 0.000000 0.000000 0.000000 1.000000
0.951392 0.175275 0.253244 -0.140700 -0.146634 0.980874 -0.128005 10.091100 -0.270836 0.084649 0.958896 -0.967100 0.000000 0.000000 0.000000 1.000000
0.951445 0.174976 0.253253 -0.140700 -0.146303 0.980913 -0.128079 10.091100 -0.270830 0.084809 0.958884 -0.967100 0.000000 0.000000 0.000000 1.000000
0.951532 0.174141 0.253498 -0.140700 -0.145535 0.981080 -0.127674 10.091100 -0.270935 0.084593 0.958873 -0.967100 0.000000 0.000000 0.000000 1.000000
0.951738 0.174009 0.252814 -0.140700 -0.145443 0.981085 -0.127741 10.091100 -0.270260 0.084806 0.959045 -0.967100 0.000000 0.000000 0.000000 1.000000
0.951698 0.173959 0.253002 -0.140700 -0.145189 0.981038 -0.128394 10.091100 -0.270540 0.085460 0.958908 -0.967100 0.000000 0.000000 0.000000 1.000000
0.951943 0.174243 0.251882 -0.140700 -0.145473 0.980943 -0.128794 10.091100 -0.269523 0.085963 0.959149 -0.967100 0.000000 0.000000 0.000000 1.000000
0.951975 0.174134 0.251836 -0.140700 -0.145148 0.980890 -0.129563 10.091100 -0.269585 0.086787 0.959058 -0.967100 0.000000 0.000000 0.000000 1.000000
0.952403 0.174255 0.250128 -0.140700 -0.145356 0.980823 -0.129840 10.091100 -0.267956 0.087302 0.959467 -0.967100 0.000000 0.000000 0.000000 1.000000
0.952362 0.174965 0.249787 -0.140700 -0.146043 0.980685 -0.130108 10.091100 -0.267726 0.087430 0.959520 -0.967100 0.000000 0.000000 0.000000 1.000000
0.952297 0.175704 0.249517 -0.140700 -0.146437 0.980439 -0.131515 10.091100 -0.267744 0.088703 0.959398 -0.967100 0.000000 0.000000 0.000000 1.000000
0.952129 0.176544 0.249564 -0.140700 -0.147058 0.980230 -0.132372 10.091100 -0.267999 0.089335 0.959268 -0.967100 0.000000 0.000000 0.000000 1.000000
0.951472 0.175964 0.252462 -0.140700 -0.145948 0.980284 -0.133202 10.091100 -0.270923 0.089892 0.958395 -0.967100 0.000000 0.000000 0.000000 1.000000
0.951163 0.176190 0.253470 -0.140700 -0.145889 0.980199 -0.133891 10.091100 -0.272041 0.090374 0.958032 -0.967100 0.000000 0.000000 0.000000 1.000000</float_array><technique_common><accessor source="#Spine-Matrix-animation-output-transform-array" count="43" stride="16"><param type="float4x4"/></accessor></technique_common></source><source id="Spine-Interpolations"><Name_array id="Spine-Interpolations-array" count="43">
 LINEAR LINEAR LINEAR LINEAR LINEAR LINEAR LINEAR LINEAR LINEAR LINEAR LINEAR
LINEAR LINEAR LINEAR LINEAR LINEAR LINEAR LINEAR LINEAR LINEAR LINEAR LINEAR LINEAR
LINEAR LINEAR LINEAR LINEAR LINEAR LINEAR LINEAR LINEAR LINEAR LINEAR LINEAR LINEAR
LINEAR LINEAR LINEAR LINEAR LINEAR LINEAR LINEAR LINEAR</Name_array><technique_common><accessor source="#Spine-Interpolations-array" count="43"><param type="name"/></accessor></technique_common></source><sampler id="Spine-Matrix-animation-transform"><input semantic="INPUT" source="#Spine-Matrix-animation-input"/><input semantic="OUTPUT" source="#Spine-Matrix-animation-output-transform"/><input semantic="INTERPOLATION" source="#Spine-Interpolations"/></sampler><channel source="#Spine-Matrix-animation-transform" target="Spine/matrix"/></animation>
    <animation id="Spine1-anim" name="Spine1"><source id="Spine1-Matrix-animation-input"><float_array id="Spine1-Matrix-animation-input-array" count="43">

0.000000 0.033333 0.066667 0.100000 0.133333 0.166667 0.200000 0.233333 0.266667 0.300000 0.333333 0.366667 0.400000 0.433333 0.466667 0.500000
0.533333 0.566667 0.600000 0.633333 0.666667 0.700000 0.733333 0.766667 0.800000 0.833333 0.866667 0.900000 0.933333 0.966667 1.000000 1.033333
1.066667 1.100000 1.133333 1.166667 1.200000 1.233333 1.266667 1.300000 1.333333 1.366667 1.400000</float_array><technique_common><accessor source="#Spine1-Matrix-animation-input-array" count="43"><param name="TIME" type="float"/></accessor></technique_common></source><source id="Spine1-Matrix-animation-output-transform"><float_array id="Spine1-Matrix-animation-output-transform-array" count="688">

0.999086 0.040171 0.014579 -0.165800 -0.037963 0.990935 -0.128868 11.772900 -0.019623 0.128196 0.991555 -1.128300 0.000000 0.000000 0.000000 1.000000
0.999085 0.040182 0.014622 -0.165800 -0.037968 0.990934 -0.128869 11.772900 -0.019668 0.128196 0.991554 -1.128300 0.000000 0.000000 0.000000 1.000000
0.999079 0.040249 0.014904 -0.165800 -0.037998 0.990932 -0.128880 11.772900 -0.019956 0.128195 0.991548 -1.128300 0.000000 0.000000 0.000000 1.000000
0.999073 0.040299 0.015114 -0.165800 -0.038021 0.990930 -0.128889 11.772900 -0.020171 0.128195 0.991544 -1.128300 0.000000 0.000000 0.000000 1.000000
0.999072 0.040312 0.015169 -0.165800 -0.038026 0.990929 -0.128891 11.772900 -0.020227 0.128195 0.991543 -1.128300 0.000000 0.000000 0.000000 1.000000
0.999067 0.040358 0.015363 -0.165800 -0.038047 0.990928 -0.128899 11.772900 -0.020426 0.128194 0.991539 -1.128300 0.000000 0.000000 0.000000 1.000000
0.999067 0.040356 0.015354 -0.165800 -0.038046 0.990928 -0.128898 11.772900 -0.020417 0.128194 0.991539 -1.128300 0.000000 0.000000 0.000000 1.000000
0.999066 0.040407 0.015306 -0.165800 -0.038103 0.990926 -0.128898 11.772900 -0.020376 0.128194 0.991540 -1.128300 0.000000 0.000000 0.000000 1.000000
0.999060 0.040637 0.015062 -0.165800 -0.038363 0.990916 -0.128895 11.772900 -0.020163 0.128196 0.991544 -1.128300 0.000000 0.000000 0.000000 1.000000
0.999057 0.040808 0.014849 -0.165800 -0.038559 0.990909 -0.128892 11.772900 -0.019973 0.128197 0.991548 -1.128300 0.000000 0.000000 0.000000 1.000000
0.999049 0.041004 0.014809 -0.165800 -0.038759 0.990901 -0.128895 11.772900 -0.019960 0.128198 0.991548 -1.128300 0.000000 0.000000 0.000000 1.000000
0.999043 0.041170 0.014800 -0.165800 -0.038924 0.990894 -0.128898 11.772900 -0.019972 0.128199 0.991547 -1.128300 0.000000 0.000000 0.000000 1.000000
0.999040 0.041263 0.014691 -0.165800 -0.039031 0.990890 -0.128897 11.772900 -0.019876 0.128200 0.991549 -1.128300 0.000000 0.000000 0.000000 1.000000
0.999046 0.041261 0.014296 -0.165800 -0.039079 0.990890 -0.128883 11.772900 -0.019484 0.128201 0.991557 -1.128300 0.000000 0.000000 0.000000 1.000000
0.999036 0.041394 0.014603 -0.165800 -0.039173 0.990884 -0.128897 11.772900 -0.019806 0.128200 0.991551 -1.128300 0.000000 0.000000 0.000000 1.000000
0.999031 0.041452 0.014786 -0.165800 -0.039206 0.990882 -0.128904 11.772900 -0.019994 0.128200 0.991547 -1.128300 0.000000 0.000000 0.000000 1.000000
0.999034 0.041434 0.014653 -0.165800 -0.039205 0.990882 -0.128899 11.772900 -0.019860 0.128200 0.991549 -1.128300 0.000000 0.000000 0.000000 1.000000
0.999036 0.041449 0.014473 -0.165800 -0.039243 0.990882 -0.128893 11.772900 -0.019683 0.128201 0.991553 -1.128300 0.000000 0.000000 0.000000 1.000000
0.999034 0.041564 0.014262 -0.165800 -0.039384 0.990877 -0.128889 11.772900 -0.019489 0.128202 0.991557 -1.128300 0.000000 0.000000 0.000000 1.000000
0.999035 0.041671 0.013895 -0.165800 -0.039538 0.990873 -0.128866 11.772900 -0.019138 0.128193 0.991565 -1.128300 0.000000 0.000000 0.000000 1.000000
0.999038 0.041616 0.013815 -0.165800 -0.039495 0.990881 -0.128820 11.772900 -0.019050 0.128151 0.991572 -1.128300 0.000000 0.000000 0.000000 1.000000
0.999044 0.041477 0.013818 -0.165800 -0.039357 0.990892 -0.128776 11.772900 -0.019033 0.128109 0.991577 -1.128300 0.000000 0.000000 0.000000 1.000000
0.999046 0.041409 0.013842 -0.165800 -0.039288 0.990900 -0.128735 11.772900 -0.019047 0.128069 0.991582 -1.128300 0.000000 0.000000 0.000000 1.000000
0.999050 0.041312 0.013907 -0.165800 -0.039184 0.990910 -0.128692 11.772900 -0.019097 0.128024 0.991587 -1.128300 0.000000 0.000000 0.000000 1.000000
0.999053 0.041192 0.014018 -0.165800 -0.039052 0.990922 -0.128643 11.772900 -0.019190 0.127974 0.991592 -1.128300 0.000000 0.000000 0.000000 1.000000
0.999054 0.041086 0.014244 -0.165800 -0.038918 0.990933 -0.128599 11.772900 -0.019398 0.127923 0.991594 -1.128300 0.000000 0.000000 0.000000 1.000000
0.999054 0.041077 0.014309 -0.165800 -0.038902 0.990939 -0.128555 11.772900 -0.019460 0.127877 0.991599 -1.128300 0.000000 0.000000 0.000000 1.000000
0.999058 0.040930 0.014449 -0.165800 -0.038739 0.990949 -0.128531 11.772900 -0.019579 0.127850 0.991600 -1.128300 0.000000 0.000000 0.000000 1.000000
0.999065 0.040693 0.014601 -0.165800 -0.038484 0.990961 -0.128514 11.772900 -0.019699 0.127832 0.991600 -1.128300 0.000000 0.000000 0.000000 1.000000
0.999054 0.041076 0.014298 -0.165800 -0.038904 0.990947 -0.128493 11.772900 -0.019446 0.127815 0.991607 -1.128300 0.000000 0.000000 0.000000 1.000000
0.999052 0.041146 0.014224 -0.165800 -0.038984 0.990949 -0.128457 11.772900 -0.019380 0.127780 0.991613 -1.128300 0.000000 0.000000 0.000000 1.000000
0.999050 0.041217 0.014122 -0.165800 -0.039068 0.990954 -0.128386 11.772900 -0.019286 0.127713 0.991624 -1.128300 0.000000 0.000000 0.000000 1.000000
0.999070 0.040708 0.014240 -0.165800 -0.038553 0.991005 -0.128154 11.772900 -0.019329 0.127486 0.991652 -1.128300 0.000000 0.000000 0.000000 1.000000
0.999068 0.040804 0.014046 -0.165800 -0.038674 0.991003 -0.128129 11.772900 -0.019147 0.127466 0.991658 -1.128300 0.000000 0.000000 0.000000 1.000000
0.999072 0.040688 0.014124 -0.165800 -0.038541 0.990958 -0.128517 11.772900 -0.019225 0.127854 0.991607 -1.128300 0.000000 0.000000 0.000000 1.000000
0.999061 0.041084 0.013777 -0.165800 -0.038975 0.990924 -0.128647 11.772900 -0.018937 0.127989 0.991595 -1.128300 0.000000 0.000000 0.000000 1.000000
0.999061 0.041084 0.013789 -0.165800 -0.038973 0.990913 -0.128733 11.772900 -0.018953 0.128075 0.991583 -1.128300 0.000000 0.000000 0.000000 1.000000
0.999049 0.041524 0.013265 -0.165800 -0.039475 0.990887 -0.128785 11.772900 -0.018491 0.128139 0.991584 -1.128300 0.000000 0.000000 0.000000 1.000000
0.999045 0.041664 0.013180 -0.165800 -0.039624 0.990876 -0.128822 11.772900 -0.018427 0.128177 0.991580 -1.128300 0.000000 0.000000 0.000000 1.000000
0.999047 0.041626 0.013163 -0.165800 -0.039589 0.990882 -0.128783 11.772900 -0.018403 0.128139 0.991585 -1.128300 0.000000 0.000000 0.000000 1.000000
0.999045 0.041649 0.013218 -0.165800 -0.039603 0.990869 -0.128879 11.772900 -0.018465 0.128233 0.991572 -1.128300 0.000000 0.000000 0.000000 1.000000
0.999083 0.040385 0.014232 -0.165800 -0.038226 0.990969 -0.128528 11.772900 -0.019294 0.127866 0.991604 -1.128300 0.000000 0.000000 0.000000 1.000000
0.999087 0.040165 0.014570 -0.165800 -0.037963 0.990974 -0.128569 11.772900 -0.019603 0.127899 0.991593 -1.128300 0.000000 0.000000 0.000000 1.000000</float_array><technique_common><accessor source="#Spine1-Matrix-animation-output-transform-array" count="43" stride="16"><param type="float4x4"/></accessor></technique_common></source><source id="Spine1-Interpolations"><Name_array id="Spine1-Interpolations-array" count="43">
 LINEAR LINEAR LINEAR LINEAR LINEAR LINEAR LINEAR LINEAR LINEAR LINEAR LINEAR
LINEAR LINEAR LINEAR LINEAR LINEAR LINEAR LINEAR LINEAR LINEAR LINEAR LINEAR LINEAR
LINEAR LINEAR LINEAR LINEAR LINEAR LINEAR LINEAR LINEAR LINEAR LINEAR LINEAR LINEAR
LINEAR LINEAR LINEAR LINEAR LINEAR LINEAR LINEAR LINEAR</Name_array><technique_common><accessor source="#Spine1-Interpolations-array" count="43"><param type="name"/></accessor></technique_common></source><sampler id="Spine1-Matrix-animation-transform"><input semantic="INPUT" source="#Spine1-Matrix-animation-input"/><input semantic="OUTPUT" source="#Spine1-Matrix-animation-output-transform"/><input semantic="INTERPOLATION" source="#Spine1-Interpolations"/></sampler><channel source="#Spine1-Matrix-animation-transform" target="Spine1/matrix"/></animation>
    <animation id="Spine2-anim" name="Spine2"><source id="Spine2-Matrix-animation-input"><float_array id="Spine2-Matrix-animation-input-array" count="43">

0.000000 0.033333 0.066667 0.100000 0.133333 0.166667 0.200000 0.233333 0.266667 0.300000 0.333333 0.366667 0.400000 0.433333 0.466667 0.500000
0.533333 0.566667 0.600000 0.633333 0.666667 0.700000 0.733333 0.766667 0.800000 0.833333 0.866667 0.900000 0.933333 0.966667 1.000000 1.033333
1.066667 1.100000 1.133333 1.166667 1.200000 1.233333 1.266667 1.300000 1.333333 1.366667 1.400000</float_array><technique_common><accessor source="#Spine2-Matrix-animation-input-array" count="43"><param name="TIME" type="float"/></accessor></technique_common></source><source id="Spine2-Matrix-animation-output-transform"><float_array id="Spine2-Matrix-animation-output-transform-array" count="688">

0.979356 -0.109340 -0.170017 -0.189400 0.105158 0.993893 -0.033436 13.454700 0.172635 0.014867 0.984874 -1.289500 0.000000 0.000000 0.000000 1.000000
0.979365 -0.109334 -0.169972 -0.189400 0.105154 0.993894 -0.033431 13.454700 0.172589 0.014868 0.984882 -1.289500 0.000000 0.000000 0.000000 1.000000
0.979418 -0.109300 -0.169688 -0.189400 0.105129 0.993898 -0.033401 13.454700 0.172303 0.014875 0.984932 -1.289500 0.000000 0.000000 0.000000 1.000000
0.979458 -0.109274 -0.169476 -0.189400 0.105110 0.993900 -0.033379 13.454700 0.172090 0.014880 0.984969 -1.289500 0.000000 0.000000 0.000000 1.000000
0.979467 -0.109267 -0.169423 -0.189400 0.105105 0.993901 -0.033373 13.454700 0.172036 0.014881 0.984978 -1.289500 0.000000 0.000000 0.000000 1.000000
0.979503 -0.109244 -0.169232 -0.189400 0.105088 0.993903 -0.033353 13.454700 0.171844 0.014885 0.985012 -1.289500 0.000000 0.000000 0.000000 1.000000
0.979500 -0.109246 -0.169250 -0.189400 0.105089 0.993903 -0.033355 13.454700 0.171862 0.014885 0.985009 -1.289500 0.000000 0.000000 0.000000 1.000000
0.979498 -0.109185 -0.169298 -0.189400 0.105028 0.993910 -0.033348 13.454700 0.171909 0.014883 0.985000 -1.289500 0.000000 0.000000 0.000000 1.000000
0.979490 -0.108925 -0.169511 -0.189400 0.104766 0.993939 -0.033318 13.454700 0.172112 0.014876 0.984965 -1.289500 0.000000 0.000000 0.000000 1.000000
0.979475 -0.108783 -0.169689 -0.189400 0.104621 0.993954 -0.033307 13.454700 0.172286 0.014870 0.984935 -1.289500 0.000000 0.000000 0.000000 1.000000
0.979492 -0.108607 -0.169703 -0.189400 0.104447 0.993974 -0.033276 13.454700 0.172295 0.014868 0.984933 -1.289500 0.000000 0.000000 0.000000 1.000000
0.979512 -0.108437 -0.169698 -0.189400 0.104280 0.993992 -0.033244 13.454700 0.172283 0.014867 0.984935 -1.289500 0.000000 0.000000 0.000000 1.000000
0.979509 -0.108293 -0.169807 -0.189400 0.104136 0.994008 -0.033227 13.454700 0.172388 0.014863 0.984917 -1.289500 0.000000 0.000000 0.000000 1.000000
0.979446 -0.108240 -0.170206 -0.189400 0.104072 0.994014 -0.033250 13.454700 0.172786 0.014853 0.984847 -1.289500 0.000000 0.000000 0.000000 1.000000
0.979510 -0.108153 -0.169890 -0.189400 0.104001 0.994024 -0.033182 13.454700 0.172463 0.014833 0.984904 -1.289500 0.000000 0.000000 0.000000 1.000000
0.979547 -0.108108 -0.169704 -0.189400 0.103975 0.994030 -0.033083 13.454700 0.172267 0.014761 0.984940 -1.289500 0.000000 0.000000 0.000000 1.000000
0.979526 -0.108100 -0.169833 -0.189400 0.103975 0.994032 -0.033022 13.454700 0.172389 0.014687 0.984919 -1.289500 0.000000 0.000000 0.000000 1.000000
0.979503 -0.108048 -0.169997 -0.189400 0.103940 0.994039 -0.032912 13.454700 0.172540 0.014568 0.984895 -1.289500 0.000000 0.000000 0.000000 1.000000
0.979484 -0.107904 -0.170196 -0.189400 0.103808 0.994056 -0.032813 13.454700 0.172725 0.014472 0.984864 -1.289500 0.000000 0.000000 0.000000 1.000000
0.979439 -0.107769 -0.170545 -0.189400 0.103671 0.994071 -0.032781 13.454700 0.173066 0.014427 0.984804 -1.289500 0.000000 0.000000 0.000000 1.000000
0.979418 -0.107812 -0.170635 -0.189400 0.103714 0.994067 -0.032774 13.454700 0.173156 0.014402 0.984789 -1.289500 0.000000 0.000000 0.000000 1.000000
0.979399 -0.107954 -0.170655 -0.189400 0.103857 0.994052 -0.032784 13.454700 0.173179 0.014384 0.984785 -1.289500 0.000000 0.000000 0.000000 1.000000
0.979393 -0.108026 -0.170648 -0.189400 0.103931 0.994044 -0.032774 13.454700 0.173172 0.014363 0.984787 -1.289500 0.000000 0.000000 0.000000 1.000000
0.979391 -0.108121 -0.170599 -0.189400 0.104030 0.994034 -0.032769 13.454700 0.173124 0.014346 0.984795 -1.289500 0.000000 0.000000 0.000000 1.000000
0.979395 -0.108253 -0.170492 -0.189400 0.104164 0.994020 -0.032779 13.454700 0.173021 0.014344 0.984814 -1.289500 0.000000 0.000000 0.000000 1.000000
0.979419 -0.108383 -0.170271 -0.189400 0.104298 0.994006 -0.032785 13.454700 0.172804 0.014352 0.984852 -1.289500 0.000000 0.000000 0.000000 1.000000
0.979428 -0.108397 -0.170207 -0.189400 0.104313 0.994004 -0.032785 13.454700 0.172740 0.014356 0.984863 -1.289500 0.000000 0.000000 0.000000 1.000000
0.979432 -0.108558 -0.170082 -0.189400 0.104475 0.993986 -0.032801 13.454700 0.172620 0.014358 0.984884 -1.289500 0.000000 0.000000 0.000000 1.000000
0.979425 -0.108810 -0.169960 -0.189400 0.104728 0.993959 -0.032825 13.454700 0.172505 0.014350 0.984904 -1.289500 0.000000 0.000000 0.000000 1.000000
0.979428 -0.108397 -0.170209 -0.189400 0.104321 0.994005 -0.032741 13.454700 0.172738 0.014311 0.984864 -1.289500 0.000000 0.000000 0.000000 1.000000
0.979426 -0.108318 -0.170273 -0.189400 0.104250 0.994014 -0.032680 13.454700 0.172793 0.014257 0.984855 -1.289500 0.000000 0.000000 0.000000 1.000000
0.979419 -0.108240 -0.170361 -0.189400 0.104186 0.994024 -0.032585 13.454700 0.172870 0.014165 0.984843 -1.289500 0.000000 0.000000 0.000000 1.000000
0.979372 -0.108758 -0.170300 -0.189400 0.104734 0.993970 -0.032462 13.454700 0.172803 0.013956 0.984857 -1.289500 0.000000 0.000000 0.000000 1.000000
0.979354 -0.108643 -0.170475 -0.189400 0.104621 0.993983 -0.032427 13.454700 0.172973 0.013923 0.984828 -1.289500 0.000000 0.000000 0.000000 1.000000
0.979353 -0.108766 -0.170402 -0.189400 0.104686 0.993965 -0.032774 13.454700 0.172939 0.014259 0.984829 -1.289500 0.000000 0.000000 0.000000 1.000000
0.979349 -0.108336 -0.170699 -0.189400 0.104244 0.994011 -0.032780 13.454700 0.173229 0.014309 0.984778 -1.289500 0.000000 0.000000 0.000000 1.000000
0.979351 -0.108337 -0.170692 -0.189400 0.104245 0.994011 -0.032779 13.454700 0.173221 0.014309 0.984779 -1.289500 0.000000 0.000000 0.000000 1.000000
0.979324 -0.107847 -0.171152 -0.189400 0.103753 0.994065 -0.032711 13.454700 0.173664 0.014277 0.984701 -1.289500 0.000000 0.000000 0.000000 1.000000
0.979329 -0.107702 -0.171218 -0.189400 0.103609 0.994081 -0.032694 13.454700 0.173725 0.014279 0.984691 -1.289500 0.000000 0.000000 0.000000 1.000000
0.979321 -0.107735 -0.171239 -0.189400 0.103629 0.994076 -0.032765 13.454700 0.173755 0.014342 0.984684 -1.289500 0.000000 0.000000 0.000000 1.000000
0.979333 -0.107717 -0.171184 -0.189400 0.103557 0.994074 -0.033072 13.454700 0.173732 0.014661 0.984684 -1.289500 0.000000 0.000000 0.000000 1.000000
0.979331 -0.109074 -0.170333 -0.189400 0.104964 0.993929 -0.032974 13.454700 0.172896 0.014414 0.984835 -1.289500 0.000000 0.000000 0.000000 1.000000
0.979356 -0.109325 -0.170027 -0.189400 0.105208 0.993900 -0.033066 13.454700 0.172605 0.014495 0.984884 -1.289500 0.000000 0.000000 0.000000 1.000000</float_array><technique_common><accessor source="#Spine2-Matrix-animation-output-transform-array" count="43" stride="16"><param type="float4x4"/></accessor></technique_common></source><source id="Spine2-Interpolations"><Name_array id="Spine2-Interpolations-array" count="43">
 LINEAR LINEAR LINEAR LINEAR LINEAR LINEAR LINEAR LINEAR LINEAR LINEAR LINEAR
LINEAR LINEAR LINEAR LINEAR LINEAR LINEAR LINEAR LINEAR LINEAR LINEAR LINEAR LINEAR
LINEAR LINEAR LINEAR LINEAR LINEAR LINEAR LINEAR LINEAR LINEAR LINEAR LINEAR LINEAR
LINEAR LINEAR LINEAR LINEAR LINEAR LINEAR LINEAR LINEAR</Name_array><technique_common><accessor source="#Spine2-Interpolations-array" count="43"><param type="name"/></accessor></technique_common></source><sampler id="Spine2-Matrix-animation-transform"><input semantic="INPUT" source="#Spine2-Matrix-animation-input"/><input semantic="OUTPUT" source="#Spine2-Matrix-animation-output-transform"/><input semantic="INTERPOLATION" source="#Spine2-Interpolations"/></sampler><channel source="#Spine2-Matrix-animation-transform" target="Spine2/matrix"/></animation>
    <animation id="Neck-anim" name="Neck"><source id="Neck-Matrix-animation-input"><float_array id="Neck-Matrix-animation-input-array" count="43">

0.000000 0.033333 0.066667 0.100000 0.133333 0.166667 0.200000 0.233333 0.266667 0.300000 0.333333 0.366667 0.400000 0.433333 0.466667 0.500000
0.533333 0.566667 0.600000 0.633333 0.666667 0.700000 0.733333 0.766667 0.800000 0.833333 0.866667 0.900000 0.933333 0.966667 1.000000 1.033333
1.066667 1.100000 1.133333 1.166667 1.200000 1.233333 1.266667 1.300000 1.333333 1.366667 1.400000</float_array><technique_common><accessor source="#Neck-Matrix-animation-input-array" count="43"><param name="TIME" type="float"/></accessor></technique_common></source><source id="Neck-Matrix-animation-output-transform"><float_array id="Neck-Matrix-animation-output-transform-array" count="688">

0.930865 -0.086828 0.354896 -0.214000 0.116798 0.991100 -0.063870 19.080200 -0.346192 0.100905 0.932721 -1.450600 0.000000 0.000000 0.000000 1.000000
0.930700 -0.087427 0.355181 -0.214000 0.117011 0.991153 -0.062641 19.080200 -0.346562 0.099860 0.932696 -1.450600 0.000000 0.000000 0.000000 1.000000
0.930651 -0.087032 0.355408 -0.214000 0.116285 0.991294 -0.061751 19.080200 -0.346940 0.098797 0.932669 -1.450600 0.000000 0.000000 0.000000 1.000000
0.930537 -0.087343 0.355628 -0.214000 0.116186 0.991381 -0.060527 19.080200 -0.347277 0.097642 0.932665 -1.450600 0.000000 0.000000 0.000000 1.000000
0.930453 -0.087632 0.355779 -0.214000 0.116299 0.991403 -0.059960 19.080200 -0.347466 0.097167 0.932645 -1.450600 0.000000 0.000000 0.000000 1.000000
0.930454 -0.088023 0.355679 -0.214000 0.116499 0.991413 -0.059406 19.080200 -0.347396 0.096711 0.932718 -1.450600 0.000000 0.000000 0.000000 1.000000
0.930425 -0.089145 0.355475 -0.214000 0.117356 0.991362 -0.058560 19.080200 -0.347184 0.096203 0.932849 -1.450600 0.000000 0.000000 0.000000 1.000000
0.930401 -0.089298 0.355498 -0.214000 0.117548 0.991335 -0.058631 19.080200 -0.347182 0.096338 0.932836 -1.450600 0.000000 0.000000 0.000000 1.000000
0.930293 -0.090539 0.355467 -0.214000 0.118861 0.991179 -0.058614 19.080200 -0.347025 0.096779 0.932849 -1.450600 0.000000 0.000000 0.000000 1.000000
0.930223 -0.090862 0.355570 -0.214000 0.119220 0.991136 -0.058624 19.080200 -0.347091 0.096925 0.932809 -1.450600 0.000000 0.000000 0.000000 1.000000
0.930385 -0.091202 0.355057 -0.214000 0.119844 0.991009 -0.059480 19.080200 -0.346441 0.097891 0.932950 -1.450600 0.000000 0.000000 0.000000 1.000000
0.930440 -0.090751 0.355030 -0.214000 0.119649 0.990986 -0.060258 19.080200 -0.346362 0.098545 0.932911 -1.450600 0.000000 0.000000 0.000000 1.000000
0.930489 -0.090749 0.354902 -0.214000 0.120009 0.990880 -0.061271 19.080200 -0.346105 0.099603 0.932894 -1.450600 0.000000 0.000000 0.000000 1.000000
0.930360 -0.091141 0.355138 -0.214000 0.120513 0.990809 -0.061432 19.080200 -0.346275 0.099952 0.932793 -1.450600 0.000000 0.000000 0.000000 1.000000
0.930632 -0.090593 0.354565 -0.214000 0.120204 0.990789 -0.062350 19.080200 -0.345651 0.100645 0.932950 -1.450600 0.000000 0.000000 0.000000 1.000000
0.930718 -0.090570 0.354346 -0.214000 0.120299 0.990753 -0.062739 19.080200 -0.345387 0.101020 0.933008 -1.450600 0.000000 0.000000 0.000000 1.000000
0.930709 -0.090900 0.354284 -0.214000 0.120589 0.990727 -0.062596 19.080200 -0.345309 0.100982 0.933040 -1.450600 0.000000 0.000000 0.000000 1.000000
0.930678 -0.091584 0.354191 -0.214000 0.121151 0.990685 -0.062174 19.080200 -0.345197 0.100775 0.933104 -1.450600 0.000000 0.000000 0.000000 1.000000
0.930647 -0.091856 0.354201 -0.214000 0.121320 0.990685 -0.061846 19.080200 -0.345220 0.100529 0.933122 -1.450600 0.000000 0.000000 0.000000 1.000000
0.930355 -0.092161 0.354889 -0.214000 0.121513 0.990696 -0.061277 19.080200 -0.345940 0.100134 0.932898 -1.450600 0.000000 0.000000 0.000000 1.000000
0.930601 -0.091761 0.354347 -0.214000 0.121121 0.990729 -0.061534 19.080200 -0.345416 0.100182 0.933087 -1.450600 0.000000 0.000000 0.000000 1.000000
0.930572 -0.092368 0.354265 -0.214000 0.121722 0.990661 -0.061439 19.080200 -0.345281 0.100295 0.933125 -1.450600 0.000000 0.000000 0.000000 1.000000
0.930517 -0.092997 0.354245 -0.214000 0.122256 0.990617 -0.061080 19.080200 -0.345241 0.100145 0.933156 -1.450600 0.000000 0.000000 0.000000 1.000000
0.930435 -0.093763 0.354258 -0.214000 0.123145 0.990495 -0.061274 19.080200 -0.345146 0.100637 0.933138 -1.450600 0.000000 0.000000 0.000000 1.000000
0.930357 -0.093565 0.354516 -0.214000 0.123285 0.990424 -0.062141 19.080200 -0.345307 0.101520 0.932983 -1.450600 0.000000 0.000000 0.000000 1.000000
0.930277 -0.093274 0.354803 -0.214000 0.123121 0.990425 -0.062445 19.080200 -0.345581 0.101775 0.932854 -1.450600 0.000000 0.000000 0.000000 1.000000
0.930210 -0.092400 0.355206 -0.214000 0.122376 0.990494 -0.062821 19.080200 -0.346025 0.101905 0.932675 -1.450600 0.000000 0.000000 0.000000 1.000000
0.930150 -0.091754 0.355531 -0.214000 0.121860 0.990534 -0.063180 19.080200 -0.346368 0.102092 0.932527 -1.450600 0.000000 0.000000 0.000000 1.000000
0.930284 -0.090297 0.355553 -0.214000 0.120679 0.990615 -0.064170 19.080200 -0.346422 0.102604 0.932451 -1.450600 0.000000 0.000000 0.000000 1.000000
0.929970 -0.090813 0.356242 -0.214000 0.120679 0.990724 -0.062478 19.080200 -0.347263 0.101093 0.932303 -1.450600 0.000000 0.000000 0.000000 1.000000
0.929798 -0.090916 0.356664 -0.214000 0.120651 0.990758 -0.061978 19.080200 -0.347733 0.100659 0.932174 -1.450600 0.000000 0.000000 0.000000 1.000000
0.929903 -0.090990 0.356373 -0.214000 0.120806 0.990721 -0.062273 19.080200 -0.347400 0.100960 0.932266 -1.450600 0.000000 0.000000 0.000000 1.000000
0.930424 -0.088609 0.355612 -0.214000 0.119140 0.990757 -0.064848 19.080200 -0.346579 0.102704 0.932381 -1.450600 0.000000 0.000000 0.000000 1.000000
0.930420 -0.088509 0.355648 -0.214000 0.118794 0.990842 -0.064191 19.080200 -0.346709 0.101973 0.932413 -1.450600 0.000000 0.000000 0.000000 1.000000
0.930589 -0.088418 0.355227 -0.214000 0.118598 0.990874 -0.064057 19.080200 -0.346322 0.101740 0.932583 -1.450600 0.000000 0.000000 0.000000 1.000000
